26;16;6;18;18;26;4259309N;07036942W;0.0
26;16;6;18;19;27;4259306N;07036949W;0.2
26;16;6;18;20;27;4259315N;07036963W;0.9
26;16;6;18;21;28;4259305N;07036943W;0.3
26;16;6;18;22;29;4259308N;07036943W;0.2
26;16;6;18;23;30;4259309N;07036938W;0.0
26;17;6;18;0;30;4259306N;07036939W;0.6
26;17;6;18;1;31;4259302N;07037007W;0.3
26;17;6;18;2;31;4259305N;07036936W;0.3
26;17;6;18;2;31;4259305N;07036936W;0.3
26;17;6;18;2;31;4259305N;07036936W;0.3
26;17;6;18;2;31;4259305N;07036936W;0.3
26;17;6;18;2;31;4259305N;07036936W;0.3
26;17;6;18;2;31;4259305N;07036936W;0.3
26;17;6;18;2;31;4259305N;07036936W;0.3
26;17;6;18;14;3;4259310N;07036943W;0.0
26;17;6;18;15;3;4259311N;07036942W;0.6
26;17;6;18;16;4;4259308N;07036940W;0.2
26;17;6;18;17;4;4259330N;07036983W;0.1
26;17;6;18;18;5;4259309N;07036943W;0.3
26;17;6;18;19;5;4259301N;07036938W;1.4
26;18;6;18;21;19;4259310N;07036942W;0.2
26;18;6;18;22;19;4259315N;07036943W;0.5
26;18;6;18;23;20;4259323N;07036952W;1.9
26;18;6;18;23;20;4259323N;07036952W;1.9
26;19;6;18;0;21;4259321N;07036932W;0.1
26;19;6;18;0;21;4259321N;07036932W;0.1
26;19;6;18;0;21;4259321N;07036932W;0.1
26;19;6;18;0;21;4259321N;07036932W;0.1
26;19;6;18;21;51;4259304N;07036948W;1.1
26;19;6;18;22;52;4259310N;07036944W;0.1
26;19;6;18;23;52;4259308N;07036944W;0.5
26;19;6;18;23;52;4259308N;07036944W;0.5
26;20;6;18;18;21;4309703N;07002131W;14.
26;20;6;18;18;54;4306437N;07004678W;16.
26;20;6;18;19;9;4306460N;06958459W;32.
26;20;6;18;19;24;4311084N;06948830W;42.
26;20;6;18;19;39;4313919N;06947577W;11.
26;20;6;18;19;54;4315485N;06949127W;0.8
26;20;6;18;20;10;4315969N;06956897W;24.
26;20;6;18;20;25;4314078N;07004433W;24.
26;20;6;18;20;40;4312319N;07012610W;26.
26;20;6;18;20;55;4310432N;07019430W;23.
26;20;6;18;21;10;4306848N;07025629W;23.
26;20;6;18;21;25;4302997N;07032075W;33.
26;20;6;18;21;40;4259313N;07036966W;0.7
26;20;6;18;21;55;4259315N;07036954W;0.4
26;20;6;18;22;11;4259315N;07036958W;0.1
26;20;6;18;22;26;4259310N;07036953W;0.2
26;20;6;18;22;41;4259313N;07036949W;0.5
26;20;6;18;22;57;4259306N;07036941W;0.0
26;20;6;18;23;12;4259311N;07036944W;0.4
26;20;6;18;23;27;4259305N;07036940W;0.6
26;20;6;18;23;42;4259311N;07036942W;0.1
26;20;6;18;23;58;4259306N;07036940W;0.5
26;20;6;18;23;58;4259306N;07036940W;0.5
26;21;6;18;0;13;4259309N;07036942W;0.2
26;21;6;18;0;29;4259312N;07036946W;0.1
26;21;6;18;0;44;4259305N;07036935W;0.5
26;21;6;18;0;59;4259307N;07036938W;0.0
26;21;6;18;1;14;4259310N;07036942W;0.1
26;21;6;18;1;30;4259312N;07036943W;0.3
26;21;6;18;1;45;4259307N;07036952W;0.2
26;21;6;18;2;46;4259306N;07036938W;0.0
26;21;6;18;3;47;4259306N;07036938W;0.5
26;21;6;18;3;47;4259306N;07036938W;0.5
26;21;6;18;3;47;4259306N;07036938W;0.5
26;21;6;18;3;47;4259306N;07036938W;0.5
26;21;6;18;3;47;4259306N;07036938W;0.5
26;21;6;18;4;47;4259310N;07036943W;0.2
26;21;6;18;4;47;4259310N;07036943W;0.2
26;21;6;18;4;47;4259310N;07036943W;0.2
26;21;6;18;5;48;4259307N;07036938W;0.0
26;21;6;18;6;49;4259303N;07036942W;0.7
26;21;6;18;7;49;4259314N;07036941W;0.0
26;21;6;18;7;49;4259314N;07036941W;0.0
26;21;6;18;8;50;4259310N;07036939W;0.8
26;21;6;18;9;50;4259295N;07036943W;0.2
26;21;6;18;10;50;4259303N;07036937W;0.2
26;21;6;18;11;51;4259321N;07036920W;0.5
26;21;6;18;12;52;4259740N;07024963W;13.
26;21;6;18;13;52;4259306N;07036944W;0.4
26;21;6;18;13;52;4259306N;07036944W;0.4
26;21;6;18;13;52;4259306N;07036944W;0.4
26;21;6;18;14;52;4259303N;07036931W;0.6
26;21;6;18;15;52;4254407N;07026136W;24.
26;21;6;18;16;8;4252585N;07020142W;27.
26;21;6;18;16;23;4251072N;07012778W;21.
26;21;6;18;16;38;4252834N;07006896W;20.
26;21;6;18;16;38;4252834N;07006896W;20.
26;21;6;18;16;53;4256330N;07003368W;28.
26;21;6;18;17;8;4300917N;07001822W;22.
26;21;6;18;17;23;4305692N;07003064W;21.
26;21;6;18;17;38;4308945N;06958551W;20.
26;21;6;18;17;53;4309796N;06959479W;1.1
26;21;6;18;18;8;4310041N;06959289W;0.0
26;21;6;18;18;23;4310149N;06956146W;19.
26;21;6;18;18;38;4309528N;06949302W;23.
26;21;6;18;18;53;4311383N;06941944W;22.
26;21;6;18;19;8;4312025N;06938858W;0.8
26;21;6;18;19;24;4308969N;06936647W;14.
26;21;6;18;19;39;4308813N;06934906W;2.2
26;21;6;18;19;54;4308758N;06934907W;20.
26;21;6;18;20;9;4308453N;06945662W;38.
26;21;6;18;20;24;4310057N;06958200W;37.
26;21;6;18;20;39;4311140N;07009523W;36.
26;21;6;18;20;54;4311755N;07021024W;31.
26;21;6;18;21;9;4308365N;07028080W;26.
26;21;6;18;21;24;4303673N;07034218W;33.
26;21;6;18;21;40;4259311N;07036942W;0.4
26;21;6;18;21;55;4259310N;07036956W;0.3
26;21;6;18;21;55;4259310N;07036956W;0.3
26;21;6;18;21;55;4259310N;07036956W;0.3
26;21;6;18;22;10;4259306N;07036957W;0.4
26;21;6;18;22;25;4259300N;07036936W;0.5
26;21;6;18;22;40;4259308N;07036935W;0.5
26;21;6;18;22;56;4259299N;07036941W;0.2
26;21;6;18;23;11;4259311N;07036946W;0.2
26;21;6;18;23;26;4259309N;07036949W;0.1
26;21;6;18;23;41;4259317N;07036915W;0.4
26;21;6;18;23;57;4259333N;07036915W;0.8
26;22;6;18;0;12;4259308N;07036931W;0.8
26;22;6;18;0;27;4259290N;07036964W;0.3
26;22;6;18;0;42;4259291N;07036950W;0.1
26;22;6;18;0;57;4259283N;07036948W;0.4
26;22;6;18;1;12;4259302N;07036951W;1.4
26;22;6;18;1;28;4259306N;07036953W;1.0
26;22;6;18;1;43;4259306N;07036953W;0.2
26;22;6;18;1;58;4259301N;07036944W;0.0
26;22;6;18;2;13;4259297N;07036943W;0.2
26;22;6;18;2;28;4259301N;07036945W;0.3
26;22;6;18;2;43;4259305N;07036951W;0.1
26;22;6;18;2;59;4259316N;07036937W;0.4
26;22;6;18;2;59;4259316N;07036937W;0.4
26;22;6;18;3;14;4259332N;07036895W;1.8
26;22;6;18;3;29;4259320N;07036916W;1.0
26;22;6;18;3;44;4259309N;07036932W;0.3
26;22;6;18;3;44;4259309N;07036932W;0.3
26;22;6;18;3;59;4259299N;07036931W;0.3
26;22;6;18;3;59;4259299N;07036931W;0.3
26;22;6;18;3;59;4259299N;07036931W;0.3
26;22;6;18;4;14;4259379N;07037002W;1.3
26;22;6;18;4;14;4259379N;07037002W;1.3
26;22;6;18;4;29;4259642N;07037252W;2.1
26;22;6;18;4;29;4259642N;07037252W;2.1
26;22;6;18;4;45;4259308N;07036938W;0.1
26;22;6;18;5;0;4259304N;07036938W;0.5
26;22;6;18;5;15;4259308N;07036939W;0.2
26;22;6;18;5;30;4259310N;07036939W;0.2
26;22;6;18;5;46;4259311N;07036941W;0.2
26;22;6;18;6;1;4259299N;07036928W;4.8
26;22;6;18;6;16;4259305N;07036937W;0.4
26;22;6;18;6;16;4259305N;07036937W;0.4
26;22;6;18;6;16;4259305N;07036937W;0.4
26;22;6;18;6;32;4259312N;07036935W;0.3
26;22;6;18;6;32;4259312N;07036935W;0.3
26;22;6;18;6;32;4259312N;07036935W;0.3
26;22;6;18;6;32;4259312N;07036935W;0.3
26;22;6;18;6;32;4259312N;07036935W;0.3
26;22;6;18;6;32;4259312N;07036935W;0.3
26;22;6;18;6;32;4259312N;07036935W;0.3
26;22;6;18;6;32;4259312N;07036935W;0.3
26;22;6;18;6;32;4259312N;07036935W;0.3
26;22;6;18;6;32;4259312N;07036935W;0.3
26;22;6;18;6;32;4259312N;07036935W;0.3
26;22;6;18;6;47;4259301N;07036940W;0.5
26;22;6;18;7;2;4259323N;07036967W;0.3
26;22;6;18;7;18;4259311N;07036930W;0.0
26;22;6;18;7;33;4259305N;07036937W;0.1
26;22;6;18;7;49;4259305N;07036939W;0.1
26;22;6;18;8;4;4259311N;07036941W;0.4
26;22;6;18;8;19;4259141N;07034528W;21.
26;22;6;18;8;34;4259201N;07029071W;14.
26;22;6;18;8;49;4300321N;07024546W;15.
26;22;6;18;9;4;4300735N;07019410W;19.
26;22;6;18;9;19;4301530N;07020250W;29.
26;22;6;18;9;34;4259015N;07031939W;35.
26;22;6;18;9;49;4259308N;07036938W;0.5
26;22;6;18;10;4;4259290N;07036935W;0.0
26;22;6;18;10;19;4259310N;07036936W;0.2
26;22;6;18;10;35;4259311N;07036937W;0.5
26;22;6;18;10;50;4259297N;07036920W;0.3
26;22;6;18;11;5;4259293N;07036915W;0.1
26;22;6;18;11;21;4259315N;07036942W;0.0
26;22;6;18;11;36;4259315N;07036930W;0.2
26;22;6;18;11;51;4259312N;07036929W;0.1
26;22;6;18;12;6;4259272N;07036939W;0.2
26;22;6;18;12;22;4259309N;07036939W;0.4
26;22;6;18;12;37;4259312N;07036939W;0.2
26;22;6;18;12;53;4259311N;07036942W;0.4
26;22;6;18;12;53;4259311N;07036942W;0.4
26;22;6;18;12;53;4259311N;07036942W;0.4
26;22;6;18;13;8;4259308N;07036941W;0.4
26;22;6;18;13;23;4259312N;07036946W;0.3
26;22;6;18;13;38;4259303N;07036931W;2.0
26;22;6;18;13;53;4258980N;07036151W;22.
26;22;6;18;13;53;4258980N;07036151W;22.
26;22;6;18;13;53;4258980N;07036151W;22.
26;22;6;18;13;53;4258980N;07036151W;22.
26;22;6;18;14;8;4258006N;07029448W;21.
26;22;6;18;14;23;4258236N;07022638W;21.
26;22;6;18;14;38;4259584N;07015691W;23.
26;22;6;18;14;53;4301130N;07008102W;23.
26;22;6;18;15;8;4305366N;07003411W;25.
26;22;6;18;15;23;4310265N;06959574W;24.
26;22;6;18;15;38;4312471N;06956197W;1.6
26;22;6;18;15;54;4312173N;06950369W;21.
26;22;6;18;15;54;4312173N;06950369W;21.
26;22;6;18;16;9;4312147N;06948932W;0.7
26;22;6;18;16;24;4312057N;06943046W;22.
26;22;6;18;16;39;4312810N;06941753W;1.6
26;22;6;18;16;54;4312052N;06940397W;1.2
26;22;6;18;17;9;4312761N;06941533W;0.1
26;22;6;18;17;24;4312802N;06941537W;1.0
26;22;6;18;17;39;4311832N;06942034W;0.5
26;22;6;18;17;54;4311587N;06939088W;0.5
26;22;6;18;17;54;4311587N;06939088W;0.5
26;22;6;18;18;9;4312574N;06945922W;31.
26;22;6;18;18;24;4312270N;06955492W;27.
26;22;6;18;18;39;4310440N;07002785W;21.
26;22;6;18;18;54;4308156N;07010099W;26.
26;22;6;18;19;10;4306160N;07018675W;26.
26;22;6;18;19;25;4304524N;07025056W;1.3
26;22;6;18;19;40;4303978N;07032624W;26.
26;22;6;18;19;55;4259326N;07036942W;0.4
26;22;6;18;20;10;4259328N;07036948W;3.7
26;22;6;18;20;26;4259313N;07036940W;0.6
26;22;6;18;20;41;4259308N;07036955W;0.0
26;22;6;18;20;57;4259300N;07036951W;3.1
26;22;6;18;21;12;4259313N;07036962W;0.5
26;22;6;18;21;27;4259293N;07036966W;0.3
26;22;6;18;21;42;4259290N;07036972W;0.4
26;22;6;18;21;57;4259313N;07036977W;0.5
26;22;6;18;22;12;4259348N;07037022W;0.6
26;22;6;18;22;28;4259321N;07036980W;0.3
26;22;6;18;22;43;4259299N;07036940W;0.1
26;22;6;18;22;58;4259302N;07036873W;0.4
26;22;6;18;23;13;4259325N;07036958W;0.3
26;22;6;18;23;28;4259331N;07036932W;0.2
26;22;6;18;23;44;4259329N;07036903W;0.5
26;22;6;18;23;59;4259307N;07036948W;0.2
26;23;6;18;0;14;4259300N;07036957W;0.8
26;23;6;18;0;14;4259300N;07036957W;0.8
26;23;6;18;0;29;4259355N;07036891W;0.8
26;23;6;18;0;45;4259300N;07036942W;0.1
26;23;6;18;1;0;4259277N;07036947W;0.2
26;23;6;18;1;15;4259253N;07036943W;3.8
26;23;6;18;1;30;4259246N;07036929W;0.3
26;23;6;18;1;45;4259278N;07036937W;0.3
26;23;6;18;2;0;4259267N;07036827W;0.6
26;23;6;18;2;16;4259324N;07036635W;0.3
26;23;6;18;2;31;4259301N;07036919W;0.6
26;23;6;18;2;46;4259307N;07036938W;0.4
26;23;6;18;3;1;4259313N;07036936W;0.4
26;23;6;18;3;16;4259310N;07036939W;0.6
26;23;6;18;3;32;4259325N;07036945W;0.2
26;23;6;18;3;47;4259311N;07036940W;0.1
26;23;6;18;4;2;4259307N;07036942W;0.7
26;23;6;18;4;17;4259307N;07036940W;0.4
26;23;6;18;4;32;4259310N;07036943W;0.3
26;23;6;18;4;47;4259305N;07036938W;0.2
26;23;6;18;5;2;4259304N;07036933W;0.5
26;23;6;18;5;18;4259297N;07036929W;0.2
26;23;6;18;5;33;4259343N;07036983W;0.3
26;23;6;18;5;48;4259309N;07036937W;0.3
26;23;6;18;6;3;4259299N;07036926W;0.3
26;23;6;18;6;18;4259313N;07036911W;0.1
26;23;6;18;6;34;4259717N;07037017W;0.6
26;23;6;18;6;49;4259299N;07036919W;0.3
26;23;6;18;7;4;4259305N;07036922W;0.3
26;23;6;18;7;19;4259416N;07036389W;25.
26;23;6;18;7;35;4259286N;07036925W;0.8
26;23;6;18;7;50;4300056N;07030659W;23.
26;23;6;18;8;5;4300113N;07022550W;23.
26;23;6;18;8;20;4300965N;07014562W;23.
26;23;6;18;8;35;4301768N;07007894W;23.
26;23;6;18;8;50;4300864N;07004298W;18.
26;23;6;18;9;5;4304522N;07000567W;29.
26;23;6;18;9;20;4305405N;07001149W;24.
26;23;6;18;9;35;4304308N;07006339W;24.
26;23;6;18;9;50;4304048N;07014948W;29.
26;23;6;18;10;5;4303132N;07024347W;26.
26;23;6;18;10;5;4303132N;07024347W;26.
26;23;6;18;10;5;4303132N;07024347W;26.
26;23;6;18;10;21;4300794N;07030879W;29.
26;23;6;18;10;36;4259307N;07036942W;0.1
26;23;6;18;10;51;4259311N;07036936W;0.2
26;23;6;18;11;6;4259312N;07036930W;0.3
26;23;6;18;11;22;4259328N;07036954W;0.2
26;23;6;18;11;37;4259317N;07036936W;0.3
26;23;6;18;11;52;4259309N;07036911W;0.3
26;23;6;18;12;7;4259216N;07036915W;0.0
26;23;6;18;12;23;4259315N;07036911W;0.7
26;23;6;18;12;38;4259311N;07036948W;0.2
26;23;6;18;12;53;4259303N;07036934W;0.8
26;23;6;18;13;9;4259312N;07036944W;0.2
26;23;6;18;13;24;4259314N;07036953W;0.3
26;23;6;18;13;39;4259323N;07036962W;0.5
26;23;6;18;13;54;4259341N;07036955W;0.7
26;23;6;18;14;9;4259292N;07036932W;0.5
26;23;6;18;14;25;4259290N;07036943W;0.1
26;23;6;18;14;40;4259256N;07036916W;0.1
26;23;6;18;14;55;4259274N;07036882W;0.5
26;23;6;18;14;55;4259274N;07036882W;0.5
26;23;6;18;15;10;4259259N;07036905W;0.4
26;23;6;18;15;26;4259260N;07036899W;0.7
26;23;6;18;15;41;4259049N;07030856W;20.
26;23;6;18;15;56;4256921N;07027099W;19.
26;23;6;18;16;11;4253599N;07024161W;1.5
26;23;6;18;16;26;4251585N;07028036W;20.
26;23;6;18;16;41;4252596N;07031561W;24.
26;23;6;18;16;57;4252308N;07035552W;0.5
26;23;6;18;16;57;4252308N;07035552W;0.5
26;23;6;18;17;12;4253258N;07038976W;26.
26;23;6;18;17;12;4253258N;07038976W;26.
26;23;6;18;17;27;4258974N;07036891W;27.
26;23;6;18;17;42;4259307N;07036961W;0.2
26;23;6;18;17;57;4259290N;07036953W;0.3
26;23;6;18;18;12;4259327N;07036923W;1.3
26;23;6;18;18;28;4259317N;07036966W;0.3
26;23;6;18;18;43;4259314N;07036942W;0.9
26;23;6;18;18;58;4259310N;07036937W;0.2
26;23;6;18;19;13;4255506N;07033855W;27.
26;23;6;18;19;28;4249821N;07031722W;0.3
26;23;6;18;19;28;4249821N;07031722W;0.3
26;23;6;18;19;28;4249821N;07031722W;0.3
26;23;6;18;19;43;4249493N;07037151W;3.8
26;23;6;18;19;58;4251067N;07038785W;21.
26;23;6;18;20;14;4256114N;07037115W;22.
26;23;6;18;20;29;4259314N;07036942W;1.3
26;23;6;18;20;44;4259311N;07036932W;0.3
26;23;6;18;20;59;4259314N;07036952W;0.4
26;23;6;18;21;14;4259294N;07036948W;3.3
26;23;6;18;21;29;4259297N;07036947W;0.3
26;23;6;18;21;44;4259304N;07036940W;0.3
26;23;6;18;21;59;4259307N;07036937W;0.7
26;23;6;18;22;15;4259309N;07036936W;0.2
26;23;6;18;22;30;4259304N;07036939W;0.3
26;23;6;18;22;45;4259307N;07036946W;0.1
26;23;6;18;23;0;4259305N;07036937W;0.5
26;23;6;18;23;15;4259311N;07036943W;0.4
26;23;6;18;23;30;4259322N;07036951W;0.4
26;23;6;18;23;45;4259320N;07036947W;1.0
26;24;6;18;0;0;4259310N;07036940W;0.5
26;24;6;18;0;16;4259297N;07036952W;0.3
26;24;6;18;0;31;4259305N;07036967W;0.7
26;24;6;18;0;46;4259304N;07036963W;0.6
26;24;6;18;1;1;4259286N;07036944W;0.2
26;24;6;18;1;16;4259311N;07036968W;1.2
26;24;6;18;1;31;4259272N;07036935W;0.2
26;24;6;18;1;46;4259281N;07036933W;0.1
26;24;6;18;2;1;4259295N;07036924W;1.2
26;24;6;18;2;17;4259308N;07036938W;0.0
26;24;6;18;2;32;4259305N;07036936W;0.1
26;24;6;18;2;47;4259313N;07036941W;0.5
26;24;6;18;3;2;4259318N;07036943W;0.1
26;24;6;18;3;17;4259301N;07036935W;0.9
26;24;6;18;3;32;4259319N;07036938W;0.8
26;24;6;18;3;47;4259308N;07036939W;0.4
26;24;6;18;4;3;4259307N;07036936W;0.4
26;24;6;18;4;18;4259311N;07036944W;0.3
26;24;6;18;4;33;4259308N;07036942W;2.3
26;24;6;18;4;49;4259307N;07036940W;0.5
26;24;6;18;5;4;4259310N;07036942W;1.3
26;24;6;18;5;19;4259306N;07036939W;0.4
26;24;6;18;5;34;4259306N;07036939W;1.2
26;24;6;18;5;49;4259299N;07036933W;0.7
26;24;6;18;5;49;4259299N;07036933W;0.7
26;24;6;18;6;4;4259301N;07036932W;0.3
26;24;6;18;6;4;4259301N;07036932W;0.3
26;24;6;18;6;4;4259301N;07036932W;0.3
26;24;6;18;6;20;4259307N;07036938W;0.0
26;24;6;18;6;20;4259307N;07036938W;0.0
26;24;6;18;6;35;4259308N;07036938W;2.4
26;24;6;18;6;50;4259306N;07036937W;0.6
26;24;6;18;6;50;4259306N;07036937W;0.6
26;24;6;18;7;5;4259310N;07036940W;0.1
26;24;6;18;7;20;4259310N;07036945W;0.2
26;24;6;18;7;35;4259309N;07036948W;0.2
26;24;6;18;7;50;4259316N;07036944W;1.8
26;24;6;18;8;5;4259295N;07036907W;0.8
26;24;6;18;8;21;4259296N;07036896W;0.2
26;24;6;18;8;36;4259896N;07030196W;0.1
26;24;6;18;8;51;4302042N;07022963W;27.
26;24;6;18;9;51;4303306N;07004139W;0.4
26;24;6;18;10;38;4301390N;07023140W;21.
26;24;6;18;10;53;4259298N;07029862W;22.
26;24;6;18;11;8;4259322N;07036808W;24.
26;24;6;18;12;9;4259242N;07036920W;0.0
26;24;6;18;13;10;4259317N;07036941W;0.1
26;24;6;18;14;10;4259282N;07036918W;0.3
26;24;6;18;15;10;4259288N;07036948W;0.2
26;24;6;18;15;43;4257580N;07026853W;22.
26;24;6;18;15;58;4254085N;07022209W;23.
26;24;6;18;15;58;4254085N;07022209W;23.
26;24;6;18;15;58;4254085N;07022209W;23.
26;24;6;18;16;14;4252715N;07018312W;0.6
26;24;6;18;16;29;4252702N;07018276W;0.4
26;24;6;18;16;44;4252762N;07019085W;1.0
26;24;6;18;16;44;4252762N;07019085W;1.0
26;24;6;18;16;59;4250885N;07019278W;0.2
26;24;6;18;16;59;4250885N;07019278W;0.2
26;24;6;18;17;14;4250917N;07018028W;0.6
26;24;6;18;17;29;4250919N;07018053W;1.0
26;24;6;18;17;44;4251957N;07013365W;0.5
26;24;6;18;17;59;4251981N;07013899W;28.
26;24;6;18;18;14;4253234N;07023058W;32.
26;24;6;18;18;29;4255023N;07031571W;33.
26;24;6;18;18;44;4259304N;07036973W;0.4
26;24;6;18;19;0;4259312N;07036968W;0.0
26;24;6;18;19;16;4259306N;07036939W;0.6
26;24;6;18;19;16;4259306N;07036939W;0.6
26;24;6;18;19;16;4259306N;07036939W;0.6
26;24;6;18;19;16;4259306N;07036939W;0.6
26;24;6;18;19;31;4259329N;07036961W;0.7
26;24;6;18;19;46;4259298N;07036897W;1.2
26;24;6;18;20;1;4259322N;07036942W;0.9
26;24;6;18;20;16;4259324N;07036955W;0.3
26;24;6;18;20;31;4259330N;07036954W;0.3
26;24;6;18;20;47;4259313N;07036970W;0.4
26;24;6;18;21;2;4259315N;07036964W;1.0
26;24;6;18;21;17;4259315N;07036964W;1.3
26;24;6;18;21;32;4259318N;07036964W;0.4
26;24;6;18;21;47;4259320N;07036966W;0.5
26;24;6;18;22;2;4259325N;07036966W;2.0
26;24;6;18;22;17;4259323N;07036954W;0.0
26;24;6;18;22;32;4259315N;07036939W;0.1
26;24;6;18;22;48;4259312N;07036911W;0.4
26;24;6;18;23;3;4259318N;07036937W;0.1
26;24;6;18;23;18;4259311N;07036925W;0.5
26;24;6;18;23;33;4259315N;07036925W;0.6
26;24;6;18;23;48;4259316N;07036930W;0.1
26;25;6;18;0;3;4259289N;07036977W;0.1
26;25;6;18;0;19;4259295N;07036951W;0.5
26;25;6;18;0;34;4259335N;07036920W;0.6
26;25;6;18;0;49;4259294N;07036946W;0.0
26;25;6;18;1;4;4259306N;07036948W;0.4
26;25;6;18;1;19;4259235N;07036907W;0.5
26;25;6;18;1;34;4259305N;07036958W;0.1
26;25;6;18;1;49;4259296N;07036945W;0.5
26;25;6;18;2;4;4259275N;07036931W;0.2
26;25;6;18;2;19;4259276N;07036927W;0.3
26;25;6;18;2;34;4259287N;07036934W;0.3
26;25;6;18;2;34;4259287N;07036934W;0.3
26;25;6;18;3;35;4259305N;07036947W;0.8
26;25;6;18;4;35;4259301N;07036979W;0.0
26;25;6;18;5;35;4259275N;07036949W;0.1
26;25;6;18;6;35;4259300N;07036946W;0.0
26;25;6;18;7;36;4259284N;07036938W;0.0
26;25;6;18;8;36;4259259N;07036906W;0.1
26;25;6;18;9;36;4303471N;07013363W;0.3
26;25;6;18;10;36;4259287N;07036929W;1.3
26;25;6;18;11;37;4259311N;07036940W;0.4
26;25;6;18;12;38;4259309N;07036940W;0.3
26;25;6;18;13;38;4259299N;07036937W;0.7
26;25;6;18;14;38;4259272N;07036920W;0.9
26;25;6;18;15;38;4259031N;07036006W;20.
26;25;6;18;15;38;4259031N;07036006W;20.
26;25;6;18;15;38;4259031N;07036006W;20.
26;25;6;18;15;38;4259031N;07036006W;20.
26;25;6;18;16;39;4256893N;07027930W;0.9
26;25;6;18;16;54;4254980N;07023238W;23.
26;25;6;18;17;9;4251708N;07017072W;41.
26;25;6;18;17;24;4250700N;07015113W;17.
26;25;6;18;17;39;4247951N;07009884W;4.2
26;25;6;18;17;54;4242240N;07005329W;33.
26;25;6;18;18;9;4236689N;06959874W;1.0
26;25;6;18;18;24;4237405N;06959912W;0.9
26;25;6;18;18;39;4238015N;06959805W;1.6
26;25;6;18;18;54;4238366N;06959959W;1.1
26;25;6;18;19;9;4238333N;07000198W;0.5
26;25;6;18;19;25;4236715N;06959658W;0.1
26;25;6;18;19;40;4237829N;07002749W;23.
26;25;6;18;19;55;4242154N;07009896W;32.
26;25;6;18;19;55;4242154N;07009896W;32.
26;25;6;18;19;55;4242154N;07009896W;32.
26;25;6;18;20;10;4247212N;07015438W;30.
26;25;6;18;20;25;4253066N;07020781W;30.
26;25;6;18;20;40;4257350N;07030101W;34.
26;25;6;18;20;40;4257350N;07030101W;34.
26;25;6;18;20;55;4259328N;07036988W;0.4
26;25;6;18;20;55;4259328N;07036988W;0.4
26;25;6;18;20;55;4259328N;07036988W;0.4
26;25;6;18;20;55;4259328N;07036988W;0.4
26;25;6;18;21;11;4259321N;07036987W;0.2
26;25;6;18;21;26;4259331N;07036987W;0.3
26;25;6;18;21;41;4259328N;07036977W;0.2
26;25;6;18;21;41;4259328N;07036977W;0.2
26;25;6;18;21;56;4259330N;07036984W;0.5
26;25;6;18;22;11;4259323N;07036958W;0.6
26;25;6;18;22;26;4259329N;07036946W;0.1
26;25;6;18;22;41;4259358N;07037003W;0.6
26;25;6;18;22;57;4259316N;07036902W;0.2
26;25;6;18;23;12;4259325N;07036915W;0.2
26;25;6;18;23;27;4259326N;07036900W;0.4
26;25;6;18;23;43;4259320N;07036923W;0.3
26;25;6;18;23;58;4259301N;07036951W;0.4
26;26;6;18;0;13;4259314N;07036946W;0.2
26;26;6;18;0;28;4259294N;07036967W;0.5
26;26;6;18;0;43;4259285N;07036982W;0.2
26;26;6;18;0;58;4259305N;07036967W;0.3
26;26;6;18;1;14;4259213N;07036997W;0.4
26;26;6;18;1;29;4259246N;07036918W;0.2
26;26;6;18;1;44;4259340N;07036986W;0.6
26;26;6;18;1;59;4259348N;07036992W;0.9
26;26;6;18;2;15;4259307N;07036938W;0.2
26;26;6;18;2;30;4259317N;07036917W;1.0
26;26;6;18;2;45;4259305N;07036937W;0.2
26;26;6;18;3;0;4259306N;07036936W;0.2
26;26;6;18;3;15;4259307N;07036940W;0.0
26;26;6;18;3;30;4259308N;07036936W;0.4
26;26;6;18;3;45;4259310N;07036936W;0.4
26;26;6;18;4;0;4259308N;07036941W;0.1
26;26;6;18;4;15;4259311N;07036942W;0.9
26;26;6;18;4;30;4259313N;07036939W;0.4
26;26;6;18;4;46;4259312N;07036941W;1.2
26;26;6;18;5;1;4259326N;07036961W;0.5
26;26;6;18;5;16;4259280N;07036908W;0.9
26;26;6;18;5;31;4259305N;07036936W;0.2
26;26;6;18;5;46;4259303N;07036936W;0.0
26;26;6;18;6;1;4259306N;07036932W;0.2
26;26;6;18;6;17;4259309N;07036937W;0.2
26;26;6;18;6;32;4259311N;07036937W;2.7
26;26;6;18;6;47;4259309N;07036946W;3.7
26;26;6;18;7;2;4259305N;07036935W;0.2
26;26;6;18;7;17;4259308N;07036942W;0.6
26;26;6;18;7;32;4259313N;07036964W;1.7
26;26;6;18;7;47;4259181N;07036842W;1.0
26;26;6;18;8;2;4259273N;07036969W;19.
26;26;6;18;8;18;4300108N;07026785W;35.
26;26;6;18;8;33;4302102N;07016334W;28.
26;26;6;18;8;48;4305088N;07007766W;24.
26;26;6;18;9;3;4308178N;07003786W;35.
26;26;6;18;9;18;4308708N;07002000W;35.
26;26;6;18;9;33;4308678N;07001967W;7.3
26;26;6;18;9;49;4305890N;07008741W;23.
26;26;6;18;10;4;4304474N;07016886W;21.
26;26;6;18;10;19;4302897N;07023040W;0.4
26;26;6;18;10;34;4303232N;07030600W;26.
26;26;6;18;10;49;4259312N;07036939W;0.5
26;26;6;18;10;49;4259312N;07036939W;0.5
26;26;6;18;11;4;4259313N;07036950W;0.1
26;26;6;18;11;19;4259307N;07036938W;0.4
26;26;6;18;11;35;4259314N;07036946W;0.8
26;26;6;18;11;35;4259314N;07036946W;0.8
26;26;6;18;11;35;4259314N;07036946W;0.8
26;26;6;18;11;35;4259314N;07036946W;0.8
26;26;6;18;11;50;4259306N;07036944W;0.1
26;26;6;18;12;6;4259311N;07036944W;0.0
26;26;6;18;12;21;4259312N;07036945W;0.7
26;26;6;18;12;36;4259307N;07036948W;0.5
26;26;6;18;12;51;4259308N;07036945W;0.1
26;26;6;18;13;6;4259312N;07036946W;1.3
26;26;6;18;13;22;4259309N;07036939W;0.3
26;26;6;18;13;37;4259314N;07036944W;0.2
26;26;6;18;13;52;4259311N;07036948W;0.4
26;26;6;18;14;7;4259304N;07036939W;0.2
26;26;6;18;14;22;4259310N;07036945W;0.1
26;26;6;18;14;37;4259291N;07036971W;0.4
26;26;6;18;14;52;4259296N;07036973W;1.0
26;26;6;18;15;8;4259304N;07036947W;0.4
26;26;6;18;15;23;4259326N;07037014W;0.9
26;26;6;18;15;38;4259310N;07036946W;0.3
26;26;6;18;15;53;4259308N;07036941W;0.8
26;26;6;18;16;8;4259307N;07036942W;0.0
26;26;6;18;16;8;4259307N;07036942W;0.0
26;26;6;18;16;8;4259307N;07036942W;0.0
26;26;6;18;16;8;4259307N;07036942W;0.0
26;26;6;18;16;24;4259315N;07036940W;0.5
26;26;6;18;16;39;4259311N;07036937W;0.5
26;26;6;18;16;54;4259316N;07036944W;0.2
26;26;6;18;17;9;4259312N;07036942W;0.4
26;26;6;18;17;24;4259319N;07036946W;0.4
26;26;6;18;17;40;4259321N;07036959W;0.5
26;26;6;18;17;55;4259316N;07036944W;1.1
26;26;6;18;18;10;4259326N;07036966W;0.2
26;26;6;18;18;25;4259384N;07034530W;20.
26;26;6;18;18;40;4302560N;07026136W;30.
26;26;6;18;18;56;4305656N;07016572W;31.
26;26;6;18;19;11;4307236N;07008705W;25.
26;26;6;18;19;26;4307991N;07005127W;37.
26;26;6;18;19;26;4307991N;07005127W;37.
26;26;6;18;19;26;4307991N;07005127W;37.
26;26;6;18;19;41;4309433N;07002795W;0.9
26;26;6;18;19;41;4309433N;07002795W;0.9
26;26;6;18;19;56;4308641N;07005375W;21.
26;26;6;18;20;11;4307100N;07013228W;25.
26;26;6;18;20;26;4305736N;07020865W;23.
26;26;6;18;20;41;4303536N;07028171W;26.
26;26;6;18;20;56;4300937N;07035252W;23.
26;26;6;18;21;13;4259309N;07036953W;0.0
26;26;6;18;21;28;4259313N;07036946W;0.0
26;26;6;18;21;43;4259311N;07036944W;0.3
26;26;6;18;21;58;4259311N;07036942W;0.3
26;26;6;18;22;13;4259312N;07036940W;0.7
26;26;6;18;22;28;4259310N;07036946W;0.1
26;26;6;18;22;43;4259309N;07036947W;0.5
26;26;6;18;22;59;4259309N;07036942W;0.0
26;26;6;18;23;14;4259309N;07036943W;0.2
26;26;6;18;23;29;4259309N;07036936W;0.5
26;26;6;18;23;44;4259309N;07036933W;1.2
26;26;6;18;23;59;4259315N;07036939W;0.2
26;27;6;18;0;14;4259300N;07036946W;0.4
26;27;6;18;0;29;4259295N;07036953W;0.8
26;27;6;18;0;45;4259292N;07036955W;0.6
26;27;6;18;1;0;4259321N;07036946W;0.3
26;27;6;18;1;0;4259321N;07036946W;0.3
26;27;6;18;1;0;4259321N;07036946W;0.3
26;27;6;18;1;0;4259321N;07036946W;0.3
26;27;6;18;1;15;4259301N;07036952W;0.6
26;27;6;18;1;30;4259302N;07036936W;0.4
26;27;6;18;1;45;4259306N;07036948W;0.8
26;27;6;18;2;0;4259305N;07036941W;0.2
26;27;6;18;2;16;4259305N;07036945W;0.2
26;27;6;18;2;31;4259305N;07036939W;0.8
26;27;6;18;2;46;4259308N;07036941W;0.4
26;27;6;18;3;2;4259313N;07036945W;0.2
26;27;6;18;3;18;4259307N;07036938W;0.1
26;27;6;18;3;18;4259307N;07036938W;0.1
26;27;6;18;3;33;4259307N;07036942W;0.6
26;27;6;18;3;33;4259307N;07036942W;0.6
26;27;6;18;3;49;4259305N;07036940W;0.3
26;27;6;18;3;49;4259305N;07036940W;0.3
26;27;6;18;4;4;4259304N;07036943W;0.8
26;27;6;18;4;19;4259307N;07036936W;0.4
26;27;6;18;4;34;4259316N;07036945W;0.7
26;27;6;18;4;50;4259296N;07036932W;0.1
26;27;6;18;4;50;4259296N;07036932W;0.1
26;27;6;18;5;5;4259296N;07036925W;0.1
26;27;6;18;5;21;4259296N;07036923W;0.0
26;27;6;18;5;36;4259306N;07036937W;0.3
26;27;6;18;5;36;4259306N;07036937W;0.3
26;27;6;18;5;51;4259304N;07036934W;0.3
26;27;6;18;5;51;4259304N;07036934W;0.3
26;27;6;18;6;6;4259300N;07036925W;0.4
26;27;6;18;6;21;4259303N;07036918W;0.2
26;27;6;18;6;36;4259303N;07036922W;0.7
26;27;6;18;6;51;4259300N;07036920W;0.6
26;27;6;18;7;7;4259300N;07036939W;0.3
26;27;6;18;7;22;4259296N;07036945W;0.0
26;27;6;18;7;37;4259299N;07036957W;0.2
26;27;6;18;7;52;4259300N;07036945W;0.3
26;27;6;18;8;7;4259521N;07033719W;32.
26;27;6;18;8;23;4259489N;07022588W;37.
26;27;6;18;8;38;4301716N;07010303W;42.
26;27;6;18;8;53;4307698N;07002816W;37.
26;27;6;18;9;8;4310505N;07000059W;31.
26;27;6;18;9;8;4310505N;07000059W;31.
26;27;6;18;9;8;4310505N;07000059W;31.
26;27;6;18;9;8;4310505N;07000059W;31.
26;27;6;18;9;8;4310505N;07000059W;31.
26;27;6;18;9;8;4310505N;07000059W;31.
26;27;6;18;9;8;4310505N;07000059W;31.
26;27;6;18;9;23;4309601N;07001528W;14.
26;27;6;18;9;38;4310112N;07002807W;11.
26;27;6;18;9;53;4309712N;07005416W;18.
26;27;6;18;10;8;4309391N;07012366W;22.
26;27;6;18;10;23;4308393N;07019401W;19.
26;27;6;18;10;38;4305462N;07025220W;21.
26;27;6;18;10;54;4302883N;07031976W;22.
26;27;6;18;11;9;4259304N;07036931W;0.2
26;27;6;18;11;24;4259309N;07036940W;0.2
26;27;6;18;11;24;4259309N;07036940W;0.2
26;27;6;18;11;24;4259309N;07036940W;0.2
26;27;6;18;11;40;4259309N;07036941W;0.2
26;27;6;18;11;55;4259303N;07036957W;0.5
26;27;6;18;12;10;4259309N;07036951W;1.0
26;27;6;18;12;26;4259303N;07036941W;0.3
26;27;6;18;12;41;4259312N;07036953W;0.3
26;27;6;18;12;56;4259305N;07036942W;0.5
26;27;6;18;13;56;4259306N;07036936W;0.7
26;27;6;18;14;57;4259299N;07036936W;0.3
26;27;6;18;15;15;4259706N;07027758W;37.
26;27;6;18;15;15;4259706N;07027758W;37.
26;27;6;18;15;31;4303379N;07013575W;46.
26;27;6;18;15;31;4303379N;07013575W;46.
26;27;6;18;15;46;4306743N;07003779W;16.
26;27;6;18;16;1;4308870N;07000870W;11.
26;27;6;18;16;16;4306378N;07003459W;11.
26;27;6;18;16;32;4304184N;07003107W;23.
26;27;6;18;16;47;4305870N;07003930W;17.
26;27;6;18;17;3;4303427N;07003375W;11.
26;27;6;18;17;18;4303586N;07002913W;28.
26;27;6;18;17;34;4302262N;07002502W;4.3
26;27;6;18;17;49;4302255N;07002474W;0.7
26;27;6;18;17;49;4302255N;07002474W;0.7
26;27;6;18;18;4;4303165N;07007029W;24.
26;27;6;18;18;19;4303173N;07014911W;19.
26;27;6;18;18;34;4302165N;07022407W;26.
26;27;6;18;18;50;4300559N;07030400W;29.
26;27;6;18;19;5;4259320N;07036946W;0.2
26;27;6;18;19;20;4259315N;07036943W;0.1
26;27;6;18;19;36;4259316N;07036945W;0.1
26;27;6;18;19;52;4259309N;07036951W;0.3
26;27;6;18;20;7;4259312N;07036937W;0.4
26;27;6;18;20;22;4259303N;07036937W;0.7
26;27;6;18;20;38;4259299N;07036939W;0.4
26;27;6;18;20;53;4259304N;07036946W;0.4
26;27;6;18;21;8;4259296N;07036946W;0.3
26;27;6;18;21;24;4259306N;07036938W;0.0
26;27;6;18;21;39;4259302N;07036936W;0.0
26;27;6;18;21;54;4259309N;07036964W;0.0
26;27;6;18;22;10;4259300N;07036940W;0.3
26;27;6;18;22;25;4259307N;07036943W;0.1
26;27;6;18;22;40;4259294N;07036932W;0.7
26;27;6;18;22;56;4259313N;07036953W;0.6
26;27;6;18;23;11;4259309N;07036937W;0.1
26;27;6;18;23;27;4259367N;07036940W;17.
26;27;6;18;23;42;4259293N;07036888W;0.0
26;27;6;18;23;57;4259292N;07036887W;0.3
26;28;6;18;0;13;4259309N;07036935W;0.0
26;28;6;18;0;28;4259308N;07036937W;0.1
26;28;6;18;0;43;4259308N;07036939W;0.1
26;28;6;18;0;58;4259305N;07036936W;0.0
26;28;6;18;1;13;4259302N;07036934W;0.3
26;28;6;18;1;29;4259307N;07036937W;0.2
26;28;6;18;1;44;4259301N;07036935W;1.5
26;28;6;18;1;59;4259295N;07036929W;1.7
26;28;6;18;2;14;4259298N;07036935W;0.4
26;28;6;18;2;29;4259291N;07036931W;0.7
26;28;6;18;2;44;4259290N;07036926W;0.6
26;28;6;18;2;59;4259293N;07036928W;0.3
26;28;6;18;3;15;4259306N;07036915W;0.4
26;28;6;18;3;30;4259304N;07036939W;0.0
26;28;6;18;3;45;4259305N;07036936W;0.5
26;28;6;18;4;0;4259313N;07036935W;3.4
26;28;6;18;4;15;4259309N;07036938W;0.3
26;28;6;18;4;31;4259303N;07036932W;0.5
26;28;6;18;5;31;4259305N;07036936W;0.9
26;28;6;18;6;31;4259303N;07036916W;0.2
26;28;6;18;7;32;4259318N;07036950W;0.1
26;28;6;18;8;32;4259297N;07036946W;2.3
26;28;6;18;9;32;4303929N;07028370W;0.1
26;28;6;18;10;32;4313171N;07003379W;23.
26;28;6;18;11;33;4308737N;06948550W;18.
26;28;6;18;12;34;4310716N;06932437W;7.3
26;28;6;18;13;35;4309734N;06933350W;8.3
26;28;6;18;14;35;4310191N;06932353W;10.
26;28;6;18;15;35;4316108N;06957951W;19.
26;28;6;18;16;36;4315707N;07024148W;21.
26;28;6;18;17;36;4307725N;07038105W;25.
26;28;6;18;18;37;4259313N;07036936W;0.5
26;28;6;18;19;37;4259329N;07036925W;0.2
26;28;6;18;20;37;4259287N;07036944W;0.2
26;28;6;18;21;37;4259291N;07036933W;0.6
26;28;6;18;22;38;4259322N;07036949W;0.2
26;28;6;18;23;38;4259309N;07036935W;1.2
26;28;6;18;23;38;4259309N;07036935W;1.2
26;29;6;18;0;39;4259300N;07036938W;0.4
26;29;6;18;1;40;4259304N;07036937W;0.0
26;29;6;18;2;40;4259309N;07036939W;0.2
26;29;6;18;3;40;4259303N;07036932W;0.2
26;29;6;18;4;41;4259303N;07036933W;0.3
26;29;6;18;5;41;4259298N;07036963W;0.7
26;29;6;18;6;42;4259303N;07036941W;0.1
26;29;6;18;12;53;4259317N;07036953W;0.3
26;29;6;18;13;54;4259328N;07036648W;17.
26;29;6;18;14;55;4259307N;07036952W;0.2
26;29;6;18;15;55;4259306N;07036944W;0.9
26;29;6;18;16;56;4259321N;07036949W;0.4
26;29;6;18;17;57;4259309N;07036938W;0.0
26;29;6;18;17;57;4259309N;07036938W;0.0
26;29;6;18;18;39;4304220N;07029754W;0.6
26;29;6;18;18;54;4302547N;07034237W;26.
26;29;6;18;18;54;4302547N;07034237W;26.
26;29;6;18;18;54;4302547N;07034237W;26.
26;29;6;18;18;54;4302547N;07034237W;26.
26;29;6;18;19;9;4259327N;07036941W;1.8
26;29;6;18;19;25;4259325N;07036941W;0.2
26;29;6;18;19;40;4259316N;07036944W;0.2
26;29;6;18;19;55;4259310N;07036938W;0.4
26;29;6;18;20;11;4259309N;07036934W;0.3
26;29;6;18;20;55;4301401N;07033903W;36.
26;29;6;18;21;10;4304561N;07027647W;29.
26;29;6;18;21;10;4304561N;07027647W;29.
26;29;6;18;21;25;4305300N;07028744W;23.
26;29;6;18;21;40;4305282N;07028080W;29.
26;29;6;18;21;55;4304949N;07027701W;28.
26;29;6;18;22;11;4303784N;07027832W;28.
26;29;6;18;22;11;4303784N;07027832W;28.
26;29;6;18;22;11;4303784N;07027832W;28.
26;29;6;18;22;11;4303784N;07027832W;28.
26;29;6;18;22;26;4302557N;07030821W;22.
26;29;6;18;22;26;4302557N;07030821W;22.
26;29;6;18;22;41;4259305N;07036943W;0.9
