27;17;6;18;17;14;4258388N;07045852W;0.1
27;17;6;18;18;14;4259051N;07043347W;21.
27;17;6;18;19;15;4259365N;07036968W;0.3
27;17;6;18;20;15;4259365N;07036969W;1.8
27;17;6;18;21;16;4259363N;07036970W;0.2
27;17;6;18;22;17;4255537N;07049001W;0.4
27;17;6;18;23;17;4258348N;07045852W;0.2
27;18;6;18;0;18;4259362N;07036968W;0.1
27;18;6;18;1;19;4259363N;07036969W;0.1
27;18;6;18;2;20;4259359N;07036967W;0.1
27;18;6;18;3;20;4259367N;07036967W;1.4
27;19;6;18;15;26;4259361N;07036981W;0.2
27;19;6;18;20;25;4258326N;07046019W;0.1
27;19;6;18;21;25;4258415N;07045843W;0.2
27;19;6;18;22;26;4259356N;07036972W;1.0
27;19;6;18;23;26;4259356N;07036969W;0.2
27;20;6;18;0;27;4259361N;07036968W;0.3
27;20;6;18;1;28;4259453N;07037043W;0.0
27;20;6;18;2;28;4259452N;07037050W;0.3
27;20;6;18;3;28;4259455N;07037050W;0.4
27;20;6;18;4;28;4259457N;07037041W;1.2
27;20;6;18;5;29;4259457N;07037042W;6.0
27;20;6;18;11;34;4258384N;07045857W;0.0
27;20;6;18;12;35;4259354N;07036968W;0.2
27;20;6;18;13;36;4259364N;07036971W;0.3
27;20;6;18;17;5;4258768N;07045893W;34.
27;20;6;18;18;5;4258907N;07045891W;1.4
27;20;6;18;19;5;4258797N;07045879W;1.5
27;20;6;18;19;47;4258765N;07042205W;27.
27;20;6;18;20;2;4259361N;07036959W;0.4
27;20;6;18;21;2;4259377N;07036960W;0.7
27;20;6;18;22;3;4259358N;07037000W;0.4
27;20;6;18;23;4;4259362N;07036969W;0.3
27;21;6;18;0;4;4259351N;07036965W;0.1
27;21;6;18;1;5;4259359N;07036971W;0.4
27;21;6;18;2;5;4259359N;07036962W;0.4
27;21;6;18;3;6;4259364N;07036968W;0.4
27;21;6;18;4;6;4259357N;07036965W;0.5
27;21;6;18;5;7;4259361N;07036965W;1.0
27;21;6;18;6;7;4259371N;07036961W;0.5
27;21;6;18;6;7;4259371N;07036961W;0.5
27;21;6;18;7;8;4259384N;07036971W;0.5
27;21;6;18;8;8;4259355N;07036960W;0.3
27;21;6;18;23;10;4259364N;07036969W;0.0
27;22;6;18;0;10;4259264N;07037146W;0.6
27;22;6;18;1;11;4259329N;07036955W;0.3
27;22;6;18;2;11;4259312N;07036929W;0.3
27;22;6;18;3;11;4259363N;07036947W;0.1
27;22;6;18;4;12;4259371N;07036981W;0.3
27;25;6;18;17;40;4258673N;07038759W;19.
27;25;6;18;18;40;4259344N;07036970W;0.0
27;25;6;18;19;27;4259376N;07036966W;1.2
27;25;6;18;19;52;4259360N;07036968W;0.1
27;25;6;18;20;29;4259357N;07036965W;1.6
27;25;6;18;21;30;4259357N;07036974W;1.0
27;25;6;18;22;31;4259360N;07036968W;0.0
27;25;6;18;23;31;4259369N;07036972W;0.3
27;26;6;18;0;32;4259354N;07036969W;0.0
27;26;6;18;1;33;4259361N;07036959W;0.4
27;26;6;18;2;33;4259361N;07036963W;0.9
27;26;6;18;3;34;4259358N;07036964W;0.1
27;26;6;18;4;35;4259359N;07036961W;0.0
27;26;6;18;5;36;4259356N;07036963W;0.1
27;26;6;18;6;36;4259358N;07036968W;0.3
27;26;6;18;23;12;4259361N;07036969W;0.3
27;27;6;18;0;13;4300732N;07044188W;17.
27;27;6;18;1;13;4259359N;07036967W;0.2
27;27;6;18;2;14;4259346N;07036954W;0.3
27;29;6;18;12;10;4256736N;07046470W;21.
27;29;6;18;13;11;4259360N;07036967W;1.2
27;29;6;18;14;11;4259366N;07036975W;0.1
27;29;6;18;15;12;4259353N;07036987W;0.1
27;29;6;18;16;13;4259360N;07036964W;0.2
27;29;6;18;18;25;4258406N;07045855W;0.2
27;29;6;18;19;26;4258720N;07045871W;19.
27;29;6;18;20;27;4259093N;07043812W;29.
27;29;6;18;21;27;4259350N;07036973W;1.1
27;29;6;18;22;28;4259354N;07036973W;0.4
