28;15;6;18;19;28;4259326N;07036905W;0.4
28;15;6;18;19;43;4258583N;07036630W;17.
28;15;6;18;19;58;4253808N;07035371W;22.
28;15;6;18;20;13;4251120N;07036408W;23.
28;15;6;18;20;28;4250967N;07037528W;21.
28;15;6;18;20;28;4250967N;07037528W;21.
28;15;6;18;20;43;4250568N;07038115W;19.
28;15;6;18;20;43;4250568N;07038115W;19.
28;15;6;18;20;58;4249944N;07039134W;21.
28;15;6;18;21;13;4249868N;07041175W;17.
28;15;6;18;21;28;4247989N;07041485W;24.
28;15;6;18;21;44;4249857N;07036523W;25.
28;15;6;18;21;59;4249983N;07036483W;0.2
28;15;6;18;22;14;4249543N;07031316W;28.
28;15;6;18;22;29;4252130N;07027274W;23.
28;15;6;18;22;44;4252221N;07027927W;0.7
28;15;6;18;22;59;4253103N;07028433W;1.7
28;15;6;18;23;14;4253538N;07027152W;0.5
28;15;6;18;23;29;4254769N;07024513W;28.
28;15;6;18;23;44;4253536N;07018407W;21.
28;15;6;18;23;59;4254919N;07022901W;23.
28;16;6;18;0;14;4258707N;07029069W;24.
28;16;6;18;0;30;4259275N;07036125W;25.
28;16;6;18;0;45;4259295N;07036894W;0.6
28;16;6;18;1;0;4259276N;07036889W;0.1
28;16;6;18;1;15;4259277N;07036887W;0.1
28;16;6;18;1;31;4259319N;07036914W;0.0
28;16;6;18;1;46;4259339N;07036916W;0.8
28;16;6;18;2;2;4259321N;07036908W;0.0
28;16;6;18;2;17;4259313N;07036914W;0.7
28;16;6;18;2;17;4259313N;07036914W;0.7
28;16;6;18;2;17;4259313N;07036914W;0.7
28;16;6;18;2;17;4259313N;07036914W;0.7
28;16;6;18;2;17;4259313N;07036914W;0.7
28;16;6;18;2;17;4259313N;07036914W;0.7
28;16;6;18;2;17;4259313N;07036914W;0.7
28;16;6;18;2;32;4259326N;07036920W;0.3
28;16;6;18;2;47;4259321N;07036915W;0.3
28;16;6;18;3;2;4259317N;07036908W;0.4
28;16;6;18;3;17;4259317N;07036915W;0.6
28;16;6;18;3;32;4259320N;07036913W;0.7
28;16;6;18;3;47;4259318N;07036921W;0.5
28;16;6;18;4;3;4259333N;07036920W;0.4
28;16;6;18;4;18;4259331N;07036929W;0.7
28;16;6;18;4;34;4259322N;07036915W;0.4
28;16;6;18;4;49;4259323N;07036912W;0.9
28;16;6;18;5;4;4259323N;07036912W;0.2
28;16;6;18;5;19;4259328N;07036916W;2.9
28;16;6;18;5;34;4259336N;07036928W;0.5
28;16;6;18;5;49;4259323N;07036921W;0.9
28;16;6;18;6;4;4259315N;07036906W;0.5
28;16;6;18;6;19;4259309N;07036897W;0.7
28;16;6;18;6;34;4259313N;07036890W;0.8
28;16;6;18;6;50;4259315N;07036891W;0.3
28;16;6;18;7;5;4259321N;07036919W;0.2
28;16;6;18;7;20;4259319N;07036913W;1.3
28;16;6;18;7;35;4259322N;07036918W;1.0
28;16;6;18;7;50;4259325N;07036921W;0.2
28;16;6;18;8;5;4259322N;07036916W;2.1
28;16;6;18;8;20;4259314N;07036910W;0.1
28;16;6;18;8;36;4259298N;07036896W;0.7
28;16;6;18;8;51;4259295N;07036899W;0.2
28;16;6;18;9;6;4259292N;07036900W;0.5
28;16;6;18;9;21;4259294N;07036883W;1.4
28;16;6;18;9;36;4259288N;07036883W;0.4
28;16;6;18;9;51;4259293N;07036882W;1.1
28;16;6;18;10;7;4259295N;07036892W;0.9
28;16;6;18;10;22;4256355N;07035963W;37.
28;16;6;18;10;37;4253069N;07036758W;0.3
28;16;6;18;10;52;4251978N;07037202W;0.4
28;16;6;18;10;52;4251978N;07037202W;0.4
28;16;6;18;11;7;4250596N;07037836W;0.8
28;16;6;18;11;22;4247630N;07036511W;0.3
28;16;6;18;11;38;4246946N;07036099W;1.3
28;16;6;18;11;53;4246247N;07035559W;0.7
28;16;6;18;12;8;4245950N;07035277W;8.7
28;16;6;18;12;23;4246328N;07035878W;19.
28;16;6;18;12;38;4247294N;07036211W;0.2
28;16;6;18;12;53;4248049N;07036943W;17.
28;16;6;18;13;8;4248183N;07038106W;0.4
28;16;6;18;13;8;4248183N;07038106W;0.4
28;16;6;18;13;24;4247506N;07037583W;1.0
28;16;6;18;13;24;4247506N;07037583W;1.0
28;16;6;18;13;39;4247434N;07036590W;1.4
28;16;6;18;13;39;4247434N;07036590W;1.4
28;16;6;18;13;39;4247434N;07036590W;1.4
28;16;6;18;13;39;4247434N;07036590W;1.4
28;16;6;18;13;54;4246427N;07036648W;0.9
28;16;6;18;13;54;4246427N;07036648W;0.9
28;16;6;18;13;54;4246427N;07036648W;0.9
28;16;6;18;14;9;4245229N;07035100W;28.
28;16;6;18;14;9;4245229N;07035100W;28.
28;16;6;18;14;9;4245229N;07035100W;28.
28;16;6;18;14;24;4245188N;07035065W;0.8
28;16;6;18;14;24;4245188N;07035065W;0.8
28;16;6;18;14;39;4245159N;07035360W;0.3
28;16;6;18;14;54;4245107N;07035323W;0.4
28;16;6;18;15;9;4245066N;07035294W;0.3
28;16;6;18;15;24;4245010N;07035277W;0.3
28;16;6;18;15;39;4244972N;07035258W;0.0
28;16;6;18;15;54;4244928N;07035250W;0.6
28;16;6;18;15;54;4244928N;07035250W;0.6
28;16;6;18;15;54;4244928N;07035250W;0.6
28;16;6;18;16;10;4244918N;07035231W;0.5
28;16;6;18;16;10;4244918N;07035231W;0.5
28;16;6;18;16;10;4244918N;07035231W;0.5
28;16;6;18;16;25;4244864N;07035271W;0.2
28;16;6;18;16;40;4244876N;07035269W;0.7
28;16;6;18;16;55;4244820N;07035274W;0.1
28;16;6;18;17;10;4244754N;07035276W;0.1
28;16;6;18;17;10;4244754N;07035276W;0.1
28;16;6;18;17;10;4244754N;07035276W;0.1
28;16;6;18;17;25;4246424N;07036058W;0.5
28;16;6;18;17;40;4246430N;07036176W;0.5
28;16;6;18;17;55;4246420N;07035959W;6.7
28;16;6;18;17;55;4246420N;07035959W;6.7
28;16;6;18;18;11;4246384N;07036159W;0.5
28;16;6;18;18;26;4246566N;07035109W;0.5
28;16;6;18;18;26;4246566N;07035109W;0.5
28;16;6;18;18;41;4246493N;07035085W;1.1
28;16;6;18;18;56;4247041N;07035806W;25.
28;16;6;18;19;11;4247018N;07036107W;0.2
28;16;6;18;19;11;4247018N;07036107W;0.2
28;16;6;18;19;27;4247253N;07035957W;0.6
28;16;6;18;19;42;4247501N;07037167W;0.8
28;16;6;18;19;57;4250445N;07038243W;0.3
28;16;6;18;20;12;4251318N;07038157W;0.9
28;16;6;18;20;27;4251378N;07038031W;1.1
28;16;6;18;20;27;4251378N;07038031W;1.1
28;16;6;18;20;27;4251378N;07038031W;1.1
28;16;6;18;20;42;4251414N;07038059W;0.6
28;16;6;18;20;57;4251375N;07038182W;20.
28;16;6;18;21;13;4250691N;07039168W;0.9
28;16;6;18;21;13;4250691N;07039168W;0.9
28;16;6;18;21;13;4250691N;07039168W;0.9
28;16;6;18;21;28;4250586N;07039086W;0.8
28;16;6;18;21;43;4249604N;07039490W;0.7
28;16;6;18;21;59;4250323N;07038982W;0.0
28;16;6;18;22;15;4250023N;07039171W;20.
28;16;6;18;22;30;4250256N;07039723W;0.4
28;16;6;18;22;45;4250322N;07039753W;1.5
28;16;6;18;23;0;4249800N;07040897W;17.
28;16;6;18;23;15;4250038N;07037913W;0.3
28;16;6;18;23;15;4250038N;07037913W;0.3
28;16;6;18;23;30;4251341N;07037775W;25.
28;16;6;18;23;45;4251780N;07029359W;27.
28;17;6;18;0;0;4251985N;07029108W;25.
28;17;6;18;0;0;4251985N;07029108W;25.
28;17;6;18;0;15;4252545N;07029500W;21.
28;17;6;18;0;30;4253109N;07029551W;0.7
28;17;6;18;0;45;4254934N;07030616W;26.
28;17;6;18;0;45;4254934N;07030616W;26.
28;17;6;18;0;45;4254934N;07030616W;26.
28;17;6;18;0;45;4254934N;07030616W;26.
28;17;6;18;0;45;4254934N;07030616W;26.
28;17;6;18;1;1;4259339N;07036758W;23.
28;17;6;18;1;17;4259302N;07036925W;0.5
28;17;6;18;1;32;4259311N;07036910W;0.2
28;17;6;18;1;47;4259321N;07036916W;0.5
28;17;6;18;2;3;4259318N;07036909W;0.4
28;17;6;18;2;18;4259312N;07036899W;5.6
28;17;6;18;2;33;4259317N;07036899W;0.5
28;17;6;18;2;48;4259324N;07036908W;0.4
28;17;6;18;3;3;4259318N;07036918W;1.7
28;17;6;18;3;19;4259317N;07036948W;1.0
28;17;6;18;3;34;4259328N;07036913W;0.3
28;17;6;18;3;49;4259332N;07036914W;0.1
28;17;6;18;4;4;4259326N;07036923W;0.2
28;17;6;18;4;20;4259325N;07036912W;0.4
28;17;6;18;4;35;4259333N;07036921W;0.4
28;17;6;18;4;50;4259337N;07036936W;0.6
28;17;6;18;5;6;4259332N;07036939W;0.9
28;17;6;18;5;21;4259384N;07036938W;3.2
28;17;6;18;5;36;4259422N;07037042W;0.1
28;17;6;18;5;51;4259241N;07036820W;0.0
28;17;6;18;5;51;4259241N;07036820W;0.0
28;17;6;18;6;6;4259223N;07036799W;0.3
28;17;6;18;6;6;4259223N;07036799W;0.3
28;17;6;18;6;21;4259260N;07036849W;0.2
28;17;6;18;6;21;4259260N;07036849W;0.2
28;17;6;18;6;37;4259306N;07036908W;0.4
28;17;6;18;6;37;4259306N;07036908W;0.4
28;17;6;18;6;37;4259306N;07036908W;0.4
28;17;6;18;6;37;4259306N;07036908W;0.4
28;17;6;18;6;52;4259370N;07037097W;0.0
28;17;6;18;7;7;4259380N;07037101W;0.4
28;17;6;18;7;22;4259163N;07037134W;0.2
28;17;6;18;7;38;4259321N;07036912W;0.1
28;17;6;18;7;53;4259326N;07036914W;1.5
28;17;6;18;8;8;4259317N;07036921W;0.2
28;17;6;18;8;23;4259325N;07036915W;0.7
28;17;6;18;8;39;4259304N;07036915W;1.7
28;17;6;18;8;54;4259302N;07036913W;0.3
28;17;6;18;9;9;4259318N;07036931W;0.3
28;17;6;18;9;24;4254270N;07034789W;27.
28;17;6;18;9;39;4254114N;07035396W;19.
28;17;6;18;9;54;4250662N;07035663W;25.
28;17;6;18;10;9;4249281N;07035586W;0.6
28;17;6;18;10;24;4248083N;07035190W;14.
28;17;6;18;10;39;4249024N;07034096W;25.
28;17;6;18;10;54;4249626N;07033375W;18.
28;17;6;18;11;9;4249373N;07033399W;0.5
28;17;6;18;11;25;4249613N;07033545W;2.6
28;17;6;18;11;40;4249809N;07033326W;0.3
28;17;6;18;11;55;4249860N;07033289W;0.4
28;17;6;18;12;11;4249909N;07033321W;0.2
28;17;6;18;12;26;4249915N;07033305W;0.0
28;17;6;18;12;41;4249973N;07033207W;0.9
28;17;6;18;12;56;4249834N;07033282W;1.2
28;17;6;18;13;11;4248972N;07034241W;0.4
28;17;6;18;13;26;4248878N;07034288W;0.2
28;17;6;18;13;41;4247960N;07035219W;1.0
28;17;6;18;13;56;4247179N;07035778W;0.8
28;17;6;18;14;11;4247250N;07036705W;2.5
28;17;6;18;14;26;4247403N;07037017W;0.7
28;17;6;18;14;41;4247388N;07037158W;0.3
28;17;6;18;14;56;4247370N;07037308W;0.5
28;17;6;18;15;11;4247641N;07036387W;24.
28;17;6;18;15;27;4247748N;07035536W;0.9
28;17;6;18;15;42;4247277N;07035963W;0.6
28;17;6;18;15;57;4247305N;07036284W;1.2
28;17;6;18;16;12;4247340N;07036590W;0.5
28;17;6;18;16;27;4247390N;07036810W;0.6
28;17;6;18;16;43;4247465N;07037077W;1.1
28;17;6;18;16;58;4247404N;07037369W;1.2
28;17;6;18;17;13;4247357N;07037681W;0.6
28;17;6;18;17;28;4247396N;07037907W;0.6
28;17;6;18;17;43;4247464N;07038077W;0.5
28;17;6;18;17;58;4246730N;07038939W;0.2
28;17;6;18;18;13;4246523N;07039376W;0.6
28;17;6;18;18;28;4246529N;07039486W;0.4
28;17;6;18;18;43;4245680N;07040267W;26.
28;17;6;18;18;58;4245756N;07040422W;1.3
28;17;6;18;19;13;4245443N;07038628W;0.5
28;17;6;18;19;28;4250949N;07038411W;23.
28;17;6;18;19;47;4258328N;07037460W;22.
28;17;6;18;20;3;4259294N;07036893W;0.4
28;17;6;18;20;18;4259310N;07036851W;5.1
28;17;6;18;20;18;4259310N;07036851W;5.1
28;17;6;18;20;18;4259310N;07036851W;5.1
28;17;6;18;20;33;4259310N;07036870W;4.4
28;17;6;18;20;33;4259310N;07036870W;4.4
28;17;6;18;20;48;4259312N;07036894W;1.0
28;17;6;18;20;48;4259312N;07036894W;1.0
28;17;6;18;20;48;4259312N;07036894W;1.0
28;17;6;18;21;3;4259309N;07036908W;0.4
28;17;6;18;21;19;4259317N;07036914W;0.4
28;17;6;18;21;34;4259316N;07036921W;0.4
28;17;6;18;21;49;4259314N;07036924W;0.8
28;17;6;18;22;4;4259321N;07036911W;1.4
28;17;6;18;22;19;4259318N;07036913W;0.2
28;17;6;18;22;34;4259316N;07036911W;0.3
28;17;6;18;22;34;4259316N;07036911W;0.3
28;17;6;18;22;34;4259316N;07036911W;0.3
28;17;6;18;22;34;4259316N;07036911W;0.3
28;17;6;18;22;50;4259319N;07036908W;0.1
28;17;6;18;22;50;4259319N;07036908W;0.1
28;17;6;18;22;50;4259319N;07036908W;0.1
28;17;6;18;23;5;4259328N;07036902W;0.1
28;17;6;18;23;21;4259328N;07036908W;0.7
28;17;6;18;23;21;4259328N;07036908W;0.7
28;17;6;18;23;21;4259328N;07036908W;0.7
28;17;6;18;23;21;4259328N;07036908W;0.7
28;17;6;18;23;37;4259328N;07036904W;0.0
28;17;6;18;23;52;4259332N;07036909W;0.2
28;17;6;18;23;52;4259332N;07036909W;0.2
28;17;6;18;23;52;4259332N;07036909W;0.2
28;18;6;18;0;8;4259320N;07036911W;0.5
28;18;6;18;0;8;4259320N;07036911W;0.5
28;18;6;18;0;23;4259320N;07036909W;0.2
28;18;6;18;0;38;4259309N;07036907W;0.3
28;18;6;18;0;53;4259169N;07036850W;0.6
28;18;6;18;1;8;4259274N;07036897W;0.8
28;18;6;18;1;24;4259278N;07036893W;0.4
28;18;6;18;1;24;4259278N;07036893W;0.4
28;18;6;18;1;39;4259314N;07036919W;0.2
28;18;6;18;1;39;4259314N;07036919W;0.2
28;18;6;18;1;39;4259314N;07036919W;0.2
28;18;6;18;1;54;4259318N;07036916W;0.6
28;18;6;18;1;54;4259318N;07036916W;0.6
28;18;6;18;1;54;4259318N;07036916W;0.6
28;18;6;18;1;54;4259318N;07036916W;0.6
28;18;6;18;2;9;4259312N;07036910W;0.5
28;18;6;18;2;24;4259313N;07036909W;1.4
28;18;6;18;2;39;4259315N;07036908W;0.5
28;18;6;18;2;54;4259338N;07036927W;0.7
28;18;6;18;2;54;4259338N;07036927W;0.7
28;18;6;18;2;54;4259338N;07036927W;0.7
28;18;6;18;2;54;4259338N;07036927W;0.7
28;18;6;18;3;9;4259345N;07036930W;0.9
28;18;6;18;3;25;4259334N;07036915W;0.1
28;18;6;18;3;40;4259358N;07036919W;0.6
28;18;6;18;3;56;4259322N;07036909W;1.2
28;18;6;18;4;11;4259324N;07036927W;0.6
28;18;6;18;4;26;4259329N;07036928W;0.7
28;18;6;18;4;41;4259341N;07036937W;0.7
28;18;6;18;4;56;4259335N;07036930W;0.7
28;18;6;18;4;56;4259335N;07036930W;0.7
28;18;6;18;5;11;4259339N;07036938W;0.3
28;18;6;18;5;11;4259339N;07036938W;0.3
28;18;6;18;5;27;4259325N;07036918W;1.0
28;18;6;18;5;42;4259305N;07036920W;0.4
28;18;6;18;5;57;4259320N;07036919W;1.1
28;18;6;18;6;12;4259323N;07036919W;1.0
28;18;6;18;6;27;4259329N;07036925W;0.5
28;18;6;18;6;43;4259316N;07036919W;0.0
28;18;6;18;6;58;4259316N;07036922W;4.7
28;18;6;18;7;13;4259320N;07036910W;1.6
28;18;6;18;7;28;4259325N;07036923W;0.5
28;18;6;18;7;43;4259315N;07036901W;2.3
28;18;6;18;7;58;4259316N;07036899W;0.6
28;18;6;18;8;13;4259321N;07036909W;0.1
28;18;6;18;8;28;4259318N;07036910W;0.6
28;18;6;18;8;43;4259326N;07036912W;0.3
28;18;6;18;8;58;4259316N;07036912W;0.3
28;18;6;18;9;14;4259300N;07036912W;1.7
28;18;6;18;9;29;4259313N;07036901W;1.1
28;18;6;18;9;44;4259278N;07036887W;1.2
28;18;6;18;9;59;4259380N;07037500W;25.
28;18;6;18;10;14;4254486N;07038964W;21.
28;18;6;18;10;29;4255630N;07037837W;40.
28;18;6;18;10;44;4259303N;07036886W;0.1
28;18;6;18;11;0;4259329N;07036914W;0.6
28;18;6;18;11;15;4259327N;07036909W;0.1
28;18;6;18;11;30;4259319N;07036903W;0.4
28;18;6;18;11;45;4259320N;07036905W;0.3
28;18;6;18;12;0;4259319N;07036903W;0.8
28;18;6;18;12;16;4259319N;07036910W;0.5
28;18;6;18;12;31;4259319N;07036908W;0.3
28;18;6;18;12;47;4259325N;07036917W;0.3
28;18;6;18;13;2;4259319N;07036917W;0.9
28;18;6;18;13;17;4259312N;07036907W;2.3
28;18;6;18;13;33;4259315N;07036919W;0.5
28;18;6;18;13;48;4259329N;07036928W;0.4
28;18;6;18;14;3;4259319N;07036919W;0.2
28;18;6;18;14;18;4259255N;07036854W;20.
28;18;6;18;14;33;4259304N;07036901W;0.3
28;18;6;18;14;48;4259297N;07036838W;0.3
28;18;6;18;15;3;4259272N;07036875W;0.1
28;18;6;18;15;19;4259236N;07036928W;0.4
28;18;6;18;15;34;4259271N;07036889W;0.9
28;18;6;18;15;49;4259268N;07036880W;0.9
28;18;6;18;16;4;4258884N;07036679W;20.
28;18;6;18;16;19;4255489N;07038167W;21.
28;18;6;18;16;34;4251555N;07041183W;17.
28;18;6;18;16;49;4248051N;07040200W;16.
28;18;6;18;17;4;4248202N;07039667W;1.1
28;18;6;18;17;19;4248221N;07040987W;0.8
28;18;6;18;17;34;4248847N;07039720W;35.
28;18;6;18;17;49;4249088N;07039517W;0.7
28;18;6;18;18;5;4249249N;07039355W;0.5
28;18;6;18;18;20;4249282N;07039283W;0.7
28;18;6;18;18;20;4249282N;07039283W;0.7
28;18;6;18;18;35;4249370N;07039103W;1.4
28;18;6;18;18;50;4248455N;07040001W;0.3
28;18;6;18;18;50;4248455N;07040001W;0.3
28;18;6;18;18;50;4248455N;07040001W;0.3
28;18;6;18;18;50;4248455N;07040001W;0.3
28;18;6;18;18;50;4248455N;07040001W;0.3
28;18;6;18;19;5;4248392N;07039979W;0.6
28;18;6;18;19;5;4248392N;07039979W;0.6
28;18;6;18;19;5;4248392N;07039979W;0.6
28;18;6;18;19;20;4247806N;07039996W;0.5
28;18;6;18;19;20;4247806N;07039996W;0.5
28;18;6;18;19;20;4247806N;07039996W;0.5
28;18;6;18;19;36;4247766N;07039881W;0.5
28;18;6;18;19;36;4247766N;07039881W;0.5
28;18;6;18;19;51;4247987N;07039359W;12.
28;18;6;18;19;51;4247987N;07039359W;12.
28;18;6;18;20;6;4247673N;07039421W;2.8
28;18;6;18;20;21;4248582N;07041312W;12.
28;18;6;18;20;21;4248582N;07041312W;12.
28;18;6;18;20;36;4247441N;07042780W;17.
28;18;6;18;20;36;4247441N;07042780W;17.
28;18;6;18;20;51;4247282N;07043501W;1.2
28;18;6;18;20;51;4247282N;07043501W;1.2
28;18;6;18;21;6;4249863N;07040988W;0.1
28;18;6;18;21;21;4249573N;07040099W;0.8
28;18;6;18;21;36;4249563N;07039063W;1.0
28;18;6;18;21;36;4249563N;07039063W;1.0
28;18;6;18;21;51;4252595N;07038955W;57.
28;18;6;18;21;51;4252595N;07038955W;57.
28;18;6;18;21;51;4252595N;07038955W;57.
28;18;6;18;22;7;4259307N;07036918W;1.5
28;18;6;18;22;7;4259307N;07036918W;1.5
28;18;6;18;22;22;4259306N;07036914W;0.3
28;18;6;18;22;38;4259279N;07036914W;0.2
28;18;6;18;22;53;4259319N;07036914W;0.4
28;18;6;18;23;8;4259313N;07036916W;0.3
28;18;6;18;23;8;4259313N;07036916W;0.3
28;18;6;18;23;23;4259326N;07036915W;0.1
28;18;6;18;23;39;4259326N;07036923W;0.3
28;18;6;18;23;39;4259326N;07036923W;0.3
28;18;6;18;23;39;4259326N;07036923W;0.3
28;18;6;18;23;54;4259342N;07036915W;0.2
28;19;6;18;0;9;4259322N;07036907W;0.2
28;19;6;18;0;9;4259322N;07036907W;0.2
28;19;6;18;0;9;4259322N;07036907W;0.2
28;19;6;18;0;9;4259322N;07036907W;0.2
28;19;6;18;0;25;4259325N;07036904W;0.6
28;19;6;18;0;40;4259332N;07036902W;0.3
28;19;6;18;0;55;4259322N;07036907W;0.1
28;19;6;18;1;10;4259319N;07036921W;0.2
28;19;6;18;1;10;4259319N;07036921W;0.2
28;19;6;18;1;25;4259320N;07036920W;0.5
28;19;6;18;1;41;4259314N;07036921W;0.6
28;19;6;18;1;56;4259309N;07036906W;0.6
28;19;6;18;2;11;4259307N;07036912W;0.4
28;19;6;18;2;26;4259289N;07036882W;0.4
28;19;6;18;2;41;4259307N;07036901W;0.7
28;19;6;18;2;57;4259317N;07036907W;0.4
28;19;6;18;3;12;4259336N;07036931W;0.0
28;19;6;18;3;27;4259331N;07036917W;0.3
28;19;6;18;3;27;4259331N;07036917W;0.3
28;19;6;18;3;27;4259331N;07036917W;0.3
28;19;6;18;3;42;4259326N;07036913W;0.5
28;19;6;18;3;58;4259315N;07036923W;0.6
28;19;6;18;4;13;4259316N;07036924W;0.4
28;19;6;18;4;28;4259312N;07036938W;0.5
28;19;6;18;4;43;4259314N;07036929W;0.3
28;19;6;18;4;58;4259314N;07036933W;0.1
28;19;6;18;5;14;4259297N;07036930W;0.3
28;19;6;18;5;29;4259301N;07036915W;0.7
28;19;6;18;5;44;4259326N;07036896W;0.8
28;19;6;18;5;59;4259330N;07036947W;2.0
28;19;6;18;6;14;4259314N;07036923W;0.0
28;19;6;18;6;30;4259322N;07036922W;0.0
28;19;6;18;6;45;4259322N;07036919W;0.1
28;19;6;18;7;0;4259321N;07036910W;0.1
28;19;6;18;7;15;4259321N;07036913W;1.0
28;19;6;18;7;30;4259312N;07036903W;0.4
28;19;6;18;7;46;4259329N;07036895W;0.5
28;19;6;18;8;1;4259320N;07036909W;1.4
28;19;6;18;8;16;4259322N;07036926W;4.9
28;19;6;18;8;31;4259320N;07036923W;1.3
28;19;6;18;8;46;4259319N;07036921W;0.3
28;19;6;18;9;1;4259338N;07036907W;1.5
28;19;6;18;9;16;4259316N;07036916W;0.4
28;19;6;18;9;31;4259317N;07036906W;1.7
28;19;6;18;9;47;4259313N;07036908W;0.3
28;19;6;18;10;2;4259318N;07036921W;0.2
28;19;6;18;10;2;4259318N;07036921W;0.2
28;19;6;18;10;17;4259318N;07036902W;0.2
28;19;6;18;10;17;4259318N;07036902W;0.2
28;19;6;18;10;32;4259327N;07036909W;0.1
28;19;6;18;10;47;4259321N;07036903W;0.2
28;19;6;18;11;3;4259327N;07036911W;0.4
28;19;6;18;11;18;4259324N;07036908W;0.0
28;19;6;18;11;33;4259351N;07036910W;0.2
28;19;6;18;11;48;4259335N;07036912W;0.4
28;19;6;18;11;48;4259335N;07036912W;0.4
28;19;6;18;11;48;4259335N;07036912W;0.4
28;19;6;18;11;48;4259335N;07036912W;0.4
28;19;6;18;12;4;4259309N;07036925W;0.3
28;19;6;18;12;20;4259330N;07036916W;0.3
28;19;6;18;12;35;4259368N;07036928W;0.6
28;19;6;18;12;50;4259301N;07036910W;0.3
28;19;6;18;13;5;4259284N;07036886W;0.0
28;19;6;18;13;20;4252575N;07037592W;37.
28;19;6;18;13;35;4247624N;07036551W;1.1
28;19;6;18;13;50;4246527N;07035178W;0.8
28;19;6;18;14;5;4246538N;07035267W;15.
28;19;6;18;14;21;4249094N;07038291W;0.5
28;19;6;18;14;36;4249361N;07038502W;0.5
28;19;6;18;14;36;4249361N;07038502W;0.5
28;19;6;18;14;36;4249361N;07038502W;0.5
28;19;6;18;14;36;4249361N;07038502W;0.5
28;19;6;18;14;51;4249359N;07038605W;0.5
28;19;6;18;14;51;4249359N;07038605W;0.5
28;19;6;18;15;6;4250177N;07039450W;1.0
28;19;6;18;15;21;4249683N;07039462W;0.8
28;19;6;18;15;36;4248858N;07039359W;1.1
28;19;6;18;15;36;4248858N;07039359W;1.1
28;19;6;18;15;36;4248858N;07039359W;1.1
28;19;6;18;15;36;4248858N;07039359W;1.1
28;19;6;18;15;51;4247291N;07036579W;0.5
28;19;6;18;16;6;4247449N;07038012W;0.6
28;19;6;18;16;21;4247838N;07039207W;22.
28;19;6;18;16;42;4248842N;07039701W;0.6
28;19;6;18;16;57;4248946N;07039661W;0.6
28;19;6;18;17;12;4248942N;07039681W;2.0
28;19;6;18;17;27;4248915N;07039668W;2.1
28;19;6;18;17;42;4248873N;07039666W;0.7
28;19;6;18;17;57;4248824N;07039597W;0.8
28;19;6;18;17;57;4248824N;07039597W;0.8
28;19;6;18;17;57;4248824N;07039597W;0.8
28;19;6;18;18;12;4248811N;07039508W;0.6
28;19;6;18;18;27;4248755N;07039346W;0.4
28;19;6;18;18;42;4248650N;07039287W;0.1
28;19;6;18;18;57;4248523N;07039161W;1.2
28;19;6;18;19;13;4248401N;07039000W;0.6
28;19;6;18;19;28;4248258N;07038923W;0.9
28;19;6;18;19;43;4248224N;07037434W;22.
28;19;6;18;19;43;4248224N;07037434W;22.
28;19;6;18;19;43;4248224N;07037434W;22.
28;19;6;18;19;58;4247461N;07034847W;29.
28;19;6;18;20;13;4246078N;07029253W;23.
28;19;6;18;20;28;4240939N;07028095W;23.
28;19;6;18;20;45;4237095N;07022293W;22.
28;19;6;18;21;2;4231149N;07018547W;24.
28;19;6;18;21;19;4229611N;07009452W;21.
28;19;6;18;21;34;4228143N;07001280W;28.
28;19;6;18;21;34;4228143N;07001280W;28.
28;19;6;18;21;55;4226905N;06959641W;6.2
28;19;6;18;21;55;4226905N;06959641W;6.2
28;19;6;18;22;10;4225520N;06959267W;1.0
28;19;6;18;22;10;4225520N;06959267W;1.0
28;19;6;18;22;25;4225398N;06959045W;0.5
28;19;6;18;22;40;4225796N;06956996W;0.9
28;19;6;18;22;55;4224906N;06957064W;1.0
28;19;6;18;22;55;4224906N;06957064W;1.0
28;19;6;18;23;10;4223858N;06957442W;1.7
28;19;6;18;23;25;4223273N;06957629W;2.9
28;19;6;18;23;40;4222819N;06957818W;1.0
28;19;6;18;23;55;4222642N;06957582W;1.6
28;20;6;18;0;11;4222562N;06957307W;1.2
28;20;6;18;0;26;4222601N;06957188W;0.9
28;20;6;18;0;41;4225027N;06956658W;24.
28;20;6;18;0;41;4225027N;06956658W;24.
28;20;6;18;0;56;4225112N;06956519W;0.9
28;20;6;18;1;11;4225145N;06956424W;0.8
28;20;6;18;1;26;4224965N;06956293W;1.3
28;20;6;18;1;41;4224860N;06956198W;0.9
28;20;6;18;1;56;4224739N;06956008W;0.5
28;20;6;18;2;11;4224680N;06955919W;0.2
28;20;6;18;2;26;4224577N;06955847W;0.4
28;20;6;18;2;26;4224577N;06955847W;0.4
28;20;6;18;2;41;4224517N;06955742W;0.2
28;20;6;18;2;56;4224446N;06955675W;0.8
28;20;6;18;3;11;4224393N;06955587W;0.3
28;20;6;18;3;27;4224356N;06955496W;1.1
28;20;6;18;3;42;4224367N;06955320W;0.5
28;20;6;18;3;57;4224347N;06955184W;1.3
28;20;6;18;4;12;4222768N;06954109W;1.1
28;20;6;18;4;27;4222591N;06954188W;0.3
28;20;6;18;4;42;4221700N;06955185W;1.4
28;20;6;18;4;42;4221700N;06955185W;1.4
28;20;6;18;4;57;4221855N;06956366W;0.8
28;20;6;18;5;12;4221446N;06957792W;0.5
28;20;6;18;5;28;4221303N;06958782W;0.5
28;20;6;18;5;43;4220982N;06959261W;0.4
28;20;6;18;5;43;4220982N;06959261W;0.4
28;20;6;18;5;43;4220982N;06959261W;0.4
28;20;6;18;5;43;4220982N;06959261W;0.4
28;20;6;18;5;43;4220982N;06959261W;0.4
28;20;6;18;5;58;4220754N;06959485W;23.
28;20;6;18;6;13;4220051N;06959212W;0.6
28;20;6;18;6;28;4220062N;06959191W;0.3
28;20;6;18;6;43;4220094N;06959231W;3.0
28;20;6;18;6;58;4220086N;06959185W;0.0
28;20;6;18;7;13;4220070N;06959179W;1.1
28;20;6;18;7;28;4218499N;06959448W;0.6
28;20;6;18;7;43;4218427N;06959553W;0.8
28;20;6;18;7;58;4218385N;06959667W;0.9
28;20;6;18;7;58;4218385N;06959667W;0.9
28;20;6;18;8;14;4218100N;06956756W;0.3
28;20;6;18;8;14;4218100N;06956756W;0.3
28;20;6;18;8;29;4218094N;06956758W;0.6
28;20;6;18;8;44;4218554N;06958352W;24.
28;20;6;18;8;59;4218856N;06958587W;16.
28;20;6;18;9;14;4219535N;06958233W;22.
28;20;6;18;9;14;4219535N;06958233W;22.
28;20;6;18;9;29;4220241N;06958538W;0.5
28;20;6;18;9;44;4221142N;06958299W;0.6
28;20;6;18;9;59;4221092N;06958274W;0.4
28;20;6;18;10;14;4221851N;06958766W;1.9
28;20;6;18;10;29;4221842N;06958774W;0.8
28;20;6;18;10;44;4223780N;06959032W;24.
28;20;6;18;10;59;4225895N;06959668W;0.5
28;20;6;18;11;14;4227145N;06959728W;29.
28;20;6;18;11;14;4227145N;06959728W;29.
28;20;6;18;11;30;4229732N;06959831W;0.2
28;20;6;18;11;45;4229766N;06959672W;0.5
28;20;6;18;11;45;4229766N;06959672W;0.5
28;20;6;18;11;45;4229766N;06959672W;0.5
28;20;6;18;12;0;4229821N;06959515W;0.5
28;20;6;18;12;0;4229821N;06959515W;0.5
28;20;6;18;12;15;4234951N;06959762W;24.
28;20;6;18;12;15;4234951N;06959762W;24.
28;20;6;18;12;15;4234951N;06959762W;24.
28;20;6;18;12;15;4234951N;06959762W;24.
28;20;6;18;12;30;4236091N;06959881W;24.
28;20;6;18;12;45;4236510N;06959822W;0.6
28;20;6;18;12;45;4236510N;06959822W;0.6
28;20;6;18;12;45;4236510N;06959822W;0.6
28;20;6;18;13;0;4236474N;06959695W;1.5
28;20;6;18;13;15;4236560N;06959584W;0.7
28;20;6;18;13;30;4236680N;06959471W;0.4
28;20;6;18;13;45;4238732N;06957359W;0.7
28;20;6;18;14;0;4238811N;06957322W;0.4
28;20;6;18;14;0;4238811N;06957322W;0.4
28;20;6;18;14;15;4240108N;06958365W;1.8
28;20;6;18;14;15;4240108N;06958365W;1.8
28;20;6;18;14;15;4240108N;06958365W;1.8
28;20;6;18;14;31;4241003N;06957034W;9.6
28;20;6;18;14;46;4240942N;06956304W;0.6
28;20;6;18;15;1;4240237N;06957667W;0.5
28;20;6;18;15;16;4240145N;06957633W;0.4
28;20;6;18;15;31;4240026N;06957659W;0.3
28;20;6;18;15;46;4240180N;06958094W;0.3
28;20;6;18;16;1;4241028N;06956748W;0.6
28;20;6;18;16;16;4240207N;06957770W;1.1
28;20;6;18;16;31;4239880N;06958633W;1.4
28;20;6;18;16;46;4239881N;06958692W;0.8
28;20;6;18;17;1;4239487N;06959279W;22.
28;20;6;18;17;17;4237981N;06959952W;0.6
28;20;6;18;17;32;4237369N;06959831W;0.9
28;20;6;18;17;32;4237369N;06959831W;0.9
28;20;6;18;17;32;4237369N;06959831W;0.9
28;20;6;18;17;32;4237369N;06959831W;0.9
28;20;6;18;17;47;4237260N;06959781W;1.1
28;20;6;18;18;2;4237112N;06959729W;1.8
28;20;6;18;18;17;4236972N;06959662W;3.7
28;20;6;18;18;32;4235607N;06959203W;26.
28;20;6;18;18;47;4236415N;06959361W;0.0
28;20;6;18;19;2;4236918N;06959512W;0.9
28;20;6;18;19;18;4242416N;07007133W;34.
28;20;6;18;19;33;4244710N;07014660W;27.
28;20;6;18;19;49;4246379N;07017565W;35.
28;20;6;18;20;9;4255615N;07027641W;30.
28;20;6;18;20;24;4259131N;07036727W;20.
28;20;6;18;20;40;4259330N;07036901W;0.9
28;20;6;18;20;55;4259315N;07036908W;0.1
28;20;6;18;21;10;4259308N;07036994W;1.5
28;20;6;18;21;25;4259316N;07036923W;2.0
28;20;6;18;21;40;4259324N;07036907W;0.2
28;20;6;18;21;55;4259312N;07036908W;1.5
28;20;6;18;22;10;4259322N;07036911W;1.5
28;20;6;18;22;26;4259313N;07036911W;0.1
28;20;6;18;22;41;4259316N;07036916W;0.6
28;20;6;18;22;56;4259319N;07036912W;1.0
28;20;6;18;23;12;4259304N;07036912W;0.2
28;20;6;18;23;27;4259298N;07036892W;0.7
28;20;6;18;23;42;4259291N;07036894W;0.9
28;20;6;18;23;57;4259308N;07036899W;0.2
28;21;6;18;0;13;4259343N;07036918W;0.0
28;21;6;18;0;13;4259343N;07036918W;0.0
28;21;6;18;0;13;4259343N;07036918W;0.0
28;21;6;18;0;28;4259371N;07036886W;0.3
28;21;6;18;0;28;4259371N;07036886W;0.3
28;21;6;18;0;28;4259371N;07036886W;0.3
28;21;6;18;0;28;4259371N;07036886W;0.3
28;21;6;18;0;28;4259371N;07036886W;0.3
28;21;6;18;0;28;4259371N;07036886W;0.3
28;21;6;18;0;28;4259371N;07036886W;0.3
28;21;6;18;0;43;4259246N;07037013W;2.1
28;21;6;18;0;43;4259246N;07037013W;2.1
28;21;6;18;0;58;4259341N;07036926W;0.1
28;21;6;18;0;58;4259341N;07036926W;0.1
28;21;6;18;0;58;4259341N;07036926W;0.1
28;21;6;18;0;58;4259341N;07036926W;0.1
28;21;6;18;1;13;4259289N;07036931W;0.3
28;21;6;18;1;13;4259289N;07036931W;0.3
28;21;6;18;1;13;4259289N;07036931W;0.3
28;21;6;18;1;28;4259312N;07036930W;0.3
28;21;6;18;1;43;4259272N;07036894W;0.3
28;21;6;18;1;58;4259276N;07036887W;0.3
28;21;6;18;1;58;4259276N;07036887W;0.3
28;21;6;18;2;14;4259323N;07036911W;0.2
28;21;6;18;2;29;4259318N;07036918W;0.3
28;21;6;18;2;44;4259329N;07036917W;0.3
28;21;6;18;3;0;4259334N;07036915W;0.9
28;21;6;18;3;0;4259334N;07036915W;0.9
28;21;6;18;3;15;4259312N;07036912W;0.3
28;21;6;18;3;30;4259328N;07036910W;0.1
28;21;6;18;3;45;4259333N;07036904W;1.0
28;21;6;18;4;0;4259335N;07036929W;0.2
28;21;6;18;4;15;4259322N;07036913W;0.3
28;21;6;18;4;31;4259313N;07036915W;0.5
28;21;6;18;4;46;4259326N;07036915W;0.2
28;21;6;18;5;1;4259308N;07036899W;1.4
28;21;6;18;5;16;4259301N;07036883W;0.3
28;21;6;18;5;31;4259307N;07036893W;0.6
28;21;6;18;5;46;4259363N;07036959W;0.3
28;21;6;18;6;1;4259316N;07036908W;0.7
28;21;6;18;6;16;4259317N;07036918W;0.2
28;21;6;18;6;31;4259297N;07036918W;0.0
28;21;6;18;6;47;4259332N;07036905W;0.2
28;21;6;18;7;2;4259310N;07036918W;0.5
28;21;6;18;7;17;4259300N;07036914W;0.8
28;21;6;18;7;32;4259304N;07036919W;0.2
28;21;6;18;7;47;4259309N;07036916W;0.2
28;21;6;18;7;47;4259309N;07036916W;0.2
28;21;6;18;8;2;4259318N;07036921W;0.2
28;21;6;18;8;17;4259309N;07036908W;0.6
28;21;6;18;8;32;4259318N;07036954W;0.3
28;21;6;18;8;47;4259334N;07036915W;0.8
28;21;6;18;9;2;4259354N;07036908W;0.1
28;21;6;18;9;17;4259289N;07036888W;0.4
28;21;6;18;9;33;4259264N;07036892W;0.4
28;21;6;18;9;48;4259268N;07036879W;0.7
28;21;6;18;9;48;4259268N;07036879W;0.7
28;21;6;18;10;3;4259266N;07036886W;0.7
28;21;6;18;10;18;4259290N;07036898W;1.2
28;21;6;18;10;33;4259296N;07036897W;0.3
28;21;6;18;10;48;4259280N;07036914W;0.5
28;21;6;18;11;3;4259297N;07036896W;0.3
28;21;6;18;11;19;4259281N;07036924W;0.2
28;21;6;18;11;34;4259274N;07036868W;0.2
28;21;6;18;11;49;4259306N;07036858W;0.3
28;21;6;18;12;4;4259317N;07036911W;1.0
28;21;6;18;12;19;4259323N;07036910W;0.7
28;21;6;18;12;34;4259306N;07036901W;0.2
28;21;6;18;12;49;4259310N;07036906W;0.7
28;21;6;18;13;5;4259315N;07036906W;0.0
28;21;6;18;13;20;4259314N;07036899W;0.7
28;21;6;18;13;35;4259319N;07036906W;0.1
28;21;6;18;13;50;4259326N;07036906W;0.3
28;21;6;18;14;5;4259308N;07036896W;0.7
28;21;6;18;14;20;4259309N;07036892W;0.3
28;21;6;18;14;35;4259305N;07036897W;0.1
28;21;6;18;14;50;4259302N;07036884W;0.3
28;21;6;18;15;5;4259305N;07036889W;0.0
28;21;6;18;15;20;4259306N;07036883W;0.9
28;21;6;18;15;35;4259308N;07036883W;0.5
28;21;6;18;15;50;4259312N;07036897W;0.3
28;21;6;18;16;6;4259301N;07036897W;0.4
28;21;6;18;16;21;4259314N;07036890W;0.4
28;21;6;18;16;36;4259306N;07036897W;0.7
28;21;6;18;16;51;4259306N;07036887W;0.6
28;21;6;18;17;6;4259300N;07036893W;0.7
28;21;6;18;17;21;4259300N;07036885W;0.7
28;21;6;18;17;36;4259184N;07036834W;0.4
28;21;6;18;17;51;4259291N;07036901W;0.1
28;21;6;18;18;7;4259298N;07036899W;0.3
28;21;6;18;18;22;4258787N;07037256W;31.
28;21;6;18;18;37;4253416N;07042052W;21.
28;21;6;18;18;37;4253416N;07042052W;21.
28;21;6;18;18;37;4253416N;07042052W;21.
28;21;6;18;18;37;4253416N;07042052W;21.
28;21;6;18;18;52;4249582N;07041461W;23.
28;21;6;18;19;7;4248659N;07040774W;19.
28;21;6;18;19;22;4248287N;07039343W;16.
28;21;6;18;19;37;4247581N;07035693W;16.
28;21;6;18;19;54;4250459N;07030435W;21.
28;21;6;18;20;11;4253222N;07028310W;0.6
28;21;6;18;20;26;4254526N;07031889W;33.
28;21;6;18;20;42;4259290N;07036888W;2.4
28;21;6;18;20;57;4259296N;07036889W;1.7
28;21;6;18;21;12;4259307N;07036908W;1.9
28;21;6;18;21;28;4259283N;07036897W;0.7
28;21;6;18;21;43;4259288N;07036890W;0.4
28;21;6;18;21;58;4259283N;07036896W;0.2
28;21;6;18;22;13;4259278N;07036895W;0.6
28;21;6;18;22;28;4259317N;07036913W;1.1
28;21;6;18;22;43;4259289N;07036890W;0.1
28;21;6;18;22;58;4259295N;07036892W;0.2
28;21;6;18;23;14;4259289N;07036890W;0.1
28;21;6;18;23;29;4259293N;07036892W;0.5
28;21;6;18;23;44;4259327N;07036918W;0.4
28;21;6;18;23;59;4259357N;07036929W;0.6
28;22;6;18;0;14;4259337N;07036918W;0.6
28;22;6;18;0;30;4259298N;07036937W;0.5
28;22;6;18;0;45;4259265N;07036885W;0.7
28;22;6;18;1;0;4259226N;07036908W;0.2
28;22;6;18;1;16;4259324N;07036912W;0.0
28;22;6;18;1;31;4259324N;07036913W;0.5
28;22;6;18;1;46;4259314N;07036904W;0.2
28;22;6;18;2;1;4259306N;07036897W;0.4
28;22;6;18;2;16;4259325N;07036912W;2.4
28;22;6;18;2;31;4259325N;07036919W;1.6
28;22;6;18;2;46;4259312N;07036909W;0.5
28;22;6;18;3;1;4259321N;07036917W;0.9
28;22;6;18;3;16;4259319N;07036908W;1.0
28;22;6;18;3;31;4259317N;07036917W;0.1
28;22;6;18;3;46;4259327N;07036923W;0.0
28;22;6;18;4;1;4259311N;07036911W;0.5
28;22;6;18;4;16;4259379N;07036944W;0.8
28;22;6;18;4;32;4259595N;07037145W;0.5
28;22;6;18;4;47;4259322N;07036916W;0.2
28;22;6;18;5;2;4259317N;07036907W;0.7
28;22;6;18;5;17;4259316N;07036909W;0.5
28;22;6;18;5;32;4259321N;07036915W;0.9
28;22;6;18;5;47;4259319N;07036914W;0.5
28;22;6;18;6;3;4259329N;07036925W;4.2
28;22;6;18;6;18;4259325N;07036921W;0.3
28;22;6;18;6;33;4259368N;07036883W;1.5
28;22;6;18;6;48;4259321N;07036916W;0.0
28;22;6;18;7;3;4259318N;07036910W;1.6
28;22;6;18;7;18;4259321N;07036915W;0.9
28;22;6;18;7;33;4259326N;07036921W;0.7
28;22;6;18;7;49;4259323N;07036921W;0.2
28;22;6;18;8;4;4259324N;07036927W;0.9
28;22;6;18;8;19;4259324N;07036916W;0.1
28;22;6;18;8;34;4259305N;07036900W;2.0
28;22;6;18;8;49;4259331N;07036796W;35.
28;22;6;18;9;5;4259322N;07036913W;0.1
28;22;6;18;9;20;4259324N;07036912W;0.4
28;22;6;18;9;35;4259329N;07036914W;0.6
28;22;6;18;9;50;4259324N;07036912W;0.2
28;22;6;18;10;5;4259323N;07036912W;0.0
28;22;6;18;10;20;4259324N;07036915W;0.3
28;22;6;18;10;35;4259295N;07036888W;0.7
28;22;6;18;10;50;4259288N;07036887W;0.4
28;22;6;18;11;6;4259282N;07036871W;0.5
28;22;6;18;11;21;4259319N;07036909W;0.4
28;22;6;18;11;21;4259319N;07036909W;0.4
28;22;6;18;11;36;4259319N;07036905W;0.9
28;22;6;18;11;51;4259320N;07036906W;0.3
28;22;6;18;12;7;4259321N;07036912W;0.1
28;22;6;18;12;22;4259292N;07036891W;3.6
28;22;6;18;12;37;4257908N;07033893W;26.
28;22;6;18;12;52;4252394N;07030586W;22.
28;22;6;18;13;7;4248772N;07025549W;9.1
28;22;6;18;13;22;4246312N;07019825W;26.
28;22;6;18;13;22;4246312N;07019825W;26.
28;22;6;18;13;22;4246312N;07019825W;26.
28;22;6;18;13;22;4246312N;07019825W;26.
28;22;6;18;13;37;4243546N;07013283W;20.
28;22;6;18;13;56;4240534N;07005761W;19.
28;22;6;18;13;56;4240534N;07005761W;19.
28;22;6;18;13;56;4240534N;07005761W;19.
28;22;6;18;13;56;4240534N;07005761W;19.
28;22;6;18;14;11;4240863N;07003417W;1.6
28;22;6;18;14;26;4241591N;07002923W;0.9
28;22;6;18;14;42;4241539N;07003144W;0.6
28;22;6;18;14;57;4242537N;07004998W;1.2
28;22;6;18;15;15;4247281N;07013933W;27.
28;22;6;18;15;30;4248868N;07016555W;27.
28;22;6;18;15;51;4254471N;07027382W;28.
28;22;6;18;16;9;4259318N;07036913W;0.1
28;22;6;18;16;24;4259326N;07036923W;4.9
28;22;6;18;16;39;4259323N;07036909W;0.2
28;22;6;18;16;54;4259325N;07036925W;0.0
28;22;6;18;17;9;4259325N;07036921W;0.2
28;22;6;18;17;25;4259326N;07036923W;0.4
28;22;6;18;17;40;4259323N;07036911W;1.1
28;22;6;18;17;55;4259320N;07036904W;0.4
28;22;6;18;18;10;4259316N;07036903W;1.3
28;22;6;18;18;25;4259319N;07036907W;0.5
28;22;6;18;18;40;4259323N;07036911W;0.3
28;22;6;18;18;55;4259319N;07036908W;0.7
28;22;6;18;19;10;4259320N;07036936W;0.5
28;22;6;18;19;26;4259324N;07036933W;0.2
28;22;6;18;19;41;4259322N;07036907W;0.2
28;22;6;18;19;56;4259324N;07036912W;0.1
28;22;6;18;20;11;4259317N;07036908W;1.3
28;22;6;18;20;26;4259317N;07036903W;0.4
28;22;6;18;20;41;4259319N;07036909W;0.7
28;22;6;18;20;57;4259320N;07036914W;0.8
28;22;6;18;21;12;4259280N;07036889W;0.4
28;22;6;18;21;27;4259286N;07036892W;0.0
28;22;6;18;21;42;4259317N;07036916W;1.7
28;22;6;18;21;57;4259317N;07036918W;0.6
28;22;6;18;22;13;4259321N;07036917W;1.1
28;22;6;18;22;28;4259121N;07036847W;12.
28;22;6;18;22;43;4259283N;07036895W;0.2
28;22;6;18;22;58;4259287N;07036880W;0.2
28;22;6;18;23;14;4259289N;07036886W;0.3
28;22;6;18;23;29;4259314N;07036908W;1.2
28;22;6;18;23;44;4259320N;07036911W;0.4
28;23;6;18;0;0;4259323N;07036910W;0.1
28;23;6;18;0;15;4259346N;07036891W;2.9
28;23;6;18;0;30;4259338N;07036896W;0.4
28;23;6;18;0;45;4259338N;07036900W;5.6
28;23;6;18;1;0;4259319N;07036910W;0.1
28;23;6;18;1;15;4259320N;07036910W;0.2
28;23;6;18;1;30;4259315N;07036914W;0.6
28;23;6;18;1;45;4259317N;07036909W;0.5
28;23;6;18;2;0;4259311N;07036908W;0.5
28;23;6;18;2;16;4259316N;07036908W;0.2
28;23;6;18;2;31;4259305N;07036901W;0.1
28;23;6;18;2;46;4259311N;07036910W;1.0
28;23;6;18;3;1;4259324N;07036915W;0.1
28;23;6;18;3;16;4259329N;07036916W;0.1
28;23;6;18;3;31;4259314N;07036903W;2.0
28;23;6;18;3;47;4259318N;07036910W;0.2
28;23;6;18;4;2;4259324N;07036912W;0.1
28;23;6;18;4;17;4259326N;07036917W;3.4
28;23;6;18;4;32;4259325N;07036916W;0.4
28;23;6;18;4;47;4259325N;07036917W;0.6
28;23;6;18;5;2;4259326N;07036917W;0.4
28;23;6;18;5;17;4259323N;07036914W;0.4
28;23;6;18;5;32;4259309N;07036900W;0.9
28;23;6;18;5;48;4259323N;07036916W;1.0
28;23;6;18;6;3;4259320N;07036923W;0.7
28;23;6;18;6;18;4259324N;07036926W;0.3
28;23;6;18;6;33;4259324N;07036937W;0.2
28;23;6;18;6;48;4259314N;07036880W;0.5
28;23;6;18;7;3;4259318N;07036916W;1.2
28;23;6;18;7;18;4259308N;07036929W;0.1
28;23;6;18;7;33;4259312N;07036927W;0.3
28;23;6;18;7;33;4259312N;07036927W;0.3
28;23;6;18;7;33;4259312N;07036927W;0.3
28;23;6;18;7;48;4259311N;07036931W;1.3
28;23;6;18;7;48;4259311N;07036931W;1.3
28;23;6;18;8;3;4259324N;07036932W;0.1
28;23;6;18;8;18;4259355N;07036940W;0.6
28;23;6;18;8;33;4259323N;07036935W;0.9
28;23;6;18;8;49;4259310N;07036921W;0.6
28;23;6;18;9;4;4259304N;07036917W;0.2
28;23;6;18;9;4;4259304N;07036917W;0.2
28;23;6;18;9;19;4259305N;07036919W;0.3
28;23;6;18;9;34;4259306N;07036906W;1.3
28;23;6;18;9;49;4259308N;07036905W;0.1
28;23;6;18;10;4;4259309N;07036904W;0.8
28;23;6;18;10;19;4259312N;07036905W;1.3
28;23;6;18;10;34;4259318N;07036908W;0.1
28;23;6;18;10;49;4259318N;07036933W;0.4
28;23;6;18;11;4;4259320N;07036921W;0.3
28;23;6;18;11;19;4259336N;07036926W;0.4
28;23;6;18;11;34;4259130N;07036809W;25.
28;23;6;18;11;49;4254121N;07038469W;18.
28;23;6;18;11;49;4254121N;07038469W;18.
28;23;6;18;12;5;4251009N;07032722W;20.
28;23;6;18;12;20;4247606N;07027614W;21.
28;23;6;18;12;20;4247606N;07027614W;21.
28;23;6;18;12;35;4248040N;07025729W;18.
28;23;6;18;12;50;4246012N;07024525W;22.
28;23;6;18;13;5;4244733N;07021153W;16.
28;23;6;18;13;20;4244515N;07020483W;18.
28;23;6;18;13;35;4244674N;07020047W;16.
28;23;6;18;13;50;4244913N;07021372W;0.6
28;23;6;18;14;5;4244213N;07019893W;0.8
28;23;6;18;14;20;4244044N;07019708W;0.9
28;23;6;18;14;35;4247153N;07021937W;33.
28;23;6;18;14;51;4253927N;07028563W;31.
28;23;6;18;15;6;4259179N;07036963W;24.
28;23;6;18;15;21;4259288N;07036924W;0.4
28;23;6;18;15;36;4259287N;07036887W;0.6
28;23;6;18;15;51;4259283N;07036889W;0.5
28;23;6;18;15;51;4259283N;07036889W;0.5
28;23;6;18;16;6;4259324N;07036906W;0.3
28;23;6;18;16;6;4259324N;07036906W;0.3
28;23;6;18;16;21;4259320N;07036915W;0.2
28;23;6;18;16;21;4259320N;07036915W;0.2
28;23;6;18;16;21;4259320N;07036915W;0.2
28;23;6;18;16;36;4259319N;07036906W;0.1
28;23;6;18;16;52;4259319N;07036911W;0.0
28;23;6;18;17;7;4257409N;07033190W;22.
28;23;6;18;17;22;4252958N;07029865W;23.
28;23;6;18;17;40;4250061N;07022799W;16.
28;23;6;18;17;55;4247272N;07020516W;23.
28;23;6;18;18;10;4244173N;07016328W;17.
28;23;6;18;18;28;4242775N;07008759W;20.
28;23;6;18;18;43;4243071N;07003602W;16.
28;23;6;18;18;43;4243071N;07003602W;16.
28;23;6;18;18;43;4243071N;07003602W;16.
28;23;6;18;18;43;4243071N;07003602W;16.
28;23;6;18;18;43;4243071N;07003602W;16.
28;23;6;18;18;58;4242735N;07002157W;1.4
28;23;6;18;19;13;4242539N;07002394W;0.5
28;23;6;18;19;29;4242634N;07002336W;1.9
28;23;6;18;19;44;4243379N;07002051W;0.5
28;23;6;18;19;59;4243771N;07001787W;0.9
28;23;6;18;20;14;4243953N;07001396W;14.
28;23;6;18;20;31;4244300N;06955630W;20.
28;23;6;18;20;46;4244498N;06952371W;23.
28;23;6;18;20;46;4244498N;06952371W;23.
28;23;6;18;20;46;4244498N;06952371W;23.
28;23;6;18;20;46;4244498N;06952371W;23.
28;23;6;18;20;46;4244498N;06952371W;23.
28;23;6;18;21;1;4243379N;06951040W;27.
28;23;6;18;21;16;4242096N;06949205W;22.
28;23;6;18;21;31;4242249N;06947993W;0.7
28;23;6;18;21;46;4242976N;06947785W;2.0
28;23;6;18;22;1;4243654N;06947742W;0.3
28;23;6;18;22;16;4247199N;06951943W;25.
28;23;6;18;22;16;4247199N;06951943W;25.
28;23;6;18;22;31;4251888N;06958302W;29.
28;23;6;18;22;46;4255451N;07006817W;29.
28;23;6;18;23;1;4258883N;07014902W;23.
28;23;6;18;23;16;4300007N;07017134W;32.
28;23;6;18;23;16;4300007N;07017134W;32.
28;23;6;18;23;31;4259362N;07027620W;30.
28;23;6;18;23;47;4259293N;07036892W;0.1
28;23;6;18;23;47;4259293N;07036892W;0.1
28;23;6;18;23;47;4259293N;07036892W;0.1
28;23;6;18;23;47;4259293N;07036892W;0.1
28;23;6;18;23;47;4259293N;07036892W;0.1
28;23;6;18;23;47;4259293N;07036892W;0.1
28;24;6;18;0;2;4259335N;07036922W;3.0
28;24;6;18;0;17;4259385N;07036958W;0.5
28;24;6;18;0;17;4259385N;07036958W;0.5
28;24;6;18;0;32;4259326N;07036926W;0.3
28;24;6;18;0;32;4259326N;07036926W;0.3
28;24;6;18;0;32;4259326N;07036926W;0.3
28;24;6;18;0;47;4259338N;07036918W;0.4
28;24;6;18;1;3;4259303N;07036932W;0.4
28;24;6;18;1;18;4259288N;07036932W;1.3
28;24;6;18;1;18;4259288N;07036932W;1.3
28;24;6;18;1;18;4259288N;07036932W;1.3
28;24;6;18;1;33;4259299N;07036921W;0.4
28;24;6;18;1;48;4259307N;07036904W;0.5
28;24;6;18;2;4;4259321N;07036914W;0.5
28;24;6;18;2;4;4259321N;07036914W;0.5
28;24;6;18;2;4;4259321N;07036914W;0.5
28;24;6;18;2;4;4259321N;07036914W;0.5
28;24;6;18;2;4;4259321N;07036914W;0.5
28;24;6;18;2;19;4259322N;07036917W;0.8
28;24;6;18;2;34;4259319N;07036911W;0.1
28;24;6;18;2;49;4259320N;07036912W;0.2
28;24;6;18;2;49;4259320N;07036912W;0.2
28;24;6;18;2;49;4259320N;07036912W;0.2
28;24;6;18;3;4;4259326N;07036925W;0.6
28;24;6;18;3;4;4259326N;07036925W;0.6
28;24;6;18;3;4;4259326N;07036925W;0.6
28;24;6;18;3;19;4259335N;07036933W;0.1
28;24;6;18;3;19;4259335N;07036933W;0.1
28;24;6;18;3;34;4259337N;07036901W;1.3
28;24;6;18;3;34;4259337N;07036901W;1.3
28;24;6;18;3;49;4259329N;07036911W;1.1
28;24;6;18;3;49;4259329N;07036911W;1.1
28;24;6;18;3;49;4259329N;07036911W;1.1
28;24;6;18;3;49;4259329N;07036911W;1.1
28;24;6;18;4;4;4259321N;07036909W;0.5
28;24;6;18;4;4;4259321N;07036909W;0.5
28;24;6;18;4;19;4259329N;07036922W;0.8
28;24;6;18;4;19;4259329N;07036922W;0.8
28;24;6;18;4;19;4259329N;07036922W;0.8
28;24;6;18;4;19;4259329N;07036922W;0.8
28;24;6;18;4;35;4259334N;07036918W;0.2
28;24;6;18;4;35;4259334N;07036918W;0.2
28;24;6;18;4;50;4259324N;07036915W;0.5
28;24;6;18;5;5;4259342N;07036944W;0.2
28;24;6;18;5;20;4259306N;07036894W;0.3
28;24;6;18;5;20;4259306N;07036894W;0.3
28;24;6;18;5;35;4259321N;07036967W;0.1
28;24;6;18;5;50;4259314N;07036898W;0.6
28;24;6;18;6;5;4259326N;07036925W;0.7
28;24;6;18;6;5;4259326N;07036925W;0.7
28;24;6;18;6;5;4259326N;07036925W;0.7
28;24;6;18;6;20;4259330N;07036946W;0.4
28;24;6;18;6;36;4259357N;07036966W;0.8
28;24;6;18;6;51;4259328N;07036936W;0.2
28;24;6;18;7;6;4259340N;07036935W;0.3
28;24;6;18;7;6;4259340N;07036935W;0.3
28;24;6;18;7;21;4259324N;07036917W;0.0
28;24;6;18;7;36;4259327N;07036917W;0.7
28;24;6;18;7;36;4259327N;07036917W;0.7
28;24;6;18;7;52;4259323N;07036916W;0.7
28;24;6;18;8;7;4259320N;07036919W;1.2
28;24;6;18;8;22;4259327N;07036923W;0.1
28;24;6;18;8;37;4259316N;07036915W;0.4
28;24;6;18;8;52;4259321N;07036918W;0.2
28;24;6;18;8;52;4259321N;07036918W;0.2
28;24;6;18;9;7;4259324N;07036910W;0.5
28;24;6;18;9;7;4259324N;07036910W;0.5
28;24;6;18;9;22;4259317N;07036911W;0.3
28;24;6;18;9;37;4259325N;07036912W;1.3
28;24;6;18;9;52;4259178N;07036825W;0.3
28;24;6;18;10;8;4259291N;07036883W;0.4
28;24;6;18;10;23;4259288N;07036873W;0.7
28;24;6;18;10;38;4259280N;07036844W;0.8
28;24;6;18;10;53;4259328N;07036921W;0.2
28;24;6;18;11;8;4259313N;07036893W;0.5
28;24;6;18;11;23;4259322N;07036926W;0.7
28;24;6;18;11;38;4259319N;07036926W;0.3
28;24;6;18;11;53;4259322N;07036926W;0.1
28;24;6;18;12;8;4259320N;07036923W;0.4
28;24;6;18;12;23;4259314N;07036919W;0.3
28;24;6;18;12;39;4259317N;07036909W;0.7
28;24;6;18;12;54;4259319N;07036914W;0.1
28;24;6;18;13;9;4259322N;07036911W;1.1
28;24;6;18;13;24;4259331N;07036937W;0.1
28;24;6;18;13;39;4259321N;07036912W;6.5
28;24;6;18;13;54;4259326N;07036897W;0.1
28;24;6;18;14;9;4259328N;07036893W;0.5
28;24;6;18;14;24;4259376N;07036989W;0.5
28;24;6;18;14;39;4259311N;07036894W;0.4
28;24;6;18;14;54;4259308N;07036886W;0.1
28;24;6;18;15;9;4259302N;07036907W;0.3
28;24;6;18;15;25;4259279N;07036867W;0.2
28;24;6;18;15;40;4259268N;07036869W;0.5
28;24;6;18;15;55;4259281N;07036870W;0.3
28;24;6;18;16;10;4259278N;07036872W;1.0
28;24;6;18;16;25;4259316N;07036906W;0.7
28;24;6;18;16;40;4259301N;07036893W;0.1
28;24;6;18;16;56;4259288N;07036953W;0.2
28;24;6;18;17;11;4259280N;07036878W;0.2
28;24;6;18;17;26;4259286N;07036889W;0.2
28;24;6;18;17;41;4259283N;07036896W;0.4
28;24;6;18;17;56;4259283N;07036875W;0.6
28;24;6;18;18;11;4259322N;07036937W;1.2
28;24;6;18;18;26;4259320N;07036921W;0.2
28;24;6;18;18;42;4259327N;07036931W;0.2
28;24;6;18;18;57;4259173N;07036847W;0.4
28;24;6;18;19;12;4259298N;07036910W;2.9
28;24;6;18;19;27;4259277N;07036888W;0.3
28;24;6;18;19;42;4259282N;07036875W;0.2
28;24;6;18;19;58;4259277N;07036894W;0.0
28;24;6;18;20;13;4259328N;07036926W;0.2
28;24;6;18;20;28;4259292N;07036928W;0.5
28;24;6;18;20;44;4259297N;07036914W;0.4
28;24;6;18;20;59;4259271N;07036947W;0.3
28;24;6;18;21;14;4259111N;07036932W;2.7
28;24;6;18;21;29;4259327N;07036896W;1.1
28;24;6;18;21;29;4259327N;07036896W;1.1
28;24;6;18;21;45;4259334N;07036913W;0.6
28;24;6;18;22;0;4259336N;07036923W;0.5
28;24;6;18;22;15;4259320N;07036911W;0.1
28;24;6;18;22;30;4259322N;07036921W;0.8
28;24;6;18;22;45;4259324N;07036912W;0.5
28;24;6;18;23;1;4259321N;07036919W;0.1
28;24;6;18;23;16;4259319N;07036919W;0.2
28;24;6;18;23;31;4259327N;07036920W;0.6
28;24;6;18;23;46;4259328N;07036912W;0.4
28;25;6;18;0;1;4259303N;07036904W;0.6
28;25;6;18;0;16;4259284N;07036888W;0.4
28;25;6;18;0;31;4259264N;07036917W;0.5
28;25;6;18;0;31;4259264N;07036917W;0.5
28;25;6;18;0;31;4259264N;07036917W;0.5
28;25;6;18;0;46;4259175N;07036847W;15.
28;25;6;18;1;1;4259304N;07036949W;0.4
28;25;6;18;1;16;4259316N;07036933W;0.4
28;25;6;18;1;16;4259316N;07036933W;0.4
28;25;6;18;1;32;4259317N;07036928W;0.2
28;25;6;18;1;32;4259317N;07036928W;0.2
28;25;6;18;1;47;4259320N;07036924W;0.2
28;25;6;18;2;2;4259324N;07036928W;1.9
28;25;6;18;2;2;4259324N;07036928W;1.9
28;25;6;18;2;17;4259372N;07036965W;1.4
28;25;6;18;2;32;4259352N;07036950W;0.1
28;25;6;18;2;47;4259325N;07036913W;0.3
28;25;6;18;3;2;4259384N;07036948W;0.3
28;25;6;18;3;17;4259354N;07036916W;0.3
28;25;6;18;3;32;4259319N;07036925W;0.4
28;25;6;18;3;48;4259240N;07036918W;0.3
28;25;6;18;3;48;4259240N;07036918W;0.3
28;25;6;18;3;48;4259240N;07036918W;0.3
28;25;6;18;3;48;4259240N;07036918W;0.3
28;25;6;18;4;3;4259315N;07036940W;0.4
28;25;6;18;4;18;4259271N;07036898W;0.4
28;25;6;18;4;34;4259306N;07036929W;0.2
28;25;6;18;4;49;4259304N;07036931W;0.4
28;25;6;18;5;4;4259289N;07036909W;0.3
28;25;6;18;5;19;4259292N;07036911W;0.9
28;25;6;18;5;34;4259304N;07036912W;0.1
28;25;6;18;5;49;4259354N;07036906W;0.7
28;25;6;18;6;4;4259345N;07036923W;0.1
28;25;6;18;6;4;4259345N;07036923W;0.1
28;25;6;18;6;19;4259351N;07036948W;0.6
28;25;6;18;6;35;4259429N;07037025W;0.5
28;25;6;18;6;35;4259429N;07037025W;0.5
28;25;6;18;6;50;4259349N;07036947W;2.6
28;25;6;18;7;5;4259330N;07036940W;0.4
28;25;6;18;7;20;4259304N;07036959W;0.0
28;25;6;18;7;35;4259298N;07036944W;0.2
28;25;6;18;7;50;4259318N;07036923W;0.4
28;25;6;18;8;5;4259291N;07036925W;0.4
28;25;6;18;8;20;4259298N;07036897W;0.2
28;25;6;18;8;35;4259328N;07036926W;0.2
28;25;6;18;8;51;4259301N;07036913W;0.5
28;25;6;18;9;6;4259327N;07036892W;0.5
28;25;6;18;9;21;4259301N;07036909W;0.3
28;25;6;18;9;36;4259303N;07036908W;0.8
28;25;6;18;9;51;4259292N;07036890W;0.3
28;25;6;18;9;51;4259292N;07036890W;0.3
28;25;6;18;10;6;4259311N;07036897W;0.2
28;25;6;18;10;21;4259295N;07036878W;0.6
28;25;6;18;10;36;4259321N;07036905W;0.4
28;25;6;18;10;51;4259319N;07036918W;1.0
28;25;6;18;11;6;4259340N;07036915W;0.2
28;25;6;18;11;21;4259337N;07036917W;0.1
28;25;6;18;11;37;4259333N;07036917W;0.3
28;25;6;18;11;52;4259314N;07036922W;1.6
28;25;6;18;12;7;4259309N;07036891W;0.2
28;25;6;18;12;22;4259290N;07036877W;0.6
28;25;6;18;12;38;4259320N;07036917W;0.1
28;25;6;18;12;53;4259327N;07036915W;14.
28;25;6;18;13;8;4259320N;07036917W;0.1
28;25;6;18;13;23;4259316N;07036909W;0.9
28;25;6;18;13;38;4259307N;07036928W;0.8
28;25;6;18;13;53;4259301N;07036900W;1.3
28;25;6;18;14;8;4259291N;07036903W;0.1
28;25;6;18;14;23;4259311N;07036904W;0.1
28;25;6;18;14;38;4259293N;07036892W;0.3
28;25;6;18;14;53;4259280N;07036914W;0.3
28;25;6;18;15;8;4259306N;07036890W;1.0
28;25;6;18;15;23;4259297N;07036889W;0.5
28;25;6;18;15;39;4259287N;07036897W;0.3
28;25;6;18;15;54;4259297N;07036896W;0.2
28;25;6;18;16;9;4259300N;07036886W;0.3
28;25;6;18;16;25;4259297N;07036883W;0.3
28;25;6;18;16;40;4259296N;07036886W;0.1
28;25;6;18;16;55;4259294N;07036892W;0.3
28;25;6;18;17;10;4259263N;07036868W;0.2
28;25;6;18;17;25;4259301N;07036922W;0.3
28;25;6;18;17;40;4259319N;07036938W;1.8
28;25;6;18;17;55;4259314N;07036939W;0.6
28;25;6;18;18;10;4259344N;07036912W;0.3
28;25;6;18;18;26;4259326N;07036941W;0.5
28;25;6;18;18;41;4259319N;07036932W;0.5
28;25;6;18;18;56;4257459N;07033488W;19.
28;25;6;18;19;11;4254807N;07028843W;16.
28;25;6;18;19;26;4254031N;07023130W;18.
28;25;6;18;19;41;4252183N;07017169W;22.
28;25;6;18;19;56;4249200N;07010650W;25.
28;25;6;18;20;17;4249063N;07009571W;27.
28;25;6;18;20;32;4252686N;07018277W;31.
28;25;6;18;20;47;4256544N;07026660W;31.
28;25;6;18;21;2;4259212N;07036636W;30.
28;25;6;18;21;17;4259310N;07036919W;0.0
28;25;6;18;21;32;4259313N;07036922W;0.7
28;25;6;18;21;47;4259312N;07036918W;2.2
28;25;6;18;22;2;4259321N;07036911W;0.6
28;25;6;18;22;17;4259312N;07036914W;0.6
28;25;6;18;22;32;4259313N;07036916W;0.1
28;25;6;18;22;47;4259310N;07036910W;0.3
28;25;6;18;23;3;4259308N;07036913W;0.1
28;25;6;18;23;18;4259316N;07036906W;0.4
28;25;6;18;23;33;4259325N;07036918W;0.6
28;25;6;18;23;48;4259324N;07036905W;0.4
28;26;6;18;0;4;4259323N;07036919W;0.3
28;26;6;18;0;19;4259313N;07036903W;1.0
28;26;6;18;0;34;4259308N;07036895W;0.1
28;26;6;18;0;49;4259328N;07036971W;0.2
28;26;6;18;1;4;4259323N;07036975W;0.5
28;26;6;18;1;19;4259320N;07036954W;0.2
28;26;6;18;1;35;4259312N;07036866W;0.1
28;26;6;18;1;50;4259282N;07036827W;0.2
28;26;6;18;2;5;4259314N;07036913W;0.7
28;26;6;18;2;20;4259317N;07036911W;0.8
28;26;6;18;2;35;4259293N;07036894W;0.8
28;26;6;18;2;50;4259333N;07036908W;0.1
28;26;6;18;3;5;4259317N;07036898W;1.2
28;26;6;18;3;20;4259320N;07036912W;0.4
28;26;6;18;3;35;4259326N;07036911W;0.7
28;26;6;18;3;50;4259324N;07036923W;0.8
28;26;6;18;4;6;4259322N;07036912W;0.2
28;26;6;18;4;21;4259326N;07036916W;0.8
28;26;6;18;4;36;4259320N;07036930W;0.6
28;26;6;18;4;51;4259323N;07036919W;0.5
28;26;6;18;5;6;4259319N;07036914W;1.7
28;26;6;18;5;21;4259309N;07036896W;0.3
28;26;6;18;5;36;4259317N;07036913W;0.4
28;26;6;18;5;51;4259321N;07036916W;0.3
28;26;6;18;6;6;4259321N;07036914W;0.2
28;26;6;18;6;21;4259324N;07036945W;0.5
28;26;6;18;6;37;4259321N;07036937W;0.4
28;26;6;18;6;52;4259317N;07036924W;0.7
28;26;6;18;6;52;4259317N;07036924W;0.7
28;26;6;18;7;7;4259324N;07036939W;0.4
28;26;6;18;7;22;4259328N;07036941W;0.6
28;26;6;18;7;37;4259332N;07036949W;0.5
28;26;6;18;7;52;4259317N;07036931W;0.7
28;26;6;18;8;7;4259323N;07036916W;0.7
28;26;6;18;8;22;4259199N;07036851W;0.2
28;26;6;18;8;22;4259199N;07036851W;0.2
28;26;6;18;8;37;4259096N;07035190W;33.
28;26;6;18;8;52;4254682N;07026570W;33.
28;26;6;18;8;52;4254682N;07026570W;33.
28;26;6;18;8;52;4254682N;07026570W;33.
28;26;6;18;8;52;4254682N;07026570W;33.
28;26;6;18;8;52;4254682N;07026570W;33.
28;26;6;18;8;52;4254682N;07026570W;33.
28;26;6;18;8;52;4254682N;07026570W;33.
28;26;6;18;8;52;4254682N;07026570W;33.
28;26;6;18;8;52;4254682N;07026570W;33.
28;26;6;18;9;7;4250967N;07015930W;25.
28;26;6;18;9;22;4250088N;07006597W;32.
28;26;6;18;9;38;4247101N;06957561W;30.
28;26;6;18;9;38;4247101N;06957561W;30.
28;26;6;18;9;38;4247101N;06957561W;30.
28;26;6;18;9;38;4247101N;06957561W;30.
28;26;6;18;9;53;4244355N;06947722W;32.
28;26;6;18;10;8;4245124N;06950484W;22.
28;26;6;18;10;23;4246688N;06956906W;20.
28;26;6;18;10;38;4248119N;07003857W;23.
28;26;6;18;10;53;4249935N;07010539W;22.
28;26;6;18;11;8;4251382N;07016743W;24.
28;26;6;18;11;23;4253904N;07023741W;25.
28;26;6;18;11;42;4256822N;07032521W;23.
28;26;6;18;11;42;4256822N;07032521W;23.
28;26;6;18;11;57;4259322N;07036913W;3.1
28;26;6;18;12;12;4259323N;07036913W;0.7
28;26;6;18;12;27;4259312N;07036918W;0.5
28;26;6;18;12;42;4259321N;07036916W;0.4
28;26;6;18;12;57;4259316N;07036906W;0.1
28;26;6;18;13;12;4259318N;07036907W;0.6
28;26;6;18;13;28;4259313N;07036911W;0.9
28;26;6;18;13;43;4259312N;07036905W;0.6
28;26;6;18;13;58;4259277N;07036880W;0.4
28;26;6;18;14;13;4259303N;07036899W;0.4
28;26;6;18;14;28;4259293N;07036889W;0.2
28;26;6;18;14;43;4259306N;07036900W;0.0
28;26;6;18;14;58;4257982N;07032578W;22.
28;26;6;18;15;13;4257559N;07032449W;0.6
28;26;6;18;15;28;4257377N;07030890W;25.
28;26;6;18;15;43;4255468N;07025051W;0.8
28;26;6;18;15;58;4255134N;07018608W;26.
28;26;6;18;16;17;4252650N;07009822W;28.
28;26;6;18;16;32;4250109N;07002506W;4.0
28;26;6;18;16;48;4247095N;06956821W;26.
28;26;6;18;17;8;4242150N;06953637W;1.0
28;26;6;18;17;23;4240971N;06955262W;22.
28;26;6;18;17;41;4238900N;06957485W;0.4
28;26;6;18;17;56;4235779N;06959712W;3.8
28;26;6;18;18;11;4234920N;06959753W;5.8
28;26;6;18;18;26;4234603N;06959850W;4.0
28;26;6;18;18;41;4235522N;06959979W;2.2
28;26;6;18;18;58;4236571N;06959962W;4.8
28;26;6;18;19;14;4237316N;07000014W;1.6
28;26;6;18;19;29;4238027N;06959981W;0.7
28;26;6;18;19;44;4238745N;06959965W;11.
28;26;6;18;19;59;4239342N;07004523W;25.
28;26;6;18;20;19;4245745N;07014678W;22.
28;26;6;18;20;34;4252578N;07021790W;34.
28;26;6;18;20;49;4258156N;07030420W;32.
28;26;6;18;21;4;4259309N;07036919W;1.3
28;26;6;18;21;4;4259309N;07036919W;1.3
28;26;6;18;21;4;4259309N;07036919W;1.3
28;26;6;18;21;19;4259322N;07036920W;0.5
28;26;6;18;21;19;4259322N;07036920W;0.5
28;26;6;18;21;19;4259322N;07036920W;0.5
28;26;6;18;21;34;4259306N;07036912W;3.6
28;26;6;18;21;34;4259306N;07036912W;3.6
28;26;6;18;21;50;4259312N;07036923W;0.4
28;26;6;18;22;5;4259318N;07036914W;0.6
28;26;6;18;22;20;4259315N;07036912W;0.2
28;26;6;18;22;35;4259324N;07036911W;0.5
28;26;6;18;22;50;4259308N;07036899W;0.8
28;26;6;18;23;5;4259322N;07036925W;0.2
28;26;6;18;23;20;4259317N;07036929W;0.4
28;26;6;18;23;35;4259322N;07036917W;0.2
28;26;6;18;23;50;4259329N;07036922W;0.6
28;27;6;18;0;6;4259342N;07036901W;0.4
28;27;6;18;0;21;4259348N;07036902W;0.2
28;27;6;18;0;36;4259174N;07036840W;1.1
28;27;6;18;0;51;4259287N;07036892W;0.4
28;27;6;18;1;6;4259321N;07036921W;0.3
28;27;6;18;1;22;4259321N;07036913W;0.1
28;27;6;18;1;37;4259314N;07036908W;2.2
28;27;6;18;1;52;4259331N;07036916W;1.3
28;27;6;18;2;7;4259321N;07036912W;0.5
28;27;6;18;2;22;4259318N;07036910W;0.6
28;27;6;18;2;37;4259329N;07036918W;0.6
28;27;6;18;2;52;4259328N;07036919W;0.6
28;27;6;18;2;52;4259328N;07036919W;0.6
28;27;6;18;3;7;4259324N;07036917W;1.4
28;27;6;18;3;23;4259304N;07036898W;0.4
28;27;6;18;3;38;4259317N;07036910W;0.1
28;27;6;18;3;53;4259315N;07036911W;0.1
28;27;6;18;3;53;4259315N;07036911W;0.1
28;27;6;18;4;9;4259320N;07036915W;0.0
28;27;6;18;4;24;4259316N;07036913W;0.1
28;27;6;18;4;39;4259325N;07036924W;0.5
28;27;6;18;4;54;4259339N;07036939W;0.2
28;27;6;18;4;54;4259339N;07036939W;0.2
28;27;6;18;5;9;4259317N;07036912W;1.0
28;27;6;18;5;25;4259315N;07036909W;0.0
28;27;6;18;5;40;4259314N;07036910W;0.3
28;27;6;18;5;40;4259314N;07036910W;0.3
28;27;6;18;5;40;4259314N;07036910W;0.3
28;27;6;18;5;40;4259314N;07036910W;0.3
28;27;6;18;5;40;4259314N;07036910W;0.3
28;27;6;18;5;55;4259316N;07036908W;0.6
28;27;6;18;5;55;4259316N;07036908W;0.6
28;27;6;18;6;10;4259318N;07036914W;0.1
28;27;6;18;6;10;4259318N;07036914W;0.1
28;27;6;18;6;25;4259318N;07036915W;0.6
28;27;6;18;6;25;4259318N;07036915W;0.6
28;27;6;18;6;25;4259318N;07036915W;0.6
28;27;6;18;6;41;4259318N;07036915W;0.2
28;27;6;18;6;41;4259318N;07036915W;0.2
28;27;6;18;6;56;4259319N;07036914W;0.2
28;27;6;18;6;56;4259319N;07036914W;0.2
28;27;6;18;6;56;4259319N;07036914W;0.2
28;27;6;18;6;56;4259319N;07036914W;0.2
28;27;6;18;6;56;4259319N;07036914W;0.2
28;27;6;18;6;56;4259319N;07036914W;0.2
28;27;6;18;6;56;4259319N;07036914W;0.2
28;27;6;18;7;11;4259319N;07036916W;0.2
28;27;6;18;7;11;4259319N;07036916W;0.2
28;27;6;18;7;11;4259319N;07036916W;0.2
28;27;6;18;7;26;4259318N;07036916W;0.1
28;27;6;18;7;41;4259320N;07036911W;0.4
28;27;6;18;7;56;4259318N;07036915W;0.1
28;27;6;18;8;11;4259326N;07036915W;0.2
28;27;6;18;8;28;4259323N;07036921W;0.1
28;27;6;18;8;43;4259318N;07036922W;0.5
28;27;6;18;8;59;4259321N;07036911W;0.2
28;27;6;18;9;14;4259326N;07036905W;0.7
28;27;6;18;9;29;4259318N;07036912W;2.4
28;27;6;18;9;44;4259317N;07036914W;1.1
28;27;6;18;9;59;4259326N;07036913W;0.3
28;27;6;18;10;14;4259314N;07036908W;1.4
28;27;6;18;10;14;4259314N;07036908W;1.4
28;27;6;18;10;29;4259317N;07036921W;0.2
28;27;6;18;10;44;4259326N;07036910W;0.4
28;27;6;18;10;44;4259326N;07036910W;0.4
28;27;6;18;11;0;4259321N;07036912W;1.1
28;27;6;18;11;0;4259321N;07036912W;1.1
28;27;6;18;11;15;4259314N;07036910W;0.5
28;27;6;18;11;30;4259304N;07036909W;0.5
28;27;6;18;11;46;4259319N;07036915W;0.0
28;27;6;18;12;1;4259321N;07036903W;2.2
28;27;6;18;12;16;4259315N;07036913W;0.4
28;27;6;18;12;31;4259320N;07036920W;1.5
28;27;6;18;12;46;4259318N;07036906W;3.1
28;27;6;18;13;1;4259321N;07036923W;0.9
28;27;6;18;13;16;4259322N;07036934W;1.3
28;27;6;18;13;31;4259322N;07036915W;0.2
28;27;6;18;13;46;4259326N;07036913W;0.0
28;27;6;18;14;1;4257244N;07036845W;23.
28;27;6;18;14;17;4253411N;07038068W;16.
28;27;6;18;14;17;4253411N;07038068W;16.
28;27;6;18;14;32;4251434N;07039018W;1.0
28;27;6;18;14;47;4252449N;07039292W;33.
28;27;6;18;14;47;4252449N;07039292W;33.
28;27;6;18;15;2;4259310N;07036917W;0.2
28;27;6;18;15;2;4259310N;07036917W;0.2
28;27;6;18;15;18;4259305N;07036926W;0.4
28;27;6;18;15;34;4259320N;07036912W;0.0
28;27;6;18;15;49;4259323N;07036909W;0.3
28;27;6;18;16;4;4259183N;07036823W;0.9
28;27;6;18;16;4;4259183N;07036823W;0.9
28;27;6;18;16;19;4259290N;07036890W;0.2
28;27;6;18;16;34;4259298N;07036898W;0.9
28;27;6;18;16;49;4259325N;07036919W;0.3
28;27;6;18;17;4;4259329N;07036919W;0.2
28;27;6;18;17;4;4259329N;07036919W;0.2
28;27;6;18;17;20;4259318N;07036911W;0.0
28;27;6;18;17;35;4259326N;07036917W;0.5
28;27;6;18;17;35;4259326N;07036917W;0.5
28;27;6;18;17;50;4259318N;07036913W;0.2
28;27;6;18;17;50;4259318N;07036913W;0.2
28;27;6;18;17;50;4259318N;07036913W;0.2
28;27;6;18;18;5;4259318N;07036915W;1.2
28;27;6;18;18;5;4259318N;07036915W;1.2
28;27;6;18;18;5;4259318N;07036915W;1.2
28;27;6;18;18;21;4259178N;07036831W;0.4
28;27;6;18;18;36;4259290N;07036898W;0.3
28;27;6;18;18;52;4259288N;07036899W;0.2
28;27;6;18;19;7;4259298N;07036897W;0.8
28;27;6;18;19;22;4259295N;07036901W;0.3
28;27;6;18;19;37;4259325N;07036927W;0.6
28;27;6;18;19;52;4259321N;07036924W;0.4
28;27;6;18;20;8;4259318N;07036913W;0.6
28;27;6;18;20;23;4258264N;07036773W;22.
28;27;6;18;20;23;4258264N;07036773W;22.
28;27;6;18;20;38;4254734N;07034753W;7.7
28;27;6;18;20;53;4252958N;07033243W;17.
28;27;6;18;21;8;4250780N;07036807W;15.
28;27;6;18;21;23;4251269N;07038501W;37.
28;27;6;18;21;38;4252829N;07037769W;0.3
28;27;6;18;21;53;4253301N;07037396W;37.
28;27;6;18;22;8;4259321N;07036913W;0.3
28;27;6;18;22;24;4259321N;07036913W;0.3
28;27;6;18;22;39;4259323N;07036919W;0.4
28;27;6;18;22;54;4259315N;07036914W;0.6
28;27;6;18;23;9;4259338N;07036925W;0.2
28;27;6;18;23;25;4259318N;07036911W;0.4
28;27;6;18;23;40;4259316N;07036914W;0.2
28;27;6;18;23;56;4259323N;07036911W;2.5
28;27;6;18;23;56;4259323N;07036911W;2.5
28;27;6;18;23;56;4259323N;07036911W;2.5
28;27;6;18;23;56;4259323N;07036911W;2.5
28;27;6;18;23;56;4259323N;07036911W;2.5
28;27;6;18;23;56;4259323N;07036911W;2.5
28;27;6;18;23;56;4259323N;07036911W;2.5
28;27;6;18;23;56;4259323N;07036911W;2.5
28;27;6;18;23;56;4259323N;07036911W;2.5
28;28;6;18;0;11;4259320N;07036912W;0.5
28;28;6;18;0;26;4259315N;07036913W;0.5
28;28;6;18;0;41;4259315N;07036912W;0.5
28;28;6;18;0;56;4259318N;07036906W;0.3
28;28;6;18;1;11;4259315N;07036911W;1.0
28;28;6;18;1;26;4259320N;07036911W;0.2
28;28;6;18;1;26;4259320N;07036911W;0.2
28;28;6;18;1;41;4259335N;07036918W;0.5
28;28;6;18;1;57;4259325N;07036918W;0.5
28;28;6;18;2;12;4259320N;07036912W;0.9
28;28;6;18;2;27;4259319N;07036913W;0.1
28;28;6;18;2;43;4259333N;07036922W;0.2
28;28;6;18;2;58;4259339N;07036944W;0.2
28;28;6;18;3;14;4259319N;07036914W;0.1
28;28;6;18;3;29;4259319N;07036909W;0.3
28;28;6;18;3;44;4259321N;07036915W;1.0
28;28;6;18;3;59;4259322N;07036917W;1.7
28;28;6;18;3;59;4259322N;07036917W;1.7
28;28;6;18;4;14;4259319N;07036915W;0.0
28;28;6;18;4;30;4259324N;07036918W;0.4
28;28;6;18;4;45;4259313N;07036908W;2.4
28;28;6;18;5;0;4259327N;07036923W;0.7
28;28;6;18;5;15;4259315N;07036908W;1.0
28;28;6;18;5;31;4259327N;07036941W;1.9
28;28;6;18;5;46;4259324N;07036929W;0.0
28;28;6;18;6;1;4259324N;07036913W;0.5
28;28;6;18;6;16;4259340N;07036942W;1.0
28;28;6;18;6;31;4259349N;07036953W;0.3
28;28;6;18;6;46;4259332N;07036938W;0.1
28;28;6;18;7;1;4259342N;07036954W;0.4
28;28;6;18;7;16;4259336N;07036949W;0.3
28;28;6;18;7;31;4259333N;07036942W;0.1
28;28;6;18;7;47;4259331N;07036938W;0.1
28;28;6;18;8;2;4259365N;07036931W;0.0
28;28;6;18;8;17;4259358N;07036932W;0.1
28;28;6;18;8;32;4259301N;07036913W;0.1
28;28;6;18;8;47;4259317N;07036911W;3.2
28;28;6;18;9;2;4259310N;07036911W;0.8
28;28;6;18;9;17;4259314N;07036919W;4.0
28;28;6;18;9;32;4259321N;07036924W;0.5
28;28;6;18;9;48;4259324N;07036913W;0.5
28;28;6;18;10;3;4259324N;07036904W;0.4
28;28;6;18;10;18;4259324N;07036908W;0.6
28;28;6;18;10;33;4259331N;07036903W;0.3
28;28;6;18;10;48;4259321N;07036897W;0.7
28;28;6;18;10;48;4259321N;07036897W;0.7
28;28;6;18;10;48;4259321N;07036897W;0.7
28;28;6;18;11;3;4259326N;07036908W;0.4
28;28;6;18;11;3;4259326N;07036908W;0.4
28;28;6;18;11;19;4259338N;07036908W;0.5
28;28;6;18;11;19;4259338N;07036908W;0.5
28;28;6;18;11;19;4259338N;07036908W;0.5
28;28;6;18;11;19;4259338N;07036908W;0.5
28;28;6;18;11;35;4259319N;07036920W;0.0
28;28;6;18;11;50;4259319N;07036922W;0.5
28;28;6;18;12;5;4259320N;07036910W;0.4
28;28;6;18;12;5;4259320N;07036910W;0.4
28;28;6;18;12;5;4259320N;07036910W;0.4
28;28;6;18;12;5;4259320N;07036910W;0.4
28;28;6;18;12;5;4259320N;07036910W;0.4
28;28;6;18;12;20;4259322N;07036913W;0.3
28;28;6;18;12;20;4259322N;07036913W;0.3
28;28;6;18;12;20;4259322N;07036913W;0.3
28;28;6;18;12;35;4259318N;07036913W;0.3
28;28;6;18;12;35;4259318N;07036913W;0.3
28;28;6;18;12;50;4259316N;07036916W;0.4
28;28;6;18;13;5;4259319N;07036920W;0.2
28;28;6;18;13;5;4259319N;07036920W;0.2
28;28;6;18;13;5;4259319N;07036920W;0.2
28;28;6;18;13;20;4259305N;07036894W;1.2
28;28;6;18;13;20;4259305N;07036894W;1.2
28;28;6;18;13;20;4259305N;07036894W;1.2
28;28;6;18;13;35;4259321N;07036908W;0.5
28;28;6;18;13;35;4259321N;07036908W;0.5
28;28;6;18;13;35;4259321N;07036908W;0.5
28;28;6;18;13;35;4259321N;07036908W;0.5
28;28;6;18;13;35;4259321N;07036908W;0.5
28;28;6;18;13;50;4259319N;07036910W;0.7
28;28;6;18;13;50;4259319N;07036910W;0.7
28;28;6;18;13;50;4259319N;07036910W;0.7
28;28;6;18;14;5;4259311N;07036906W;0.7
28;28;6;18;14;20;4259320N;07036905W;0.6
28;28;6;18;14;36;4259313N;07036905W;0.0
28;28;6;18;14;51;4259299N;07036897W;0.1
28;28;6;18;15;6;4259306N;07036906W;0.1
28;28;6;18;15;6;4259306N;07036906W;0.1
28;28;6;18;15;21;4259313N;07036900W;0.7
28;28;6;18;15;21;4259313N;07036900W;0.7
28;28;6;18;15;37;4259307N;07036902W;0.4
28;28;6;18;15;53;4259294N;07036901W;0.4
28;28;6;18;15;53;4259294N;07036901W;0.4
28;28;6;18;15;53;4259294N;07036901W;0.4
28;28;6;18;16;8;4259316N;07036916W;0.0
28;28;6;18;16;8;4259316N;07036916W;0.0
28;28;6;18;16;23;4259323N;07036922W;0.4
28;28;6;18;16;38;4259315N;07036899W;5.5
28;28;6;18;16;54;4259323N;07036912W;0.1
28;28;6;18;17;9;4259326N;07036930W;0.5
28;28;6;18;17;24;4259327N;07036922W;4.0
28;28;6;18;17;39;4259329N;07036908W;1.8
28;28;6;18;17;55;4259316N;07036902W;1.1
28;28;6;18;18;10;4259314N;07036895W;0.9
28;28;6;18;18;10;4259314N;07036895W;0.9
28;28;6;18;18;10;4259314N;07036895W;0.9
28;28;6;18;18;10;4259314N;07036895W;0.9
28;28;6;18;18;25;4259318N;07036912W;0.7
28;28;6;18;18;40;4259314N;07036829W;0.2
28;28;6;18;18;40;4259314N;07036829W;0.2
28;28;6;18;18;56;4259415N;07037089W;0.6
28;28;6;18;18;56;4259415N;07037089W;0.6
28;28;6;18;18;56;4259415N;07037089W;0.6
28;28;6;18;19;11;4259317N;07036905W;1.2
28;28;6;18;19;27;4259323N;07036914W;0.4
28;28;6;18;19;42;4259336N;07036946W;0.4
28;28;6;18;19;57;4259320N;07036917W;0.9
28;28;6;18;20;12;4259324N;07036914W;0.5
28;28;6;18;20;27;4259323N;07036907W;0.3
28;28;6;18;20;42;4259335N;07036858W;0.5
28;28;6;18;20;57;4259295N;07036919W;0.3
28;28;6;18;21;12;4259307N;07036918W;1.1
28;28;6;18;21;27;4259303N;07036919W;0.6
28;28;6;18;21;42;4259306N;07036912W;0.3
28;28;6;18;21;58;4259174N;07036833W;0.8
28;28;6;18;22;13;4259284N;07036883W;0.4
28;28;6;18;22;28;4259312N;07036912W;0.3
28;28;6;18;22;43;4259312N;07036918W;0.2
28;28;6;18;22;43;4259312N;07036918W;0.2
28;28;6;18;22;59;4259303N;07036893W;0.4
28;28;6;18;22;59;4259303N;07036893W;0.4
28;28;6;18;22;59;4259303N;07036893W;0.4
28;28;6;18;23;14;4259302N;07036901W;0.4
28;28;6;18;23;14;4259302N;07036901W;0.4
28;28;6;18;23;29;4259318N;07036913W;0.4
28;28;6;18;23;45;4259159N;07036706W;29.
28;29;6;18;0;0;4259313N;07036857W;0.4
28;29;6;18;0;15;4259320N;07036914W;0.9
28;29;6;18;0;31;4259333N;07036921W;0.6
28;29;6;18;0;46;4259318N;07036916W;1.0
28;29;6;18;1;1;4259312N;07036917W;0.2
28;29;6;18;1;16;4259321N;07036917W;0.3
28;29;6;18;1;31;4259319N;07036911W;0.5
28;29;6;18;1;46;4259302N;07036902W;0.1
28;29;6;18;2;1;4259320N;07036918W;0.2
28;29;6;18;2;16;4259320N;07036916W;1.6
28;29;6;18;2;31;4259319N;07036916W;1.1
28;29;6;18;2;46;4259326N;07036918W;1.0
28;29;6;18;3;2;4259329N;07036922W;0.3
28;29;6;18;3;17;4259317N;07036912W;0.1
28;29;6;18;3;32;4259318N;07036912W;0.3
28;29;6;18;3;47;4259319N;07036917W;0.2
28;29;6;18;4;2;4259320N;07036918W;0.3
28;29;6;18;4;17;4259322N;07036923W;0.4
28;29;6;18;4;32;4259319N;07036917W;0.4
28;29;6;18;4;47;4259323N;07036913W;0.5
28;29;6;18;5;3;4259312N;07036901W;0.4
28;29;6;18;5;18;4259323N;07036921W;0.3
28;29;6;18;5;33;4259319N;07036913W;0.4
28;29;6;18;5;48;4259321N;07036935W;1.2
28;29;6;18;6;3;4259323N;07036933W;0.7
28;29;6;18;6;18;4259326N;07036944W;0.4
28;29;6;18;6;33;4259332N;07036946W;0.3
28;29;6;18;6;48;4259340N;07036944W;0.2
28;29;6;18;6;48;4259340N;07036944W;0.2
28;29;6;18;7;3;4259342N;07036948W;0.0
28;29;6;18;7;18;4259304N;07036937W;0.2
28;29;6;18;7;33;4259355N;07036962W;0.2
28;29;6;18;7;48;4259308N;07036925W;0.5
28;29;6;18;8;4;4259318N;07036914W;0.8
28;29;6;18;8;19;4259304N;07036890W;1.2
28;29;6;18;8;34;4259324N;07036897W;0.5
28;29;6;18;8;49;4259313N;07036920W;1.2
28;29;6;18;9;4;4259324N;07036900W;0.1
28;29;6;18;9;19;4259321N;07036915W;0.3
28;29;6;18;9;34;4259317N;07036912W;0.0
28;29;6;18;9;49;4259316N;07036913W;0.6
28;29;6;18;10;4;4259306N;07036904W;0.5
28;29;6;18;10;19;4259326N;07036910W;0.4
28;29;6;18;10;35;4259330N;07036920W;0.6
28;29;6;18;10;50;4259313N;07036915W;0.1
28;29;6;18;11;5;4259277N;07036944W;0.1
28;29;6;18;11;5;4259277N;07036944W;0.1
28;29;6;18;11;20;4259085N;07036332W;0.2
28;29;6;18;11;20;4259085N;07036332W;0.2
28;29;6;18;11;35;4259295N;07036902W;0.3
28;29;6;18;11;50;4258597N;07035120W;26.
28;29;6;18;12;5;4252386N;07032678W;23.
28;29;6;18;12;5;4252386N;07032678W;23.
28;29;6;18;12;20;4249102N;07033935W;23.
28;29;6;18;12;35;4248564N;07034517W;0.7
28;29;6;18;12;51;4247751N;07038663W;2.2
28;29;6;18;13;6;4248428N;07039261W;0.3
28;29;6;18;13;21;4249018N;07038824W;23.
28;29;6;18;13;36;4249581N;07038658W;0.9
28;29;6;18;13;51;4249568N;07038297W;24.
28;29;6;18;13;51;4249568N;07038297W;24.
28;29;6;18;14;6;4249117N;07038212W;0.2
28;29;6;18;14;21;4249507N;07037840W;16.
28;29;6;18;14;37;4249247N;07037000W;0.6
28;29;6;18;14;52;4249716N;07037551W;28.
28;29;6;18;15;7;4250200N;07038398W;2.5
28;29;6;18;15;22;4253417N;07038756W;25.
28;29;6;18;15;38;4259294N;07036887W;0.3
28;29;6;18;15;53;4259307N;07036895W;0.2
28;29;6;18;16;8;4259321N;07036902W;0.6
28;29;6;18;16;24;4259314N;07036903W;0.4
28;29;6;18;16;24;4259314N;07036903W;0.4
28;29;6;18;16;39;4259295N;07036893W;0.5
28;29;6;18;16;54;4259329N;07036941W;0.1
28;29;6;18;17;10;4259314N;07036930W;1.1
28;29;6;18;17;10;4259314N;07036930W;1.1
28;29;6;18;17;25;4259342N;07036916W;1.0
28;29;6;18;17;25;4259342N;07036916W;1.0
28;29;6;18;17;40;4259321N;07036879W;0.5
28;29;6;18;17;56;4259325N;07036881W;0.8
28;29;6;18;17;56;4259325N;07036881W;0.8
28;29;6;18;17;56;4259325N;07036881W;0.8
28;29;6;18;17;56;4259325N;07036881W;0.8
28;29;6;18;18;11;4259308N;07036891W;0.2
28;29;6;18;18;11;4259308N;07036891W;0.2
28;29;6;18;18;27;4259323N;07036922W;0.6
28;29;6;18;18;42;4259324N;07036923W;0.5
28;29;6;18;18;57;4259332N;07036927W;1.6
28;29;6;18;19;12;4259327N;07036919W;0.4
28;29;6;18;19;27;4259333N;07036930W;0.3
28;29;6;18;19;43;4259322N;07036914W;0.8
28;29;6;18;19;58;4259316N;07036882W;0.5
28;29;6;18;20;13;4259322N;07036916W;1.0
28;29;6;18;20;28;4259066N;07036690W;0.1
28;29;6;18;20;44;4259098N;07036692W;0.5
28;29;6;18;20;59;4259109N;07036689W;0.5
