28;29;6;18;21;14;4259104N;07036709W;21.
28;29;6;18;21;29;4256594N;07030154W;21.
28;29;6;18;21;44;4255054N;07024860W;0.5
28;29;6;18;21;59;4254363N;07021101W;22.
28;29;6;18;22;19;4252753N;07012340W;24.
28;29;6;18;22;34;4252205N;07009107W;25.
28;29;6;18;22;49;4249544N;07004179W;19.
28;29;6;18;23;4;4249519N;07003069W;1.1
28;29;6;18;23;4;4249519N;07003069W;1.1
28;29;6;18;23;19;4253654N;07010002W;29.
28;29;6;18;23;34;4256362N;07015822W;31.
28;29;6;18;23;49;4259944N;07023581W;28.
28;30;6;18;0;5;4300609N;07031172W;22.
28;30;6;18;0;20;4259323N;07036910W;1.0
28;30;6;18;0;35;4259323N;07036905W;1.1
28;30;6;18;0;51;4259324N;07036911W;0.1
28;30;6;18;0;51;4259324N;07036911W;0.1
28;30;6;18;1;6;4259316N;07036912W;1.4
28;30;6;18;1;21;4259312N;07036912W;0.2
28;30;6;18;1;36;4259318N;07036912W;0.1
28;30;6;18;1;51;4259296N;07036905W;1.3
28;30;6;18;2;7;4259322N;07036908W;0.2
28;30;6;18;2;22;4259317N;07036916W;0.2
28;30;6;18;2;37;4259321N;07036914W;0.7
28;30;6;18;2;52;4259323N;07036926W;0.3
28;30;6;18;2;52;4259323N;07036926W;0.3
28;30;6;18;3;7;4259325N;07036916W;0.9
28;30;6;18;3;22;4259315N;07036919W;0.6
28;30;6;18;3;38;4259319N;07036911W;0.4
28;30;6;18;3;53;4259318N;07036915W;0.7
28;30;6;18;4;8;4259320N;07036912W;1.1
28;30;6;18;4;23;4259316N;07036911W;0.2
28;30;6;18;4;38;4259327N;07036923W;0.2
28;30;6;18;4;53;4259310N;07036909W;0.8
28;30;6;18;5;8;4259307N;07036899W;0.4
28;30;6;18;5;23;4259317N;07036916W;0.5
28;30;6;18;5;38;4259318N;07036916W;0.3
28;30;6;18;5;53;4259316N;07036892W;0.7
28;30;6;18;6;8;4259323N;07036893W;0.2
28;30;6;18;6;23;4259329N;07036897W;0.2
28;30;6;18;6;38;4259323N;07036894W;0.4
28;30;6;18;6;38;4259323N;07036894W;0.4
28;30;6;18;6;54;4259328N;07036900W;0.2
28;30;6;18;7;9;4259340N;07036928W;0.3
28;30;6;18;7;24;4259319N;07036909W;0.4
28;30;6;18;7;39;4259325N;07036922W;0.0
28;30;6;18;7;54;4259330N;07036927W;1.1
28;30;6;18;8;10;4259330N;07036920W;0.6
28;30;6;18;8;10;4259330N;07036920W;0.6
28;30;6;18;8;10;4259330N;07036920W;0.6
28;30;6;18;8;10;4259330N;07036920W;0.6
28;30;6;18;8;10;4259330N;07036920W;0.6
28;30;6;18;8;25;4259312N;07036918W;0.8
28;30;6;18;8;40;4259321N;07036928W;0.7
28;30;6;18;8;40;4259321N;07036928W;0.7
28;30;6;18;8;40;4259321N;07036928W;0.7
28;30;6;18;8;40;4259321N;07036928W;0.7
28;30;6;18;8;40;4259321N;07036928W;0.7
28;30;6;18;8;40;4259321N;07036928W;0.7
28;30;6;18;8;40;4259321N;07036928W;0.7
28;30;6;18;8;40;4259321N;07036928W;0.7
28;30;6;18;8;40;4259321N;07036928W;0.7
28;30;6;18;8;40;4259321N;07036928W;0.7
28;30;6;18;8;40;4259321N;07036928W;0.7
28;30;6;18;8;40;4259321N;07036928W;0.7
28;30;6;18;8;40;4259321N;07036928W;0.7
28;30;6;18;8;40;4259321N;07036928W;0.7
28;30;6;18;8;55;4259317N;07036923W;0.9
28;30;6;18;8;55;4259317N;07036923W;0.9
28;30;6;18;8;55;4259317N;07036923W;0.9
28;30;6;18;8;55;4259317N;07036923W;0.9
28;30;6;18;8;55;4259317N;07036923W;0.9
28;30;6;18;8;55;4259317N;07036923W;0.9
28;30;6;18;8;55;4259317N;07036923W;0.9
28;30;6;18;8;55;4259317N;07036923W;0.9
28;30;6;18;8;55;4259317N;07036923W;0.9
28;30;6;18;8;55;4259317N;07036923W;0.9
28;30;6;18;8;55;4259317N;07036923W;0.9
28;30;6;18;8;55;4259317N;07036923W;0.9
28;30;6;18;8;55;4259317N;07036923W;0.9
28;30;6;18;8;55;4259317N;07036923W;0.9
28;30;6;18;8;55;4259317N;07036923W;0.9
28;30;6;18;8;55;4259317N;07036923W;0.9
28;30;6;18;9;10;4259307N;07036911W;1.6
28;30;6;18;9;25;4259313N;07036916W;0.4
28;30;6;18;9;40;4259320N;07036918W;0.5
28;30;6;18;9;55;4259319N;07036916W;0.2
28;30;6;18;10;10;4259321N;07036916W;0.3
28;30;6;18;10;26;4259321N;07036911W;0.0
28;30;6;18;10;41;4259325N;07036911W;0.3
28;30;6;18;10;56;4259337N;07036917W;1.4
28;30;6;18;11;11;4259294N;07036913W;0.2
28;30;6;18;11;11;4259294N;07036913W;0.2
28;30;6;18;11;11;4259294N;07036913W;0.2
28;30;6;18;11;11;4259294N;07036913W;0.2
28;30;6;18;11;11;4259294N;07036913W;0.2
28;30;6;18;11;11;4259294N;07036913W;0.2
28;30;6;18;11;11;4259294N;07036913W;0.2
28;30;6;18;11;27;4259290N;07036906W;0.1
28;30;6;18;11;42;4259304N;07036918W;0.6
28;30;6;18;11;57;4259307N;07036928W;0.3
28;30;6;18;11;57;4259307N;07036928W;0.3
28;30;6;18;11;57;4259307N;07036928W;0.3
28;30;6;18;12;12;4259297N;07036907W;0.2
28;30;6;18;12;27;4259308N;07036919W;0.4
28;30;6;18;12;42;4259308N;07036918W;0.0
28;30;6;18;12;57;4259309N;07036912W;0.8
28;30;6;18;13;13;4259315N;07036914W;0.3
28;30;6;18;13;28;4259162N;07037083W;21.
28;30;6;18;13;43;4254636N;07039305W;21.
28;30;6;18;13;43;4254636N;07039305W;21.
28;30;6;18;13;43;4254636N;07039305W;21.
28;30;6;18;13;58;4251048N;07038983W;1.0
28;30;6;18;14;13;4251583N;07039267W;1.3
28;30;6;18;14;28;4252662N;07038996W;33.
28;30;6;18;14;43;4259285N;07036896W;0.3
28;30;6;18;14;59;4259286N;07036879W;0.3
28;30;6;18;15;14;4259312N;07037007W;1.0
28;30;6;18;15;29;4259294N;07036880W;0.2
28;30;6;18;15;29;4259294N;07036880W;0.2
28;30;6;18;15;29;4259294N;07036880W;0.2
28;30;6;18;15;44;4259283N;07036969W;0.5
28;30;6;18;16;0;4259298N;07036888W;0.7
28;30;6;18;16;15;4259312N;07036905W;0.4
28;30;6;18;16;30;4259294N;07036904W;0.2
28;30;6;18;16;45;4259296N;07036916W;0.3
28;30;6;18;17;0;4259292N;07036920W;0.4
28;30;6;18;17;16;4259306N;07036880W;0.4
28;30;6;18;17;31;4258178N;07034371W;21.
28;30;6;18;17;46;4256488N;07027727W;25.
28;30;6;18;18;7;4255395N;07019133W;20.
28;30;6;18;18;22;4254168N;07012486W;2.1
28;30;6;18;18;37;4254319N;07004960W;9.2
28;30;6;18;18;52;4253692N;07001922W;0.9
28;30;6;18;19;7;4252897N;07000006W;24.
28;30;6;18;19;27;4252719N;06957398W;0.1
28;30;6;18;19;27;4252719N;06957398W;0.1
28;30;6;18;19;27;4252719N;06957398W;0.1
28;30;6;18;19;27;4252719N;06957398W;0.1
28;30;6;18;19;27;4252719N;06957398W;0.1
28;30;6;18;19;27;4252719N;06957398W;0.1
28;30;6;18;19;27;4252719N;06957398W;0.1
28;30;6;18;19;27;4252719N;06957398W;0.1
28;30;6;18;19;43;4252744N;06957223W;0.4
28;30;6;18;19;58;4251348N;06955986W;18.
28;30;6;18;20;13;4248380N;06952242W;2.0
28;30;6;18;20;28;4246356N;06951193W;20.
28;30;6;18;20;43;4242426N;06950670W;1.8
28;30;6;18;20;58;4240294N;06954308W;18.
28;30;6;18;21;13;4241095N;06959356W;1.7
28;30;6;18;21;28;4241345N;06959840W;0.4
28;30;6;18;21;43;4240433N;06959753W;9.9
28;30;6;18;21;58;4239675N;06959660W;17.
28;30;6;18;22;13;4239859N;07001451W;27.
28;30;6;18;22;28;4242538N;07010411W;32.
28;30;6;18;22;43;4249187N;07017770W;41.
28;30;6;18;22;58;4256501N;07023052W;0.6
28;30;6;18;23;13;4300239N;07030655W;24.
28;30;6;18;23;13;4300239N;07030655W;24.
28;30;6;18;23;28;4259349N;07036908W;2.6
28;30;6;18;23;44;4259316N;07036919W;0.5
28;1;7;18;0;0;4259342N;07036870W;0.2
28;1;7;18;0;15;4259315N;07036901W;0.1
28;1;7;18;0;30;4259297N;07036899W;1.4
28;1;7;18;0;45;4259306N;07036909W;0.0
28;1;7;18;1;1;4259305N;07036906W;0.4
28;1;7;18;1;16;4259307N;07036909W;0.1
28;1;7;18;1;31;4259300N;07036928W;0.1
28;1;7;18;1;46;4259282N;07037091W;0.0
28;1;7;18;2;1;4259282N;07037087W;0.3
28;1;7;18;2;17;4259332N;07036890W;0.2
28;1;7;18;2;32;4259343N;07036874W;0.6
28;1;7;18;2;32;4259343N;07036874W;0.6
28;1;7;18;2;32;4259343N;07036874W;0.6
28;1;7;18;2;47;4259321N;07036914W;0.1
28;1;7;18;3;2;4259331N;07036918W;0.3
28;1;7;18;3;17;4259326N;07036918W;0.1
28;1;7;18;3;32;4259324N;07036917W;0.6
28;1;7;18;3;48;4259303N;07037005W;0.3
28;1;7;18;4;3;4259318N;07036922W;0.6
28;1;7;18;4;18;4259332N;07036926W;0.8
28;1;7;18;4;33;4259318N;07036912W;0.2
28;1;7;18;4;48;4259315N;07036907W;0.1
28;1;7;18;5;3;4259313N;07036913W;3.4
28;1;7;18;5;18;4259314N;07036909W;1.0
28;1;7;18;5;33;4259318N;07036910W;0.9
28;1;7;18;5;48;4259321N;07036913W;0.7
28;1;7;18;6;3;4259322N;07036907W;0.6
28;1;7;18;6;18;4259317N;07036903W;0.4
28;1;7;18;6;34;4259327N;07036904W;0.0
28;1;7;18;6;49;4259294N;07036945W;0.0
28;1;7;18;7;4;4259317N;07036911W;0.3
28;1;7;18;7;19;4259299N;07036929W;0.5
28;1;7;18;7;34;4259318N;07036911W;0.1
28;1;7;18;7;49;4259321N;07036909W;0.1
28;1;7;18;8;4;4259306N;07036915W;0.4
28;1;7;18;8;4;4259306N;07036915W;0.4
28;1;7;18;8;4;4259306N;07036915W;0.4
28;1;7;18;8;4;4259306N;07036915W;0.4
28;1;7;18;8;4;4259306N;07036915W;0.4
28;1;7;18;8;19;4259311N;07036887W;0.3
28;1;7;18;8;35;4259301N;07036910W;0.0
28;1;7;18;8;50;4259310N;07036900W;0.4
28;1;7;18;8;50;4259310N;07036900W;0.4
28;1;7;18;8;50;4259310N;07036900W;0.4
28;1;7;18;8;50;4259310N;07036900W;0.4
28;1;7;18;9;5;4259291N;07036916W;0.0
28;1;7;18;9;20;4259298N;07036913W;0.1
28;1;7;18;9;35;4259295N;07036899W;0.5
28;1;7;18;9;50;4259294N;07036902W;0.4
28;1;7;18;10;6;4259320N;07036911W;0.0
28;1;7;18;10;21;4259325N;07036917W;1.2
28;1;7;18;10;36;4259321N;07036893W;0.1
28;1;7;18;10;36;4259321N;07036893W;0.1
28;1;7;18;10;36;4259321N;07036893W;0.1
28;1;7;18;10;36;4259321N;07036893W;0.1
28;1;7;18;10;51;4259270N;07037080W;0.3
28;1;7;18;11;7;4259274N;07036889W;0.3
28;1;7;18;11;7;4259274N;07036889W;0.3
28;1;7;18;11;22;4259278N;07036923W;0.7
28;1;7;18;11;37;4259295N;07036905W;0.3
28;1;7;18;11;52;4253937N;07034353W;24.
28;1;7;18;12;7;4250088N;07037760W;23.
28;1;7;18;12;22;4251410N;07037362W;26.
28;1;7;18;12;37;4257463N;07037157W;21.
28;1;7;18;12;37;4257463N;07037157W;21.
28;1;7;18;12;37;4257463N;07037157W;21.
28;1;7;18;12;37;4257463N;07037157W;21.
28;1;7;18;12;37;4257463N;07037157W;21.
28;1;7;18;12;37;4257463N;07037157W;21.
28;1;7;18;12;53;4259301N;07037002W;1.1
28;1;7;18;13;8;4259303N;07036998W;0.3
28;1;7;18;13;8;4259303N;07036998W;0.3
28;1;7;18;13;8;4259303N;07036998W;0.3
28;1;7;18;13;23;4259326N;07036921W;0.6
28;1;7;18;13;23;4259326N;07036921W;0.6
28;1;7;18;13;23;4259326N;07036921W;0.6
28;1;7;18;13;23;4259326N;07036921W;0.6
28;1;7;18;13;23;4259326N;07036921W;0.6
28;1;7;18;13;23;4259326N;07036921W;0.6
28;1;7;18;13;23;4259326N;07036921W;0.6
28;1;7;18;13;23;4259326N;07036921W;0.6
28;1;7;18;13;23;4259326N;07036921W;0.6
28;1;7;18;13;23;4259326N;07036921W;0.6
28;1;7;18;13;23;4259326N;07036921W;0.6
28;1;7;18;13;23;4259326N;07036921W;0.6
28;1;7;18;13;23;4259326N;07036921W;0.6
28;1;7;18;13;38;4259297N;07036904W;0.3
28;1;7;18;13;53;4259315N;07036864W;0.6
28;1;7;18;14;8;4259300N;07036903W;1.0
28;1;7;18;14;8;4259300N;07036903W;1.0
28;1;7;18;14;23;4259312N;07036891W;0.4
28;1;7;18;14;38;4259296N;07036891W;0.5
28;1;7;18;14;38;4259296N;07036891W;0.5
28;1;7;18;14;38;4259296N;07036891W;0.5
28;1;7;18;14;53;4259304N;07036899W;0.3
28;1;7;18;15;8;4259317N;07036893W;0.2
28;1;7;18;15;24;4259320N;07036886W;0.2
28;1;7;18;15;39;4259287N;07036985W;0.3
28;1;7;18;15;54;4258240N;07033953W;21.
28;1;7;18;16;10;4255609N;07027463W;36.
28;1;7;18;16;29;4255874N;07027107W;6.7
28;1;7;18;16;44;4255149N;07025939W;1.2
28;1;7;18;16;59;4254727N;07024722W;0.9
28;1;7;18;17;14;4254998N;07024883W;0.0
28;1;7;18;17;29;4255577N;07026746W;33.
28;1;7;18;17;49;4259101N;07036735W;0.0
28;1;7;18;18;5;4259325N;07036922W;0.9
28;1;7;18;18;20;4259322N;07036921W;1.9
28;1;7;18;18;35;4259329N;07036904W;3.2
28;1;7;18;18;35;4259329N;07036904W;3.2
28;1;7;18;18;50;4259325N;07036918W;0.1
28;1;7;18;19;5;4259323N;07036919W;2.2
28;1;7;18;19;5;4259323N;07036919W;2.2
28;1;7;18;19;5;4259323N;07036919W;2.2
28;1;7;18;19;20;4259336N;07036940W;0.6
28;1;7;18;19;35;4259323N;07036910W;0.1
28;1;7;18;19;50;4259287N;07036893W;0.2
28;1;7;18;20;5;4259323N;07036910W;0.1
28;1;7;18;20;20;4259324N;07036909W;0.8
28;1;7;18;20;36;4259265N;07036941W;0.4
28;1;7;18;20;51;4259310N;07036880W;0.0
28;1;7;18;21;6;4259262N;07036950W;1.5
28;1;7;18;21;21;4259293N;07036920W;0.4
28;1;7;18;21;36;4259339N;07036913W;0.2
28;1;7;18;21;51;4259290N;07036907W;0.2
28;1;7;18;22;7;4259320N;07036905W;0.3
28;1;7;18;22;22;4259325N;07036908W;0.5
28;1;7;18;22;37;4259308N;07036887W;0.5
28;1;7;18;22;52;4259332N;07036908W;0.1
28;1;7;18;23;7;4259329N;07036904W;0.2
28;1;7;18;23;22;4259332N;07036893W;0.1
28;1;7;18;23;38;4259365N;07036861W;0.0
28;1;7;18;23;53;4259317N;07036914W;0.2
28;2;7;18;0;8;4259289N;07036947W;0.3
28;2;7;18;0;24;4259252N;07036913W;0.2
28;2;7;18;0;39;4259305N;07036920W;0.5
28;2;7;18;0;54;4259306N;07036916W;0.3
28;2;7;18;1;9;4259303N;07036915W;0.1
28;2;7;18;1;24;4259272N;07036848W;0.2
28;2;7;18;1;39;4259326N;07036920W;0.3
28;2;7;18;1;54;4259313N;07036912W;0.2
28;2;7;18;2;9;4259306N;07036906W;0.3
28;2;7;18;2;24;4259310N;07036882W;0.2
28;2;7;18;2;39;4259330N;07036914W;0.2
28;2;7;18;2;54;4259343N;07036904W;0.6
28;2;7;18;3;10;4259336N;07036916W;0.7
28;2;7;18;3;25;4259333N;07036925W;0.4
28;2;7;18;3;40;4259334N;07036932W;0.5
28;2;7;18;3;55;4259338N;07036935W;0.4
28;2;7;18;4;10;4259372N;07036939W;0.6
28;2;7;18;4;25;4259308N;07036913W;0.4
28;2;7;18;4;40;4259293N;07036914W;0.1
28;2;7;18;4;55;4259293N;07036905W;0.8
28;2;7;18;5;10;4259304N;07036901W;0.1
28;2;7;18;5;25;4259309N;07036902W;0.9
28;2;7;18;5;40;4259319N;07036891W;2.1
28;2;7;18;5;55;4259319N;07036895W;0.0
28;2;7;18;6;10;4259321N;07036893W;0.3
28;2;7;18;6;26;4259321N;07036900W;0.2
28;2;7;18;6;41;4259329N;07036906W;1.3
28;2;7;18;6;56;4259330N;07036911W;0.4
28;2;7;18;7;11;4259332N;07036915W;0.3
28;2;7;18;7;26;4259344N;07036922W;1.1
28;2;7;18;7;41;4259316N;07036907W;0.4
28;2;7;18;7;56;4259309N;07036915W;0.2
28;2;7;18;8;11;4259168N;07036839W;0.4
28;2;7;18;8;26;4259284N;07036889W;0.2
28;2;7;18;8;41;4259300N;07036639W;28.
28;2;7;18;8;57;4255500N;07030760W;23.
28;2;7;18;9;12;4251965N;07024724W;21.
28;2;7;18;9;27;4250489N;07020129W;0.1
28;2;7;18;9;42;4251947N;07022606W;27.
28;2;7;18;9;57;4255874N;07029855W;24.
28;2;7;18;10;12;4259324N;07036688W;28.
28;2;7;18;10;27;4259307N;07036889W;0.4
28;2;7;18;10;42;4259312N;07036919W;0.3
28;2;7;18;10;57;4259331N;07037000W;0.6
28;2;7;18;11;12;4259276N;07036940W;0.5
28;2;7;18;11;27;4259285N;07036908W;0.3
28;2;7;18;11;43;4259319N;07036880W;0.2
28;2;7;18;11;58;4259302N;07036892W;0.2
28;2;7;18;12;13;4259312N;07036908W;0.3
28;2;7;18;12;28;4259324N;07036893W;16.
28;2;7;18;12;43;4259078N;07036701W;0.4
28;2;7;18;12;58;4259072N;07036699W;1.2
28;2;7;18;13;13;4258267N;07035130W;22.
28;2;7;18;13;28;4253767N;07030362W;27.
28;2;7;18;13;43;4250783N;07028615W;14.
28;2;7;18;13;58;4247524N;07022939W;22.
28;2;7;18;14;13;4246237N;07021164W;1.8
28;2;7;18;14;29;4246321N;07021289W;1.1
28;2;7;18;14;44;4248307N;07022667W;26.
28;2;7;18;14;44;4248307N;07022667W;26.
28;2;7;18;14;59;4254184N;07027382W;26.
28;2;7;18;15;20;4259077N;07036713W;0.1
28;2;7;18;15;35;4259075N;07036710W;1.4
28;2;7;18;15;50;4259076N;07036718W;2.1
28;2;7;18;16;5;4259315N;07036910W;0.6
28;2;7;18;16;5;4259315N;07036910W;0.6
28;2;7;18;16;5;4259315N;07036910W;0.6
28;2;7;18;16;20;4259323N;07036913W;1.7
28;2;7;18;16;35;4259316N;07036916W;0.7
28;2;7;18;16;50;4259341N;07036943W;0.4
28;2;7;18;17;5;4259322N;07036905W;0.4
28;2;7;18;17;5;4259322N;07036905W;0.4
28;2;7;18;17;5;4259322N;07036905W;0.4
28;2;7;18;17;5;4259322N;07036905W;0.4
28;2;7;18;17;5;4259322N;07036905W;0.4
28;2;7;18;17;20;4259315N;07036888W;0.4
28;2;7;18;17;20;4259315N;07036888W;0.4
28;2;7;18;17;20;4259315N;07036888W;0.4
28;2;7;18;17;35;4259336N;07036930W;3.1
28;2;7;18;17;50;4259336N;07036890W;0.3
28;2;7;18;18;6;4259324N;07036909W;0.5
28;2;7;18;18;21;4259328N;07036888W;0.3
28;2;7;18;18;36;4259321N;07036926W;0.1
28;2;7;18;18;51;4259330N;07036900W;0.6
28;2;7;18;19;6;4259316N;07036900W;0.3
28;2;7;18;19;22;4259286N;07036944W;0.7
28;2;7;18;19;37;4259330N;07036909W;1.0
28;2;7;18;19;52;4259267N;07036933W;0.1
28;2;7;18;20;7;4258210N;07033874W;21.
28;2;7;18;20;22;4256207N;07027531W;18.
28;2;7;18;20;43;4257501N;07028888W;32.
28;2;7;18;20;58;4259317N;07036911W;1.5
28;2;7;18;21;13;4259320N;07036917W;0.4
28;2;7;18;21;28;4259325N;07036918W;0.4
28;2;7;18;21;43;4259327N;07036931W;2.0
28;2;7;18;21;58;4259323N;07036918W;1.4
28;2;7;18;22;13;4259328N;07036922W;2.9
28;2;7;18;22;28;4259318N;07036918W;0.2
28;2;7;18;22;43;4259328N;07036921W;0.2
28;2;7;18;22;58;4259325N;07036919W;0.4
28;2;7;18;23;13;4259323N;07036918W;0.2
28;2;7;18;23;29;4259294N;07036914W;0.6
28;2;7;18;23;44;4258947N;07036866W;0.7
28;2;7;18;23;59;4259098N;07036712W;0.1
28;3;7;18;0;14;4259290N;07036931W;0.3
28;3;7;18;0;29;4259270N;07036935W;1.2
28;3;7;18;0;44;4259279N;07036894W;0.4
28;3;7;18;0;59;4259312N;07036927W;0.4
28;3;7;18;1;14;4259291N;07036898W;0.1
28;3;7;18;1;29;4259269N;07036896W;0.1
28;3;7;18;1;44;4259348N;07036956W;0.3
28;3;7;18;1;59;4259331N;07036931W;1.1
28;3;7;18;2;15;4259333N;07036932W;0.3
28;3;7;18;2;30;4259337N;07036932W;0.1
28;3;7;18;2;45;4259332N;07036915W;0.3
28;3;7;18;3;0;4259327N;07036917W;0.2
28;3;7;18;3;15;4259323N;07036920W;0.9
28;3;7;18;3;30;4259323N;07036917W;0.9
28;3;7;18;3;46;4259327N;07036916W;0.2
28;3;7;18;4;1;4259326N;07036921W;0.2
28;3;7;18;4;16;4259337N;07036932W;0.4
28;3;7;18;4;31;4259314N;07036905W;0.5
28;3;7;18;4;46;4259309N;07036897W;0.3
28;3;7;18;5;1;4259310N;07036899W;0.7
28;3;7;18;5;16;4259308N;07036897W;0.3
28;3;7;18;5;31;4259311N;07036897W;0.3
28;3;7;18;5;46;4259321N;07036873W;2.0
28;3;7;18;6;1;4259321N;07036888W;1.7
28;3;7;18;6;16;4259310N;07036886W;0.5
28;3;7;18;6;31;4259325N;07036885W;0.7
28;3;7;18;6;46;4259323N;07036887W;0.3
28;3;7;18;7;1;4259327N;07036891W;0.0
28;3;7;18;7;17;4259315N;07036908W;0.1
28;3;7;18;7;32;4259324N;07036918W;2.9
28;3;7;18;7;47;4259318N;07036888W;1.6
28;3;7;18;8;2;4259316N;07036897W;0.4
28;3;7;18;8;17;4259173N;07036824W;0.0
28;3;7;18;8;32;4259287N;07036891W;0.1
28;3;7;18;8;47;4259273N;07036896W;0.2
28;3;7;18;9;2;4258861N;07036071W;26.
28;3;7;18;9;17;4258155N;07026774W;29.
28;3;7;18;9;33;4257516N;07023304W;22.
28;3;7;18;9;48;4254815N;07016733W;22.
28;3;7;18;10;3;4252644N;07012409W;22.
28;3;7;18;10;18;4250994N;07005274W;22.
28;3;7;18;10;33;4247142N;07000201W;27.
28;3;7;18;10;48;4243351N;06955828W;20.
28;3;7;18;11;3;4238887N;06954893W;0.3
28;3;7;18;11;18;4238330N;06954547W;1.4
28;3;7;18;11;33;4238089N;06953846W;0.7
28;3;7;18;11;48;4237258N;06953462W;0.6
28;3;7;18;12;3;4236588N;06953738W;0.4
28;3;7;18;12;18;4235914N;06953973W;1.5
28;3;7;18;12;33;4235197N;06954268W;0.8
28;3;7;18;12;48;4234497N;06954476W;0.8
28;3;7;18;13;4;4234534N;06954182W;0.4
28;3;7;18;13;19;4234467N;06954022W;0.5
28;3;7;18;13;34;4234507N;06953815W;0.6
28;3;7;18;13;49;4234552N;06953652W;0.6
28;3;7;18;14;4;4234657N;06953503W;0.2
28;3;7;18;14;19;4234683N;06953343W;1.4
28;3;7;18;14;34;4234723N;06953216W;0.4
28;3;7;18;14;49;4234738N;06953153W;0.1
28;3;7;18;15;4;4235597N;06953827W;0.9
28;3;7;18;15;19;4236247N;06954251W;0.9
28;3;7;18;15;34;4236591N;06954457W;1.3
28;3;7;18;15;49;4237528N;06954994W;0.7
28;3;7;18;16;5;4238134N;06955230W;1.7
28;3;7;18;16;20;4238550N;06954662W;10.
28;3;7;18;16;35;4238090N;06954075W;0.6
28;3;7;18;16;50;4237615N;06954041W;16.
28;3;7;18;17;5;4236905N;06953859W;15.
28;3;7;18;17;20;4236445N;06953822W;1.1
28;3;7;18;17;35;4235723N;06954175W;25.
28;3;7;18;17;50;4236679N;06956874W;0.4
28;3;7;18;18;5;4236184N;06959804W;34.
28;3;7;18;18;20;4236527N;06959635W;0.6
28;3;7;18;18;36;4235323N;07000198W;8.1
28;3;7;18;18;56;4236031N;07009060W;21.
28;3;7;18;19;11;4237051N;07015149W;1.2
28;3;7;18;19;26;4241193N;07018469W;33.
28;3;7;18;19;41;4242290N;07021422W;32.
28;3;7;18;19;57;4249531N;07029480W;29.
28;3;7;18;20;12;4251987N;07032066W;26.
28;3;7;18;20;28;4259310N;07036980W;48.
28;3;7;18;20;43;4259317N;07036912W;0.1
28;3;7;18;20;43;4259317N;07036912W;0.1
28;3;7;18;20;58;4259322N;07036910W;0.3
28;3;7;18;21;13;4259320N;07036911W;0.4
28;3;7;18;21;28;4259325N;07036923W;1.1
28;3;7;18;21;43;4259323N;07036923W;0.4
28;3;7;18;21;58;4259320N;07036916W;0.5
28;3;7;18;22;13;4259311N;07036913W;0.5
28;3;7;18;22;28;4259339N;07036941W;0.3
28;3;7;18;22;28;4259339N;07036941W;0.3
28;3;7;18;22;44;4259334N;07036930W;0.0
28;3;7;18;22;59;4259339N;07036924W;0.3
28;3;7;18;23;14;4259351N;07036939W;1.9
28;3;7;18;23;14;4259351N;07036939W;1.9
28;3;7;18;23;29;4259354N;07036882W;0.2
28;3;7;18;23;29;4259354N;07036882W;0.2
28;3;7;18;23;44;4259334N;07036918W;0.5
28;3;7;18;23;44;4259334N;07036918W;0.5
28;3;7;18;23;44;4259334N;07036918W;0.5
28;3;7;18;23;44;4259334N;07036918W;0.5
28;3;7;18;23;59;4259331N;07036923W;0.1
28;4;7;18;0;14;4259320N;07037028W;0.9
28;4;7;18;0;14;4259320N;07037028W;0.9
28;4;7;18;0;30;4259330N;07036930W;0.5
28;4;7;18;0;30;4259330N;07036930W;0.5
28;4;7;18;0;30;4259330N;07036930W;0.5
28;4;7;18;0;30;4259330N;07036930W;0.5
28;4;7;18;0;30;4259330N;07036930W;0.5
28;4;7;18;0;30;4259330N;07036930W;0.5
28;4;7;18;0;30;4259330N;07036930W;0.5
28;4;7;18;0;45;4259316N;07036933W;0.4
28;4;7;18;0;45;4259316N;07036933W;0.4
28;4;7;18;0;45;4259316N;07036933W;0.4
28;4;7;18;0;45;4259316N;07036933W;0.4
28;4;7;18;0;45;4259316N;07036933W;0.4
28;4;7;18;1;0;4259316N;07036936W;0.6
28;4;7;18;1;15;4259321N;07036924W;0.9
28;4;7;18;1;15;4259321N;07036924W;0.9
28;4;7;18;1;15;4259321N;07036924W;0.9
28;4;7;18;1;15;4259321N;07036924W;0.9
28;4;7;18;1;15;4259321N;07036924W;0.9
28;4;7;18;1;15;4259321N;07036924W;0.9
28;4;7;18;1;15;4259321N;07036924W;0.9
28;4;7;18;1;15;4259321N;07036924W;0.9
28;4;7;18;1;15;4259321N;07036924W;0.9
28;4;7;18;1;15;4259321N;07036924W;0.9
28;4;7;18;1;30;4259351N;07036941W;0.0
28;4;7;18;1;30;4259351N;07036941W;0.0
28;4;7;18;1;30;4259351N;07036941W;0.0
28;4;7;18;1;46;4259314N;07036910W;0.2
28;4;7;18;1;46;4259314N;07036910W;0.2
28;4;7;18;2;1;4259330N;07036903W;0.4
28;4;7;18;2;16;4259330N;07036911W;0.8
28;4;7;18;2;16;4259330N;07036911W;0.8
28;4;7;18;2;31;4259332N;07036917W;0.3
28;4;7;18;2;46;4259301N;07036959W;0.6
28;4;7;18;2;46;4259301N;07036959W;0.6
28;4;7;18;3;2;4259337N;07036927W;0.3
28;4;7;18;3;2;4259337N;07036927W;0.3
28;4;7;18;3;17;4259277N;07036905W;0.5
28;4;7;18;3;17;4259277N;07036905W;0.5
28;4;7;18;3;32;4259290N;07036898W;1.3
28;4;7;18;3;47;4259341N;07036931W;0.8
28;4;7;18;4;2;4259319N;07036913W;0.2
28;4;7;18;4;18;4259307N;07036899W;0.1
28;4;7;18;4;18;4259307N;07036899W;0.1
28;4;7;18;4;33;4259299N;07036892W;0.4
28;4;7;18;4;48;4259306N;07036901W;0.3
28;4;7;18;5;3;4259282N;07036878W;0.0
28;4;7;18;5;18;4259323N;07036905W;0.1
28;4;7;18;5;18;4259323N;07036905W;0.1
28;4;7;18;5;18;4259323N;07036905W;0.1
28;4;7;18;5;33;4259325N;07036901W;0.3
28;4;7;18;5;48;4259319N;07036909W;0.8
28;4;7;18;6;3;4259310N;07036880W;0.1
28;4;7;18;6;19;4259314N;07036867W;0.1
28;4;7;18;6;34;4259313N;07036878W;0.5
28;4;7;18;6;34;4259313N;07036878W;0.5
28;4;7;18;6;34;4259313N;07036878W;0.5
28;4;7;18;6;34;4259313N;07036878W;0.5
28;4;7;18;6;49;4259318N;07036881W;0.6
28;4;7;18;7;4;4259310N;07036896W;0.4
28;4;7;18;7;4;4259310N;07036896W;0.4
28;4;7;18;7;4;4259310N;07036896W;0.4
28;4;7;18;7;4;4259310N;07036896W;0.4
28;4;7;18;7;4;4259310N;07036896W;0.4
28;4;7;18;7;4;4259310N;07036896W;0.4
28;4;7;18;7;19;4259313N;07036902W;0.0
28;4;7;18;7;34;4259313N;07036897W;0.2
28;4;7;18;7;34;4259313N;07036897W;0.2
28;4;7;18;7;49;4259317N;07036906W;0.2
28;4;7;18;8;4;4259310N;07036880W;0.2
28;4;7;18;8;19;4259296N;07036845W;0.0
28;4;7;18;8;34;4259295N;07036931W;0.7
28;4;7;18;8;50;4259336N;07036880W;0.3
28;4;7;18;9;5;4259334N;07036885W;0.9
28;4;7;18;9;20;4259334N;07036874W;2.7
28;4;7;18;9;36;4259303N;07036872W;0.4
28;4;7;18;9;51;4259319N;07036852W;0.1
28;4;7;18;10;6;4259321N;07036939W;0.6
28;4;7;18;10;21;4259297N;07037029W;0.2
28;4;7;18;10;36;4259278N;07036991W;0.1
28;4;7;18;10;52;4259253N;07036950W;0.4
28;4;7;18;11;7;4259297N;07036880W;0.8
28;4;7;18;11;22;4259271N;07036882W;1.1
28;4;7;18;11;37;4253114N;07037177W;31.
28;4;7;18;11;52;4248787N;07034052W;24.
28;4;7;18;12;7;4245793N;07026649W;25.
28;4;7;18;12;22;4242755N;07019544W;23.
28;4;7;18;12;37;4240210N;07013486W;24.
28;4;7;18;12;53;4236916N;07007659W;23.
28;4;7;18;13;8;4235928N;07001928W;16.
28;4;7;18;13;27;4236558N;06956570W;1.8
28;4;7;18;13;42;4236444N;06955227W;1.0
28;4;7;18;13;57;4236345N;06954351W;0.5
28;4;7;18;14;13;4236841N;06954078W;0.2
28;4;7;18;14;28;4236637N;06953471W;22.
28;4;7;18;14;43;4235257N;06948343W;26.
28;4;7;18;14;58;4230901N;06946707W;37.
28;4;7;18;15;13;4230770N;06947396W;0.5
28;4;7;18;15;28;4230840N;06947503W;0.5
28;4;7;18;15;43;4231070N;06947560W;1.7
28;4;7;18;15;58;4231278N;06947723W;0.3
28;4;7;18;16;13;4231349N;06947882W;0.7
28;4;7;18;16;28;4231449N;06948047W;0.2
28;4;7;18;16;43;4231543N;06948209W;0.5
28;4;7;18;16;59;4231641N;06948387W;0.6
28;4;7;18;17;14;4231711N;06948578W;0.8
28;4;7;18;17;29;4231787N;06948744W;1.3
28;4;7;18;17;44;4231893N;06948885W;1.4
28;4;7;18;17;59;4232036N;06949051W;0.6
28;4;7;18;18;14;4232222N;06949160W;0.9
28;4;7;18;18;29;4232330N;06949291W;0.9
28;4;7;18;18;44;4232467N;06949362W;0.8
28;4;7;18;18;59;4231721N;06950044W;26.
28;4;7;18;19;14;4231628N;06946957W;0.5
28;4;7;18;19;32;4236709N;06947393W;26.
28;4;7;18;19;47;4238156N;06948986W;0.3
28;4;7;18;20;2;4238298N;06949057W;2.6
28;4;7;18;20;17;4238421N;06949112W;1.2
28;4;7;18;20;32;4237071N;06950896W;26.
28;4;7;18;20;51;4230178N;06947944W;28.
28;4;7;18;21;6;4229214N;06947411W;1.9
28;4;7;18;21;21;4229350N;06947347W;1.1
28;4;7;18;21;36;4229456N;06947238W;0.6
28;4;7;18;21;51;4229656N;06947225W;4.2
28;4;7;18;22;6;4229333N;06947782W;0.2
28;4;7;18;22;21;4231558N;06950769W;25.
28;4;7;18;22;36;4234499N;06954465W;31.
28;4;7;18;22;51;4236898N;06955784W;0.9
28;4;7;18;23;6;4238596N;07002651W;26.
28;4;7;18;23;21;4240746N;07007854W;28.
28;4;7;18;23;36;4246277N;07012884W;27.
28;4;7;18;23;51;4251935N;07017385W;25.
28;5;7;18;0;7;4255373N;07020740W;1.0
28;5;7;18;0;22;4257357N;07024223W;26.
28;5;7;18;0;37;4259713N;07032452W;23.
28;5;7;18;0;52;4259318N;07036936W;0.8
28;5;7;18;1;7;4259322N;07036904W;0.1
28;5;7;18;1;22;4259322N;07036883W;0.4
28;5;7;18;1;38;4259331N;07036877W;0.1
28;5;7;18;1;38;4259331N;07036877W;0.1
28;5;7;18;1;53;4259458N;07036640W;0.1
28;5;7;18;2;9;4259322N;07036914W;0.3
28;5;7;18;2;9;4259322N;07036914W;0.3
28;5;7;18;2;9;4259322N;07036914W;0.3
28;5;7;18;2;9;4259322N;07036914W;0.3
28;5;7;18;2;24;4259315N;07036908W;0.8
28;5;7;18;2;39;4259326N;07036918W;0.2
28;5;7;18;2;54;4259325N;07036911W;0.1
28;5;7;18;2;54;4259325N;07036911W;0.1
28;5;7;18;2;54;4259325N;07036911W;0.1
28;5;7;18;3;10;4259322N;07036911W;0.4
28;5;7;18;3;10;4259322N;07036911W;0.4
28;5;7;18;3;10;4259322N;07036911W;0.4
28;5;7;18;3;10;4259322N;07036911W;0.4
28;5;7;18;3;10;4259322N;07036911W;0.4
28;5;7;18;3;10;4259322N;07036911W;0.4
28;5;7;18;3;10;4259322N;07036911W;0.4
28;5;7;18;3;25;4259305N;07036902W;0.1
28;5;7;18;3;40;4259313N;07036911W;0.3
28;5;7;18;3;56;4259314N;07036907W;0.3
28;5;7;18;3;56;4259314N;07036907W;0.3
28;5;7;18;4;11;4259315N;07036911W;0.6
28;5;7;18;4;26;4259314N;07036908W;0.1
28;5;7;18;4;41;4259335N;07036910W;0.1
28;5;7;18;4;56;4259319N;07036911W;3.1
28;5;7;18;4;56;4259319N;07036911W;3.1
28;5;7;18;5;11;4259326N;07036916W;0.5
28;5;7;18;5;26;4259310N;07036917W;1.5
28;5;7;18;5;41;4259342N;07036880W;0.7
28;5;7;18;5;41;4259342N;07036880W;0.7
28;5;7;18;5;56;4259332N;07036910W;0.1
28;5;7;18;6;12;4259328N;07036912W;0.1
28;5;7;18;6;27;4259327N;07036924W;0.0
28;5;7;18;6;42;4259330N;07036926W;0.6
28;5;7;18;6;57;4259321N;07036963W;0.5
28;5;7;18;7;12;4259308N;07036903W;0.4
28;5;7;18;7;27;4259312N;07036911W;0.3
28;5;7;18;7;42;4259172N;07036844W;0.3
28;5;7;18;7;42;4259172N;07036844W;0.3
28;5;7;18;7;57;4259314N;07036933W;0.1
28;5;7;18;7;57;4259314N;07036933W;0.1
28;5;7;18;7;57;4259314N;07036933W;0.1
28;5;7;18;8;12;4259327N;07036913W;0.9
28;5;7;18;8;27;4259314N;07036926W;0.0
28;5;7;18;8;43;4259316N;07036925W;0.2
28;5;7;18;8;58;4259325N;07036922W;0.5
28;5;7;18;9;13;4259319N;07036917W;0.6
28;5;7;18;9;28;4259326N;07036928W;0.6
28;5;7;18;9;43;4259328N;07036918W;1.2
28;5;7;18;9;58;4259319N;07036933W;0.8
28;5;7;18;10;13;4259321N;07036915W;0.3
28;5;7;18;10;13;4259321N;07036915W;0.3
28;5;7;18;10;28;4259319N;07036947W;1.3
28;5;7;18;10;44;4259337N;07036936W;0.3
28;5;7;18;10;44;4259337N;07036936W;0.3
28;5;7;18;10;59;4259315N;07036917W;0.2
28;5;7;18;11;14;4259315N;07036916W;0.7
28;5;7;18;11;29;4259330N;07036911W;0.2
28;5;7;18;11;29;4259330N;07036911W;0.2
28;5;7;18;11;44;4259313N;07036922W;0.0
28;5;7;18;11;59;4259313N;07036915W;0.1
28;5;7;18;12;14;4259313N;07036910W;0.5
28;5;7;18;12;29;4259318N;07036892W;0.6
28;5;7;18;12;45;4259312N;07036904W;0.2
28;5;7;18;13;0;4259317N;07036916W;0.4
28;5;7;18;13;15;4259312N;07036907W;0.0
28;5;7;18;13;30;4259074N;07036710W;0.3
28;5;7;18;13;45;4259109N;07036782W;18.
28;5;7;18;14;0;4259319N;07036886W;0.3
28;5;7;18;14;15;4259306N;07036892W;0.3
28;5;7;18;14;30;4259308N;07036893W;0.3
28;5;7;18;14;45;4255232N;07037753W;22.
28;5;7;18;15;0;4250004N;07038270W;23.
28;5;7;18;15;16;4249598N;07037630W;0.9
28;5;7;18;15;31;4255269N;07038018W;41.
28;5;7;18;15;46;4259055N;07036704W;0.5
28;5;7;18;16;1;4259064N;07036710W;0.8
28;5;7;18;16;16;4259058N;07036714W;0.1
28;5;7;18;16;31;4259079N;07036717W;0.3
28;5;7;18;16;46;4259352N;07036938W;0.2
28;5;7;18;17;1;4259325N;07037015W;0.4
28;5;7;18;17;16;4259314N;07037010W;0.7
28;5;7;18;17;31;4259308N;07036935W;1.0
28;5;7;18;17;47;4259318N;07036928W;0.9
28;5;7;18;18;2;4259300N;07036937W;0.1
28;5;7;18;18;17;4259304N;07036931W;0.3
28;5;7;18;18;17;4259304N;07036931W;0.3
28;5;7;18;18;32;4259303N;07036908W;0.6
28;5;7;18;18;47;4259306N;07036910W;0.0
28;5;7;18;18;47;4259306N;07036910W;0.0
28;5;7;18;18;47;4259306N;07036910W;0.0
28;5;7;18;18;47;4259306N;07036910W;0.0
28;5;7;18;18;47;4259306N;07036910W;0.0
28;5;7;18;19;2;4259344N;07036982W;0.3
28;5;7;18;19;18;4259366N;07036908W;0.3
28;5;7;18;19;18;4259366N;07036908W;0.3
28;5;7;18;19;18;4259366N;07036908W;0.3
28;5;7;18;19;18;4259366N;07036908W;0.3
28;5;7;18;19;33;4259326N;07036966W;0.6
28;5;7;18;19;48;4259332N;07036898W;0.2
28;5;7;18;20;3;4259328N;07036893W;0.1
28;5;7;18;20;18;4259319N;07036920W;0.7
28;5;7;18;20;34;4259317N;07036917W;0.4
28;5;7;18;20;49;4259329N;07036931W;0.0
28;5;7;18;21;4;4259331N;07036921W;1.6
28;5;7;18;21;19;4259100N;07036604W;12.
28;5;7;18;21;34;4259318N;07036907W;0.2
28;5;7;18;21;50;4259322N;07036915W;0.4
28;5;7;18;22;5;4259317N;07036908W;0.3
28;5;7;18;22;5;4259317N;07036908W;0.3
28;5;7;18;22;5;4259317N;07036908W;0.3
28;5;7;18;22;5;4259317N;07036908W;0.3
28;5;7;18;22;5;4259317N;07036908W;0.3
28;5;7;18;22;5;4259317N;07036908W;0.3
28;5;7;18;22;20;4259331N;07036918W;0.3
28;5;7;18;22;35;4259297N;07036887W;0.2
28;5;7;18;22;50;4259309N;07036901W;0.0
28;5;7;18;23;6;4259309N;07036909W;0.4
28;5;7;18;23;21;4259306N;07036918W;0.4
28;5;7;18;23;36;4259315N;07036923W;0.2
28;5;7;18;23;51;4259319N;07036920W;0.2
28;6;7;18;0;6;4259299N;07036924W;0.1
28;6;7;18;0;21;4259323N;07036919W;0.5
28;6;7;18;0;36;4259329N;07036925W;0.0
28;6;7;18;0;51;4259333N;07036921W;0.5
28;6;7;18;1;7;4259335N;07036936W;0.5
28;6;7;18;1;22;4259302N;07036909W;0.1
28;6;7;18;1;37;4259298N;07036911W;0.0
28;6;7;18;1;37;4259298N;07036911W;0.0
28;6;7;18;1;37;4259298N;07036911W;0.0
28;6;7;18;1;37;4259298N;07036911W;0.0
28;6;7;18;1;52;4259338N;07036939W;0.2
28;6;7;18;2;7;4259313N;07036921W;0.0
28;6;7;18;2;22;4259319N;07036924W;0.9
28;6;7;18;2;22;4259319N;07036924W;0.9
28;6;7;18;2;37;4259323N;07036921W;0.5
28;6;7;18;2;37;4259323N;07036921W;0.5
28;6;7;18;2;53;4259327N;07036914W;0.4
28;6;7;18;2;53;4259327N;07036914W;0.4
28;6;7;18;2;53;4259327N;07036914W;0.4
28;6;7;18;2;53;4259327N;07036914W;0.4
28;6;7;18;3;8;4259324N;07036915W;1.4
28;6;7;18;3;23;4259325N;07036921W;0.5
28;6;7;18;3;38;4259325N;07036922W;0.2
28;6;7;18;3;53;4259325N;07036919W;0.9
28;6;7;18;4;9;4259322N;07036917W;0.3
28;6;7;18;4;24;4259324N;07036925W;0.3
28;6;7;18;4;39;4259326N;07036928W;2.0
28;6;7;18;4;39;4259326N;07036928W;2.0
28;6;7;18;4;54;4259319N;07036912W;1.2
28;6;7;18;5;9;4259325N;07036919W;0.5
28;6;7;18;5;24;4259325N;07036926W;0.7
28;6;7;18;5;40;4259350N;07036868W;0.7
28;6;7;18;5;55;4259339N;07036848W;1.5
28;6;7;18;6;10;4259335N;07036836W;0.5
28;6;7;18;6;25;4259345N;07036960W;0.5
28;6;7;18;6;40;4259343N;07036912W;0.0
28;6;7;18;6;56;4259333N;07036936W;0.2
28;6;7;18;7;11;4259335N;07036917W;0.1
28;6;7;18;7;26;4259320N;07036944W;0.3
28;6;7;18;7;41;4259323N;07036930W;0.3
28;6;7;18;7;56;4259339N;07036889W;0.4
28;6;7;18;8;12;4259326N;07036917W;0.1
28;6;7;18;8;27;4259324N;07036912W;1.4
28;6;7;18;8;42;4259311N;07036915W;0.2
28;6;7;18;8;57;4259315N;07036916W;0.2
28;6;7;18;9;12;4259320N;07036899W;0.4
28;6;7;18;9;27;4255880N;07036523W;18.
28;6;7;18;9;42;4253551N;07036528W;18.
28;6;7;18;9;57;4250923N;07038120W;14.
28;6;7;18;10;12;4250012N;07038227W;1.2
28;6;7;18;10;27;4249566N;07037810W;0.9
28;6;7;18;10;43;4248910N;07038169W;17.
28;6;7;18;10;58;4248430N;07038537W;0.8
28;6;7;18;11;13;4247902N;07038377W;1.0
28;6;7;18;11;28;4247643N;07038121W;0.9
28;6;7;18;11;43;4246821N;07036937W;16.
28;6;7;18;11;58;4246677N;07037266W;8.4
28;6;7;18;12;13;4246893N;07037669W;1.4
28;6;7;18;12;28;4247367N;07038273W;0.7
28;6;7;18;12;43;4247814N;07038673W;1.2
28;6;7;18;12;58;4248228N;07039119W;0.7
28;6;7;18;13;13;4248697N;07038845W;0.7
28;6;7;18;13;28;4249219N;07038501W;0.5
28;6;7;18;13;43;4249681N;07038242W;0.5
28;6;7;18;13;58;4250198N;07038028W;31.
28;6;7;18;14;14;4250546N;07036768W;0.3
28;6;7;18;14;29;4250775N;07036411W;0.5
28;6;7;18;14;44;4258208N;07036448W;29.
28;6;7;18;14;59;4259260N;07036867W;0.2
28;6;7;18;15;14;4259313N;07036921W;0.2
28;6;7;18;15;29;4259281N;07036858W;0.3
28;6;7;18;15;44;4259291N;07036902W;0.5
28;6;7;18;15;59;4259255N;07036874W;0.9
28;6;7;18;16;14;4259148N;07036887W;0.8
28;6;7;18;16;30;4259322N;07036890W;0.2
28;6;7;18;16;45;4259402N;07036972W;0.1
28;6;7;18;17;0;4259356N;07036929W;0.2
28;6;7;18;17;15;4259350N;07036925W;0.2
28;6;7;18;17;30;4259300N;07036956W;0.3
28;6;7;18;17;45;4259309N;07036932W;0.4
28;6;7;18;18;1;4259297N;07036943W;0.0
28;6;7;18;18;16;4259292N;07036926W;0.4
28;6;7;18;18;31;4259295N;07036931W;0.3
28;6;7;18;18;46;4259300N;07036937W;0.5
28;6;7;18;19;1;4259345N;07036930W;0.7
28;6;7;18;19;17;4259293N;07036921W;0.1
28;6;7;18;19;32;4259148N;07036844W;0.2
