25;23;5;18;23;34;4259275N;07036863W;0.0
25;23;5;18;23;34;4259276N;07036860W;0.1
25;23;5;18;23;35;4259272N;07036870W;0.5
25;23;5;18;23;36;4259276N;07036872W;0.9
25;23;5;18;23;40;4259276N;07036867W;0.7
25;23;5;18;23;41;4259275N;07036867W;1.0
25;23;5;18;23;41;4259275N;07036865W;0.4
25;23;5;18;23;42;4259284N;07036864W;0.8
25;23;5;18;23;43;4259276N;07036873W;0.1
25;23;5;18;23;58;4259266N;07036856W;0.7
25;24;5;18;0;13;4259267N;07036862W;1.9
25;24;5;18;0;28;4259281N;07036850W;1.2
25;24;5;18;0;43;4259271N;07036860W;1.2
25;24;5;18;0;58;4259273N;07036860W;2.3
25;24;5;18;1;13;4259263N;07036852W;0.3
25;24;5;18;1;28;4259273N;07036858W;0.8
25;24;5;18;1;44;4259269N;07036849W;0.2
25;24;5;18;1;59;4259273N;07036860W;0.7
25;24;5;18;2;14;4259273N;07036860W;0.6
25;24;5;18;2;30;4259268N;07036862W;0.1
25;24;5;18;2;45;4259275N;07036859W;0.1
25;24;5;18;3;0;4259264N;07036858W;1.4
25;24;5;18;3;15;4259278N;07036854W;0.3
25;24;5;18;3;31;4259274N;07036860W;0.1
25;24;5;18;3;46;4259284N;07036856W;0.7
25;24;5;18;4;1;4259277N;07036853W;0.3
25;24;5;18;4;16;4259276N;07036856W;0.6
25;24;5;18;4;31;4259289N;07036866W;0.1
25;24;5;18;4;46;4259278N;07036862W;0.3
25;24;5;18;5;1;4259273N;07036858W;0.6
25;24;5;18;5;17;4259277N;07036860W;0.0
25;24;5;18;5;32;4259277N;07036859W;0.4
25;24;5;18;5;47;4259279N;07036858W;0.1
25;24;5;18;6;2;4259276N;07036858W;0.2
25;24;5;18;6;17;4259275N;07036858W;0.5
25;24;5;18;6;32;4259273N;07036861W;0.1
25;24;5;18;6;47;4259285N;07036861W;0.4
25;24;5;18;7;2;4259282N;07036872W;0.2
25;24;5;18;7;18;4259274N;07036862W;0.3
25;24;5;18;7;33;4259271N;07036857W;0.0
25;24;5;18;7;48;4259277N;07036863W;0.0
25;24;5;18;8;3;4259276N;07036888W;0.3
25;24;5;18;8;18;4259275N;07036822W;0.7
25;24;5;18;8;33;4259283N;07036865W;2.3
25;24;5;18;8;49;4259277N;07036841W;0.1
25;24;5;18;9;4;4259275N;07036865W;0.1
25;24;5;18;9;20;4259268N;07036847W;0.2
25;24;5;18;9;35;4259290N;07036870W;0.1
25;24;5;18;9;50;4259280N;07036863W;0.9
25;24;5;18;10;5;4259278N;07036861W;0.0
25;24;5;18;10;20;4259273N;07036857W;0.6
25;24;5;18;10;35;4259272N;07036862W;0.0
25;24;5;18;10;50;4259296N;07036871W;0.7
25;24;5;18;11;5;4259275N;07036863W;0.2
25;24;5;18;11;21;4259288N;07036857W;1.3
25;24;5;18;11;36;4259275N;07036863W;0.1
25;24;5;18;11;51;4259277N;07036865W;0.1
25;24;5;18;12;6;4259281N;07036864W;0.2
25;24;5;18;12;21;4259273N;07036875W;2.3
25;24;5;18;12;36;4259355N;07036935W;0.5
25;24;5;18;12;52;4259345N;07036927W;0.1
25;24;5;18;13;7;4259436N;07036924W;0.1
25;24;5;18;13;22;4259367N;07036954W;3.0
25;24;5;18;13;37;4259371N;07036982W;0.2
25;24;5;18;13;52;4259342N;07036913W;0.1
25;24;5;18;14;7;4259360N;07036925W;0.3
25;24;5;18;14;22;4259355N;07036849W;0.2
25;24;5;18;14;37;4259349N;07036847W;0.3
25;24;5;18;14;53;4259361N;07036817W;0.2
25;24;5;18;15;8;4259333N;07036760W;0.0
25;24;5;18;15;23;4259337N;07036767W;0.2
25;24;5;18;15;38;4259333N;07036762W;0.1
25;24;5;18;15;53;4259352N;07036926W;2.5
25;24;5;18;16;8;4259358N;07036930W;0.5
25;24;5;18;16;23;4259271N;07036860W;1.1
25;24;5;18;16;39;4259272N;07036865W;0.9
25;24;5;18;16;54;4259280N;07036874W;0.2
25;24;5;18;17;9;4259299N;07036885W;0.1
25;24;5;18;17;24;4259382N;07036960W;0.2
25;24;5;18;17;40;4259378N;07036961W;0.4
25;24;5;18;17;55;4259349N;07036922W;0.5
25;24;5;18;18;10;4259386N;07036967W;2.8
25;24;5;18;18;25;4259372N;07036949W;0.4
25;24;5;18;18;41;4259373N;07036947W;0.2
25;24;5;18;18;56;4259365N;07036936W;1.5
25;24;5;18;19;11;4259367N;07036943W;0.5
25;24;5;18;19;26;4259365N;07036943W;0.9
25;24;5;18;19;41;4259356N;07036942W;0.1
25;24;5;18;19;57;4259360N;07036950W;0.1
25;24;5;18;20;12;4259274N;07036868W;0.8
25;24;5;18;20;27;4259246N;07036873W;0.4
25;24;5;18;20;27;4259246N;07036873W;0.4
25;24;5;18;20;42;4259251N;07036873W;0.3
25;24;5;18;20;57;4259295N;07036744W;0.4
25;24;5;18;21;12;4259280N;07036744W;0.2
25;24;5;18;21;28;4259228N;07036926W;0.5
25;24;5;18;21;28;4259228N;07036926W;0.5
25;24;5;18;21;28;4259228N;07036926W;0.5
25;24;5;18;21;28;4259228N;07036926W;0.5
25;24;5;18;21;28;4259228N;07036926W;0.5
25;24;5;18;21;43;4259260N;07036951W;3.0
25;24;5;18;21;58;4259266N;07036867W;1.5
25;24;5;18;22;13;4259264N;07036854W;0.2
25;24;5;18;22;29;4259270N;07036860W;0.3
25;24;5;18;22;44;4259276N;07036866W;0.5
25;24;5;18;22;59;4259280N;07036863W;0.9
25;24;5;18;23;14;4259269N;07036866W;1.0
25;24;5;18;23;30;4259287N;07036865W;1.0
25;24;5;18;23;45;4259250N;07036877W;1.8
25;25;5;18;0;0;4259247N;07036842W;0.3
25;25;5;18;0;15;4259259N;07036863W;0.1
25;25;5;18;0;30;4259256N;07036858W;0.5
25;25;5;18;0;46;4259261N;07036867W;0.3
25;25;5;18;1;1;4259258N;07036867W;0.2
25;25;5;18;1;16;4259246N;07036851W;0.7
25;25;5;18;1;16;4259246N;07036851W;0.7
25;25;5;18;1;31;4259299N;07036883W;0.3
25;25;5;18;1;46;4259280N;07036875W;0.4
25;25;5;18;2;1;4259289N;07036883W;0.2
25;25;5;18;2;17;4259283N;07036872W;0.2
25;25;5;18;2;17;4259283N;07036872W;0.2
25;25;5;18;2;32;4259267N;07036855W;0.2
25;25;5;18;2;47;4259262N;07036864W;0.5
25;25;5;18;3;2;4259257N;07036869W;0.2
25;25;5;18;3;17;4259258N;07036860W;0.2
25;25;5;18;3;33;4259253N;07036855W;0.1
25;25;5;18;3;48;4259256N;07036862W;0.9
25;25;5;18;4;3;4259253N;07036861W;0.6
25;25;5;18;4;18;4259256N;07036863W;0.3
25;25;5;18;4;33;4259250N;07036862W;0.6
25;25;5;18;4;48;4259259N;07036871W;0.1
25;25;5;18;5;4;4259257N;07036870W;0.4
25;25;5;18;5;19;4259267N;07036876W;1.1
25;25;5;18;5;34;4259268N;07036873W;0.3
25;25;5;18;5;49;4259279N;07036877W;0.6
25;25;5;18;6;4;4259282N;07036880W;0.5
25;25;5;18;6;19;4259279N;07036891W;0.4
25;25;5;18;6;35;4259281N;07036897W;0.2
25;25;5;18;6;50;4259284N;07036880W;0.2
25;25;5;18;7;5;4259291N;07036914W;0.6
25;25;5;18;7;20;4259309N;07036879W;0.3
25;25;5;18;7;35;4259266N;07036883W;0.3
25;25;5;18;7;50;4259263N;07036882W;0.5
25;25;5;18;8;6;4259265N;07036875W;0.4
25;25;5;18;8;21;4259307N;07036857W;0.5
25;25;5;18;8;36;4259272N;07036893W;0.6
25;25;5;18;8;51;4259283N;07036875W;0.4
25;25;5;18;9;6;4259290N;07036867W;0.3
25;25;5;18;9;22;4259293N;07036850W;0.5
25;25;5;18;9;37;4259291N;07036850W;0.8
25;25;5;18;9;52;4259280N;07036846W;0.3
25;25;5;18;10;7;4259242N;07036870W;1.1
25;25;5;18;10;22;4259242N;07036819W;0.3
25;25;5;18;10;37;4259287N;07036856W;0.4
25;25;5;18;10;37;4259287N;07036856W;0.4
25;25;5;18;10;53;4259284N;07036860W;0.1
25;25;5;18;11;8;4259311N;07036846W;1.0
25;25;5;18;11;23;4259273N;07036854W;0.1
25;25;5;18;11;38;4259292N;07036835W;0.5
25;25;5;18;11;53;4259304N;07036862W;0.2
25;25;5;18;12;9;4259245N;07036849W;0.4
25;25;5;18;12;24;4259313N;07036942W;0.8
25;25;5;18;12;39;4259314N;07036936W;0.2
25;25;5;18;12;54;4259354N;07036939W;0.3
25;25;5;18;13;9;4259408N;07037025W;0.4
25;25;5;18;13;25;4259404N;07036933W;0.3
25;25;5;18;13;40;4259376N;07036980W;0.4
25;25;5;18;13;55;4259415N;07036973W;0.0
25;25;5;18;14;10;4259353N;07036972W;0.4
25;25;5;18;14;25;4259414N;07037006W;0.6
25;25;5;18;14;41;4259396N;07037010W;0.1
25;25;5;18;14;56;4259376N;07036994W;1.4
