27;23;5;18;23;8;4259274N;07036863W;0.6
27;23;5;18;23;9;4259291N;07036833W;2.1
27;23;5;18;23;10;4259269N;07036861W;0.5
27;23;5;18;23;10;4259270N;07036865W;0.7
27;23;5;18;23;34;4259272N;07036869W;0.3
27;23;5;18;23;34;4259265N;07036867W;0.0
27;23;5;18;23;35;4259337N;07036840W;0.8
27;23;5;18;23;36;4259272N;07036866W;1.8
27;23;5;18;23;40;4259270N;07036866W;3.3
27;23;5;18;23;41;4259271N;07036867W;0.2
27;23;5;18;23;41;4259271N;07036869W;0.2
27;23;5;18;23;42;4259268N;07036873W;0.3
27;23;5;18;23;43;4259269N;07036867W;1.3
27;23;5;18;23;58;4259276N;07036864W;0.8
27;24;5;18;0;13;4259276N;07036865W;0.1
27;24;5;18;0;28;4259276N;07036861W;0.3
27;24;5;18;0;44;4259270N;07036871W;1.0
27;24;5;18;0;59;4259275N;07036874W;0.2
27;24;5;18;1;14;4259275N;07036859W;0.2
27;24;5;18;1;29;4259283N;07036863W;0.2
27;24;5;18;1;44;4259275N;07036857W;1.2
27;24;5;18;1;59;4259277N;07036853W;0.8
27;24;5;18;2;15;4259272N;07036859W;3.8
27;24;5;18;2;30;4259284N;07036854W;1.9
27;24;5;18;2;45;4259259N;07036863W;0.8
27;24;5;18;3;16;4259276N;07036855W;0.7
27;24;5;18;3;31;4259274N;07036852W;1.2
27;24;5;18;3;46;4259269N;07036853W;5.2
27;24;5;18;4;1;4259268N;07036855W;8.9
27;24;5;18;4;16;4259278N;07036862W;0.2
27;24;5;18;4;31;4259280N;07036862W;2.8
27;24;5;18;4;47;4259273N;07036856W;0.1
27;24;5;18;5;18;4259276N;07036858W;0.0
27;24;5;18;5;33;4259277N;07036857W;0.9
27;24;5;18;5;48;4259276N;07036862W;0.6
27;24;5;18;6;3;4259279N;07036857W;0.1
27;24;5;18;6;18;4259275N;07036859W;1.8
27;24;5;18;6;33;4259274N;07036856W;0.5
27;24;5;18;6;49;4259283N;07036864W;1.3
27;24;5;18;7;20;4259276N;07036858W;0.0
27;24;5;18;7;35;4259275N;07036859W;0.4
27;24;5;18;7;50;4259272N;07036863W;0.1
27;24;5;18;8;5;4259274N;07036859W;0.2
27;24;5;18;8;20;4259275N;07036858W;0.2
27;24;5;18;8;35;4259276N;07036856W;0.7
27;24;5;18;8;50;4259276N;07036859W;0.4
27;24;5;18;9;21;4259278N;07036862W;0.1
27;24;5;18;9;36;4259280N;07036850W;0.2
27;24;5;18;9;52;4259276N;07036859W;0.3
27;24;5;18;10;7;4259277N;07036861W;0.2
27;24;5;18;10;22;4259277N;07036866W;0.3
27;24;5;18;10;37;4259274N;07036861W;0.6
27;24;5;18;10;52;4259297N;07036861W;0.9
27;24;5;18;11;7;4259289N;07036854W;0.8
27;24;5;18;11;23;4259282N;07036848W;2.9
27;24;5;18;11;38;4259285N;07036856W;0.4
27;24;5;18;11;53;4259281N;07036859W;0.2
27;24;5;18;12;8;4259281N;07036860W;1.5
27;24;5;18;12;23;4259345N;07036919W;1.6
27;24;5;18;12;39;4259336N;07036930W;0.3
27;24;5;18;12;54;4259365N;07036965W;0.2
27;24;5;18;13;9;4259351N;07036960W;0.8
27;24;5;18;13;25;4259367N;07036968W;0.2
27;24;5;18;13;40;4259367N;07036974W;2.3
27;24;5;18;13;55;4259346N;07036981W;0.7
27;24;5;18;14;10;4259350N;07036973W;0.6
27;24;5;18;14;25;4259352N;07036969W;0.1
27;24;5;18;14;40;4259357N;07036965W;0.0
27;24;5;18;14;55;4259361N;07036968W;0.1
27;24;5;18;15;10;4259352N;07036956W;0.4
27;24;5;18;15;25;4259357N;07036961W;2.4
27;24;5;18;15;41;4259357N;07036958W;0.6
27;24;5;18;15;56;4259301N;07037002W;0.8
27;24;5;18;16;11;4259301N;07036976W;0.8
27;24;5;18;16;26;4259301N;07036974W;0.4
27;24;5;18;16;41;4259072N;07036722W;0.4
27;24;5;18;16;56;4259061N;07036710W;0.0
27;24;5;18;17;12;4259070N;07036713W;0.1
27;24;5;18;17;27;4257808N;07035719W;17.
27;24;5;18;17;42;4254421N;07032786W;15.
27;24;5;18;17;57;4252464N;07030655W;0.5
27;24;5;18;18;12;4252693N;07029116W;12.
27;24;5;18;18;28;4251769N;07027401W;1.0
27;24;5;18;18;43;4257280N;07034103W;31.
27;24;5;18;18;58;4259099N;07036758W;0.1
27;24;5;18;19;13;4259087N;07036717W;0.2
27;24;5;18;19;29;4259376N;07036974W;0.1
27;24;5;18;19;44;4259372N;07036964W;0.4
27;24;5;18;19;59;4259377N;07036969W;0.7
27;24;5;18;20;14;4259376N;07036965W;0.3
27;24;5;18;20;29;4259368N;07036965W;0.2
27;24;5;18;20;44;4259377N;07036968W;0.3
27;24;5;18;21;0;4259367N;07036971W;0.3
27;24;5;18;21;15;4259383N;07036950W;0.5
27;24;5;18;21;30;4259367N;07036961W;0.1
27;24;5;18;21;45;4259349N;07036957W;0.2
27;24;5;18;22;0;4259350N;07036957W;0.1
27;24;5;18;22;16;4259356N;07036974W;0.4
27;24;5;18;22;31;4259351N;07036982W;0.2
27;24;5;18;22;46;4259335N;07036961W;1.6
27;24;5;18;23;1;4259320N;07037013W;0.2
27;24;5;18;23;16;4259366N;07036932W;0.3
27;24;5;18;23;32;4259371N;07036983W;0.0
27;24;5;18;23;47;4259366N;07036941W;0.7
27;25;5;18;0;2;4259356N;07036937W;0.5
27;25;5;18;0;17;4259375N;07036955W;0.3
27;25;5;18;0;32;4259363N;07036952W;0.7
27;25;5;18;0;47;4259367N;07036966W;0.5
27;25;5;18;1;2;4259365N;07036967W;0.4
27;25;5;18;1;18;4259379N;07036971W;0.5
27;25;5;18;1;33;4259372N;07036971W;0.4
27;25;5;18;1;48;4259373N;07036971W;0.0
27;25;5;18;2;3;4259369N;07036971W;0.1
27;25;5;18;2;18;4259369N;07036979W;0.2
27;25;5;18;2;34;4259342N;07036979W;0.3
27;25;5;18;2;49;4259365N;07036978W;0.9
27;25;5;18;3;4;4259363N;07036975W;1.2
27;25;5;18;3;19;4259358N;07036962W;0.5
27;25;5;18;3;34;4259307N;07036986W;0.4
27;25;5;18;3;50;4259311N;07036974W;0.9
27;25;5;18;4;5;4259303N;07036986W;0.1
27;25;5;18;4;20;4259327N;07037006W;0.6
27;25;5;18;4;35;4259316N;07036999W;0.6
27;25;5;18;4;50;4259328N;07037004W;0.3
27;25;5;18;5;6;4259302N;07036984W;0.7
27;25;5;18;5;21;4259315N;07036986W;0.5
27;25;5;18;5;36;4259316N;07036990W;0.1
27;25;5;18;5;51;4259309N;07037000W;1.2
27;25;5;18;6;6;4259307N;07037004W;0.4
27;25;5;18;6;21;4259316N;07036979W;0.3
27;25;5;18;6;36;4259306N;07037008W;0.7
27;25;5;18;6;52;4259318N;07037037W;0.5
27;25;5;18;7;7;4259290N;07037019W;0.7
27;25;5;18;7;22;4259288N;07037003W;0.8
27;25;5;18;7;37;4259285N;07036994W;0.6
27;25;5;18;7;52;4259295N;07036998W;1.1
27;25;5;18;8;8;4259297N;07036996W;0.2
27;25;5;18;8;23;4259362N;07036976W;0.2
27;25;5;18;8;38;4259363N;07036932W;0.8
27;25;5;18;8;53;4259365N;07036974W;0.8
27;25;5;18;9;8;4259361N;07036980W;0.7
27;25;5;18;9;23;4259357N;07036970W;0.4
27;25;5;18;9;38;4259353N;07036964W;1.0
27;25;5;18;9;54;4259372N;07036976W;0.1
27;25;5;18;10;9;4256912N;07033693W;31.
27;25;5;18;10;24;4253177N;07028178W;19.
27;25;5;18;10;39;4251724N;07021606W;0.9
27;25;5;18;10;54;4251356N;07021041W;8.3
27;25;5;18;11;9;4251258N;07021398W;11.
27;25;5;18;11;24;4251743N;07020525W;0.8
27;25;5;18;11;39;4251804N;07020419W;35.
27;25;5;18;11;54;4251753N;07020102W;0.7
27;25;5;18;12;9;4252418N;07020649W;2.0
27;25;5;18;12;24;4252402N;07021063W;33.
27;25;5;18;12;39;4253095N;07020963W;0.7
27;25;5;18;12;54;4254670N;07026227W;21.
27;25;5;18;12;54;4254670N;07026227W;21.
27;25;5;18;13;9;4255882N;07032359W;22.
27;25;5;18;13;25;4259351N;07036968W;1.3
27;25;5;18;13;40;4259354N;07036988W;0.4
27;25;5;18;13;55;4259345N;07036990W;0.3
27;25;5;18;14;10;4259361N;07036914W;0.7
27;25;5;18;14;25;4259381N;07036927W;0.1
27;25;5;18;14;40;4259370N;07036947W;0.5
27;25;5;18;14;56;4259382N;07036939W;0.2
