28;23;5;18;23;10;4259278N;07036866W;0.3
28;23;5;18;23;10;4259283N;07036869W;0.6
28;23;5;18;23;11;4259275N;07036872W;0.2
28;23;5;18;23;12;4259274N;07036864W;0.4
28;23;5;18;23;12;4259275N;07036863W;0.2
28;23;5;18;23;27;4259272N;07036860W;0.2
28;23;5;18;23;34;4259273N;07036867W;0.0
28;23;5;18;23;35;4259281N;07036850W;5.4
28;23;5;18;23;35;4259271N;07036864W;0.8
28;23;5;18;23;36;4259275N;07036867W;1.3
28;23;5;18;23;40;4259272N;07036863W;0.3
28;23;5;18;23;40;4259279N;07036884W;5.7
28;23;5;18;23;41;4259271N;07036861W;0.4
28;23;5;18;23;41;4259285N;07036872W;1.2
28;23;5;18;23;42;4259279N;07036869W;0.0
28;23;5;18;23;57;4259279N;07036867W;0.4
28;24;5;18;0;13;4259279N;07036858W;0.0
28;24;5;18;0;28;4259277N;07036862W;0.7
28;24;5;18;0;44;4259285N;07036871W;0.1
28;24;5;18;0;59;4259276N;07036863W;0.7
28;24;5;18;1;14;4259277N;07036861W;0.9
28;24;5;18;1;29;4259281N;07036873W;0.5
28;24;5;18;1;44;4259285N;07036830W;0.0
28;24;5;18;1;59;4259273N;07036859W;1.1
28;24;5;18;2;15;4259281N;07036856W;0.0
28;24;5;18;2;30;4259275N;07036856W;0.4
28;24;5;18;2;45;4259268N;07036858W;1.8
28;24;5;18;3;1;4259276N;07036860W;0.0
28;24;5;18;3;16;4259266N;07036858W;2.7
28;24;5;18;3;31;4259285N;07036859W;0.6
28;24;5;18;3;46;4259270N;07036859W;0.5
28;24;5;18;4;1;4259273N;07036854W;0.5
28;24;5;18;4;16;4259277N;07036857W;0.2
28;24;5;18;4;31;4259275N;07036860W;0.5
28;24;5;18;4;47;4259273N;07036857W;0.3
28;24;5;18;5;2;4259275N;07036858W;0.1
28;24;5;18;5;17;4259280N;07036862W;1.0
28;24;5;18;5;17;4259280N;07036862W;1.0
28;24;5;18;5;33;4259279N;07036857W;0.2
28;24;5;18;5;48;4259279N;07036858W;0.3
28;24;5;18;6;3;4259276N;07036858W;0.0
28;24;5;18;6;18;4259281N;07036858W;0.2
28;24;5;18;6;33;4259274N;07036858W;0.5
28;24;5;18;6;49;4259278N;07036860W;0.4
28;24;5;18;7;4;4259276N;07036860W;1.3
28;24;5;18;7;19;4259273N;07036863W;1.3
28;24;5;18;7;34;4259277N;07036861W;0.3
28;24;5;18;7;49;4259274N;07036855W;0.8
28;24;5;18;8;4;4259274N;07036853W;0.1
28;24;5;18;8;20;4259274N;07036862W;0.0
28;24;5;18;8;20;4259274N;07036862W;0.0
28;24;5;18;8;35;4259277N;07036859W;0.0
28;24;5;18;8;51;4259273N;07036857W;0.3
28;24;5;18;9;6;4259268N;07036864W;1.0
28;24;5;18;9;21;4259279N;07036864W;1.2
28;24;5;18;9;36;4259278N;07036865W;0.3
28;24;5;18;9;51;4259274N;07036865W;0.4
28;24;5;18;10;6;4259274N;07036867W;0.5
28;24;5;18;10;21;4259278N;07036861W;0.8
28;24;5;18;10;36;4259274N;07036854W;4.0
28;24;5;18;10;52;4259278N;07036864W;0.0
28;24;5;18;11;7;4259282N;07036862W;1.2
28;24;5;18;11;22;4259276N;07036871W;0.1
28;24;5;18;11;37;4259275N;07036867W;0.7
28;24;5;18;11;53;4259277N;07036865W;0.2
28;24;5;18;12;8;4259275N;07036866W;0.5
28;24;5;18;12;23;4259337N;07036913W;2.3
28;24;5;18;12;38;4259355N;07036928W;0.1
28;24;5;18;12;53;4259359N;07036928W;0.1
28;24;5;18;13;8;4259355N;07036924W;0.2
28;24;5;18;13;23;4259365N;07036982W;0.1
28;24;5;18;13;39;4259356N;07036980W;0.1
28;24;5;18;13;54;4259345N;07036923W;0.1
28;24;5;18;14;10;4259321N;07036911W;0.2
28;24;5;18;14;25;4259310N;07036906W;0.4
28;24;5;18;14;41;4259310N;07036901W;0.5
28;24;5;18;14;56;4259306N;07036916W;0.4
28;24;5;18;15;11;4259305N;07036917W;0.6
28;24;5;18;15;26;4259311N;07036917W;0.4
28;24;5;18;15;41;4259288N;07036896W;0.1
28;24;5;18;15;56;4259075N;07036722W;0.4
28;24;5;18;16;11;4259073N;07036696W;0.6
28;24;5;18;16;27;4259286N;07036883W;0.0
28;24;5;18;16;42;4259314N;07036924W;0.9
28;24;5;18;16;58;4259315N;07036914W;0.2
28;24;5;18;17;13;4259322N;07036910W;0.0
28;24;5;18;17;29;4259310N;07036903W;0.1
28;24;5;18;17;44;4259308N;07036892W;0.1
28;24;5;18;17;59;4259314N;07036896W;0.0
28;24;5;18;18;14;4259315N;07036909W;0.3
28;24;5;18;18;29;4259301N;07036893W;0.3
28;24;5;18;18;45;4259313N;07036908W;0.1
28;24;5;18;18;45;4259313N;07036908W;0.1
28;24;5;18;19;0;4259306N;07036951W;0.3
28;24;5;18;19;15;4259313N;07036912W;0.4
28;24;5;18;19;30;4259316N;07036912W;1.8
28;24;5;18;19;45;4259312N;07036909W;0.2
28;24;5;18;20;0;4259313N;07036913W;0.0
28;24;5;18;20;16;4259323N;07036916W;0.1
28;24;5;18;20;31;4259267N;07037040W;18.
28;24;5;18;20;46;4259291N;07036891W;1.0
28;24;5;18;21;1;4259339N;07036915W;0.4
28;24;5;18;21;17;4259339N;07036926W;0.4
28;24;5;18;21;32;4259326N;07036924W;0.0
28;24;5;18;21;32;4259326N;07036924W;0.0
28;24;5;18;21;47;4259312N;07036910W;0.5
28;24;5;18;22;2;4259317N;07036917W;0.1
28;24;5;18;22;17;4259318N;07036930W;0.1
28;24;5;18;22;33;4259319N;07036933W;0.6
28;24;5;18;22;48;4259323N;07036938W;0.3
28;24;5;18;23;3;4259321N;07036929W;0.3
28;24;5;18;23;18;4259324N;07036929W;0.4
28;24;5;18;23;18;4259324N;07036929W;0.4
28;24;5;18;23;18;4259324N;07036929W;0.4
28;24;5;18;23;18;4259324N;07036929W;0.4
28;24;5;18;23;33;4259334N;07036943W;0.2
28;24;5;18;23;49;4259324N;07036916W;0.3
28;25;5;18;0;4;4259322N;07036912W;0.6
28;25;5;18;0;19;4259319N;07036910W;0.3
28;25;5;18;0;19;4259319N;07036910W;0.3
28;25;5;18;0;34;4259321N;07036912W;0.3
28;25;5;18;0;50;4259322N;07036912W;0.6
28;25;5;18;0;50;4259322N;07036912W;0.6
28;25;5;18;0;50;4259322N;07036912W;0.6
28;25;5;18;0;50;4259322N;07036912W;0.6
28;25;5;18;0;50;4259322N;07036912W;0.6
28;25;5;18;0;50;4259322N;07036912W;0.6
28;25;5;18;1;5;4259321N;07036912W;0.1
28;25;5;18;1;20;4259325N;07036909W;0.1
28;25;5;18;1;35;4259327N;07036911W;0.2
28;25;5;18;1;51;4259329N;07036911W;0.1
28;25;5;18;2;6;4259303N;07036918W;1.1
28;25;5;18;2;6;4259303N;07036918W;1.1
28;25;5;18;2;21;4259338N;07036894W;0.1
28;25;5;18;2;36;4259306N;07036912W;0.6
28;25;5;18;2;51;4259304N;07036918W;0.4
28;25;5;18;3;7;4259334N;07036910W;1.0
28;25;5;18;3;22;4259310N;07036909W;0.9
28;25;5;18;3;37;4259314N;07036906W;0.2
28;25;5;18;3;52;4259292N;07036889W;0.9
28;25;5;18;4;7;4259314N;07036905W;0.7
28;25;5;18;4;7;4259314N;07036905W;0.7
28;25;5;18;4;7;4259314N;07036905W;0.7
28;25;5;18;4;7;4259314N;07036905W;0.7
28;25;5;18;4;23;4259319N;07036905W;0.9
28;25;5;18;4;38;4259310N;07036905W;0.5
28;25;5;18;4;53;4259325N;07036913W;0.8
28;25;5;18;5;8;4259325N;07036907W;0.2
28;25;5;18;5;8;4259325N;07036907W;0.2
28;25;5;18;5;8;4259325N;07036907W;0.2
28;25;5;18;5;23;4259326N;07036905W;4.3
28;25;5;18;5;39;4259331N;07036918W;0.0
28;25;5;18;5;55;4259329N;07036923W;0.2
28;25;5;18;5;55;4259329N;07036923W;0.2
28;25;5;18;6;10;4259332N;07036925W;0.4
28;25;5;18;6;10;4259332N;07036925W;0.4
28;25;5;18;6;25;4259335N;07036934W;0.9
28;25;5;18;6;40;4259340N;07036942W;1.4
28;25;5;18;6;55;4259324N;07036922W;0.8
28;25;5;18;7;10;4259320N;07036920W;0.5
28;25;5;18;7;26;4259296N;07036884W;0.0
28;25;5;18;7;41;4259309N;07036903W;0.1
28;25;5;18;7;57;4259308N;07036908W;0.5
28;25;5;18;8;12;4259313N;07036907W;0.1
28;25;5;18;8;28;4259309N;07036881W;0.2
28;25;5;18;8;43;4259278N;07036881W;0.3
28;25;5;18;8;58;4259295N;07036905W;0.5
28;25;5;18;9;13;4259310N;07036902W;0.0
28;25;5;18;9;28;4259295N;07036894W;0.5
28;25;5;18;9;44;4259147N;07036813W;0.4
28;25;5;18;9;59;4259336N;07036924W;0.6
28;25;5;18;10;14;4259294N;07036912W;0.3
28;25;5;18;10;29;4259300N;07036912W;1.7
28;25;5;18;10;44;4259326N;07036931W;0.5
28;25;5;18;11;0;4259315N;07036929W;1.3
28;25;5;18;11;0;4259315N;07036929W;1.3
28;25;5;18;11;0;4259315N;07036929W;1.3
28;25;5;18;11;0;4259315N;07036929W;1.3
28;25;5;18;11;15;4259319N;07036918W;0.7
28;25;5;18;11;30;4259325N;07036911W;0.5
28;25;5;18;11;45;4259321N;07036876W;0.0
28;25;5;18;12;0;4259306N;07036900W;0.8
28;25;5;18;12;15;4259285N;07036873W;0.9
28;25;5;18;12;31;4259291N;07036883W;0.6
28;25;5;18;12;46;4259285N;07036879W;0.1
28;25;5;18;13;1;4259308N;07036908W;0.2
28;25;5;18;13;1;4259308N;07036908W;0.2
28;25;5;18;13;1;4259308N;07036908W;0.2
28;25;5;18;13;16;4259304N;07036906W;0.3
28;25;5;18;13;16;4259304N;07036906W;0.3
28;25;5;18;13;16;4259304N;07036906W;0.3
28;25;5;18;13;31;4259269N;07036921W;0.4
28;25;5;18;13;47;4259332N;07036905W;0.2
28;25;5;18;14;2;4259344N;07036924W;0.0
28;25;5;18;14;2;4259344N;07036924W;0.0
28;25;5;18;14;2;4259344N;07036924W;0.0
28;25;5;18;14;2;4259344N;07036924W;0.0
28;25;5;18;14;2;4259344N;07036924W;0.0
28;25;5;18;14;2;4259344N;07036924W;0.0
28;25;5;18;14;2;4259344N;07036924W;0.0
28;25;5;18;14;17;4259316N;07036895W;0.6
28;25;5;18;14;33;4259282N;07036901W;0.8
28;25;5;18;14;48;4259303N;07036891W;0.1
