27;26;5;18;10;38;4257333N;07036369W;25.
27;26;5;18;10;53;4256362N;07039004W;0.5
27;26;5;18;11;8;4256357N;07040267W;21.
27;26;5;18;11;23;4258134N;07045638W;21.
27;26;5;18;11;38;4258443N;07045296W;0.4
27;26;5;18;11;53;4258471N;07045325W;0.8
27;26;5;18;12;8;4258489N;07045286W;0.3
27;26;5;18;12;24;4258486N;07045299W;0.9
27;26;5;18;12;39;4258289N;07045680W;0.2
27;26;5;18;12;54;4258269N;07045607W;0.4
27;26;5;18;13;9;4258295N;07044763W;1.2
27;26;5;18;13;24;4258275N;07044544W;0.0
27;26;5;18;13;39;4258416N;07045855W;0.5
27;26;5;18;13;54;4258423N;07045853W;0.5
27;26;5;18;14;9;4258449N;07045836W;0.1
27;26;5;18;14;24;4258433N;07045841W;0.3
27;26;5;18;14;39;4258412N;07045832W;0.2
27;26;5;18;14;54;4258328N;07045396W;18.
27;26;5;18;15;9;4258317N;07045632W;0.3
27;26;5;18;15;25;4258314N;07045633W;0.2
27;26;5;18;15;40;4258397N;07045854W;0.6
27;26;5;18;15;55;4258395N;07045858W;0.2
27;26;5;18;16;10;4258297N;07045636W;0.2
27;26;5;18;16;25;4258327N;07045672W;0.5
27;26;5;18;16;40;4258352N;07045674W;0.9
27;26;5;18;16;55;4258353N;07045676W;0.2
27;26;5;18;17;10;4258311N;07045615W;0.2
27;26;5;18;17;25;4257856N;07046112W;0.3
27;26;5;18;17;40;4257851N;07046134W;0.3
27;26;5;18;17;55;4258370N;07045743W;0.3
27;26;5;18;18;11;4258317N;07045930W;0.6
27;26;5;18;18;26;4258335N;07045954W;0.4
27;26;5;18;18;41;4258252N;07045668W;0.4
27;26;5;18;18;56;4258493N;07045842W;0.2
27;26;5;18;19;11;4258523N;07045861W;1.5
27;26;5;18;19;26;4257996N;07046311W;20.
27;26;5;18;19;41;4257870N;07046145W;0.2
27;26;5;18;19;56;4257820N;07046257W;0.7
27;26;5;18;20;11;4258397N;07045743W;0.4
27;26;5;18;20;26;4258566N;07045894W;0.6
27;26;5;18;20;41;4258403N;07045745W;0.5
27;26;5;18;20;57;4258400N;07045748W;1.1
27;26;5;18;21;12;4258395N;07045736W;0.5
27;26;5;18;21;27;4258383N;07045719W;0.4
27;26;5;18;21;42;4258787N;07045511W;0.9
27;26;5;18;21;57;4258292N;07044503W;23.
27;26;5;18;22;13;4259174N;07040782W;19.
27;26;5;18;22;28;4259382N;07036940W;0.2
27;26;5;18;22;43;4259355N;07036967W;2.3
27;26;5;18;22;58;4259356N;07036971W;0.9
27;26;5;18;23;13;4259349N;07036970W;5.4
27;26;5;18;23;28;4259353N;07036974W;1.0
27;26;5;18;23;43;4259354N;07036970W;0.4
27;26;5;18;23;58;4259352N;07036968W;0.2
27;27;5;18;0;14;4259360N;07036974W;0.4
27;27;5;18;0;29;4259352N;07036953W;0.5
27;27;5;18;0;44;4259499N;07037197W;0.3
27;27;5;18;0;59;4259320N;07036997W;1.1
27;27;5;18;1;15;4259310N;07036988W;0.3
27;27;5;18;1;30;4259314N;07036997W;0.1
27;27;5;18;1;30;4259314N;07036997W;0.1
27;27;5;18;1;45;4259312N;07036983W;0.1
27;27;5;18;2;1;4259310N;07036986W;0.0
27;27;5;18;2;16;4259353N;07036920W;0.7
27;27;5;18;2;31;4259358N;07036913W;1.0
27;27;5;18;2;47;4259360N;07036876W;0.4
27;27;5;18;3;2;4259352N;07036881W;0.3
27;27;5;18;3;17;4259313N;07036869W;0.1
27;27;5;18;3;33;4259343N;07036897W;0.4
27;27;5;18;3;48;4259356N;07036926W;0.3
27;27;5;18;4;4;4259354N;07036924W;0.4
27;27;5;18;4;19;4259356N;07036928W;0.1
27;27;5;18;4;34;4259349N;07036920W;1.0
27;27;5;18;4;50;4259357N;07036926W;0.0
27;27;5;18;5;5;4259363N;07036963W;0.7
27;27;5;18;5;20;4259364N;07036962W;0.3
27;27;5;18;5;35;4259364N;07036959W;0.4
27;27;5;18;5;50;4259361N;07036964W;1.3
27;27;5;18;6;6;4259363N;07036946W;2.4
27;27;5;18;6;21;4259307N;07036994W;0.3
27;27;5;18;6;36;4259316N;07037003W;0.8
27;27;5;18;6;51;4259353N;07037050W;0.5
27;27;5;18;7;6;4259300N;07036976W;0.8
27;27;5;18;7;21;4259316N;07036997W;0.1
27;27;5;18;7;37;4259299N;07036989W;0.3
27;27;5;18;7;52;4259281N;07036993W;0.5
27;27;5;18;8;7;4259282N;07036948W;1.1
27;27;5;18;8;22;4259177N;07037077W;1.0
27;27;5;18;8;37;4259265N;07037050W;0.0
27;27;5;18;8;53;4258150N;07045185W;15.
27;27;5;18;9;8;4258390N;07045797W;7.4
27;27;5;18;9;24;4257964N;07046262W;0.2
27;27;5;18;9;39;4258207N;07046205W;15.
27;27;5;18;9;54;4258323N;07045906W;0.1
27;27;5;18;10;10;4258342N;07045928W;0.0
27;27;5;18;10;25;4258345N;07045928W;1.5
27;27;5;18;10;40;4258349N;07045909W;2.7
27;27;5;18;10;55;4258348N;07045925W;0.3
27;27;5;18;11;10;4258346N;07045927W;0.8
27;27;5;18;11;25;4258344N;07045930W;0.8
27;27;5;18;11;40;4258385N;07045874W;0.6
27;27;5;18;11;55;4258385N;07045868W;1.0
27;27;5;18;12;10;4258391N;07045861W;0.4
27;27;5;18;12;25;4258390N;07045856W;1.2
27;27;5;18;12;40;4258400N;07045870W;0.3
27;27;5;18;12;55;4258410N;07045837W;0.2
27;27;5;18;13;10;4258411N;07045840W;0.6
27;27;5;18;13;25;4258412N;07045842W;1.1
27;27;5;18;13;40;4258430N;07045852W;0.3
27;27;5;18;13;55;4258684N;07045911W;10.
27;27;5;18;14;10;4300309N;07045098W;0.6
27;27;5;18;14;26;4300327N;07045053W;0.2
27;27;5;18;14;41;4300298N;07045094W;0.4
27;27;5;18;14;56;4300311N;07045067W;0.7
27;27;5;18;15;11;4300312N;07045059W;0.7
27;27;5;18;15;26;4300310N;07045056W;0.4
27;27;5;18;15;41;4300311N;07045045W;0.3
27;27;5;18;15;56;4300317N;07045038W;0.9
27;27;5;18;16;11;4300273N;07044986W;0.4
27;27;5;18;16;26;4300310N;07045023W;0.2
27;27;5;18;16;42;4300279N;07044963W;0.5
27;27;5;18;16;57;4300314N;07045014W;0.4
27;27;5;18;17;12;4300295N;07044964W;2.0
27;27;5;18;17;27;4300320N;07045011W;1.6
27;27;5;18;17;42;4300188N;07045199W;0.3
27;27;5;18;17;57;4300306N;07045030W;0.3
27;27;5;18;18;13;4300324N;07045012W;0.3
27;27;5;18;18;28;4300079N;07045234W;0.1
27;27;5;18;18;43;4258635N;07046018W;1.7
27;27;5;18;18;58;4258079N;07045913W;2.0
27;27;5;18;19;13;4258610N;07046005W;0.4
27;27;5;18;19;29;4258362N;07045886W;0.3
27;27;5;18;19;44;4258364N;07045887W;0.2
27;27;5;18;19;59;4258362N;07045887W;0.6
27;27;5;18;20;14;4258377N;07045889W;0.6
27;27;5;18;20;29;4258363N;07045891W;0.4
27;27;5;18;20;44;4258359N;07045883W;0.2
27;27;5;18;20;59;4258352N;07045869W;0.3
27;27;5;18;21;15;4259325N;07043372W;17.
27;27;5;18;21;30;4259317N;07037150W;15.
27;27;5;18;21;45;4259359N;07036958W;0.5
27;27;5;18;22;0;4259360N;07036961W;0.4
27;27;5;18;22;16;4259358N;07036961W;0.2
27;27;5;18;22;31;4259357N;07036964W;0.5
27;27;5;18;22;46;4259360N;07036931W;0.3
27;27;5;18;23;2;4259352N;07036972W;0.4
27;27;5;18;23;17;4259358N;07036971W;0.2
27;27;5;18;23;32;4259362N;07036969W;0.6
27;27;5;18;23;47;4259362N;07036966W;0.2
27;28;5;18;0;2;4259351N;07036974W;2.1
27;28;5;18;0;18;4259360N;07036968W;0.2
27;28;5;18;0;18;4259360N;07036968W;0.2
27;28;5;18;0;33;4259356N;07036968W;0.5
27;28;5;18;0;33;4259356N;07036968W;0.5
27;28;5;18;0;33;4259356N;07036968W;0.5
27;28;5;18;0;33;4259356N;07036968W;0.5
27;28;5;18;0;49;4259355N;07036965W;0.3
27;28;5;18;1;4;4259406N;07036980W;1.1
27;28;5;18;1;19;4259414N;07036976W;0.3
27;28;5;18;1;34;4259351N;07036918W;0.5
27;28;5;18;1;49;4259365N;07036927W;0.4
27;28;5;18;2;4;4259368N;07036957W;0.3
27;28;5;18;2;20;4259359N;07036956W;1.0
27;28;5;18;2;35;4259340N;07036928W;0.6
27;28;5;18;2;50;4259335N;07036928W;0.4
27;28;5;18;3;5;4259332N;07036921W;0.5
27;28;5;18;3;21;4259351N;07036931W;0.4
27;28;5;18;3;36;4259331N;07036872W;0.4
27;28;5;18;3;51;4259339N;07036913W;0.5
27;28;5;18;4;7;4259340N;07036986W;0.2
27;28;5;18;4;22;4259314N;07037169W;1.1
27;28;5;18;4;37;4259377N;07036917W;0.9
27;28;5;18;4;53;4259365N;07036948W;1.2
27;28;5;18;5;8;4259375N;07036923W;0.5
27;28;5;18;5;23;4259368N;07036960W;0.9
27;28;5;18;5;39;4259361N;07036965W;0.3
27;28;5;18;5;54;4259364N;07036967W;0.2
27;28;5;18;6;9;4259365N;07036967W;0.2
27;28;5;18;6;24;4259358N;07036965W;0.4
27;28;5;18;6;39;4259310N;07036997W;0.7
27;28;5;18;6;54;4259307N;07036983W;0.2
27;28;5;18;7;10;4259302N;07036985W;0.9
27;28;5;18;7;25;4259314N;07036992W;0.4
27;28;5;18;7;40;4259315N;07036996W;0.0
27;28;5;18;7;55;4259315N;07036996W;0.5
27;28;5;18;8;10;4259272N;07037030W;0.9
27;28;5;18;8;25;4259276N;07037026W;1.3
27;28;5;18;8;40;4258799N;07040650W;33.
27;28;5;18;8;55;4258362N;07045728W;2.2
27;28;5;18;9;10;4258330N;07045885W;0.8
27;28;5;18;9;25;4258136N;07046084W;19.
27;28;5;18;9;40;4258306N;07045995W;0.7
27;28;5;18;9;55;4258301N;07046030W;11.
27;28;5;18;10;10;4257913N;07046222W;16.
27;28;5;18;10;25;4258139N;07046148W;0.5
27;28;5;18;10;41;4258155N;07046146W;0.4
27;28;5;18;10;56;4257906N;07046163W;17.
27;28;5;18;11;11;4258074N;07046024W;4.9
27;28;5;18;11;26;4258168N;07046206W;19.
27;28;5;18;11;41;4258409N;07045825W;1.2
27;28;5;18;11;56;4258403N;07045824W;2.0
27;28;5;18;12;11;4258403N;07045822W;0.6
27;28;5;18;12;26;4257244N;07045946W;1.8
27;28;5;18;12;41;4257148N;07046039W;1.6
27;28;5;18;12;56;4257043N;07046116W;0.5
27;28;5;18;13;11;4257135N;07046150W;0.2
27;28;5;18;13;26;4258176N;07046217W;15.
27;28;5;18;13;41;4258336N;07045627W;1.1
27;28;5;18;13;57;4258338N;07045651W;0.7
27;28;5;18;14;12;4258390N;07045386W;0.3
27;28;5;18;14;27;4258297N;07045455W;0.9
27;28;5;18;14;42;4258189N;07045528W;1.0
27;28;5;18;14;57;4258912N;07045886W;0.6
27;28;5;18;15;12;4258845N;07045975W;0.6
27;28;5;18;15;27;4258982N;07045952W;0.2
27;28;5;18;15;42;4258899N;07045886W;0.1
27;28;5;18;15;57;4258940N;07044137W;0.2
27;28;5;18;16;12;4257639N;07044161W;30.
27;28;5;18;16;27;4256234N;07043973W;9.3
27;28;5;18;16;42;4258380N;07045857W;0.5
27;28;5;18;16;57;4258370N;07045855W;0.5
27;28;5;18;17;13;4258384N;07045836W;0.6
27;28;5;18;17;28;4258382N;07045810W;0.1
27;28;5;18;17;43;4258497N;07045801W;0.2
27;28;5;18;17;58;4258500N;07045717W;0.8
27;28;5;18;18;13;4258528N;07045768W;0.8
27;28;5;18;18;28;4258582N;07046114W;18.
27;28;5;18;18;44;4258396N;07045857W;0.4
27;28;5;18;18;59;4257876N;07046153W;0.6
27;28;5;18;19;14;4257872N;07046144W;0.0
27;28;5;18;19;29;4257893N;07046156W;1.4
27;28;5;18;19;44;4257921N;07046135W;0.1
27;28;5;18;19;59;4257901N;07046139W;0.2
27;28;5;18;20;14;4258400N;07045841W;0.2
27;28;5;18;20;29;4258408N;07045878W;0.3
27;28;5;18;20;44;4258418N;07045844W;0.3
27;28;5;18;20;59;4258430N;07045831W;0.3
27;28;5;18;21;15;4258136N;07046279W;21.
27;28;5;18;21;30;4257893N;07046146W;0.2
27;28;5;18;21;45;4258873N;07045220W;1.5
27;28;5;18;22;0;4256748N;07047406W;21.
27;28;5;18;22;15;4255566N;07049022W;0.9
27;28;5;18;22;30;4255317N;07049199W;1.1
27;28;5;18;22;45;4255303N;07049188W;0.3
27;28;5;18;23;0;4255292N;07049175W;0.1
27;28;5;18;23;15;4256702N;07045140W;23.
27;28;5;18;23;30;4258824N;07039032W;28.
27;28;5;18;23;46;4259382N;07036970W;0.5
27;29;5;18;0;1;4259117N;07036874W;0.9
27;29;5;18;0;16;4259211N;07036973W;0.2
27;29;5;18;0;32;4259412N;07037023W;0.1
27;29;5;18;0;47;4259265N;07037006W;0.1
27;29;5;18;1;2;4259114N;07036929W;0.0
27;29;5;18;1;18;4259361N;07036968W;0.0
27;29;5;18;1;33;4259367N;07036952W;0.3
27;29;5;18;1;48;4259358N;07036970W;0.5
27;29;5;18;2;4;4259354N;07036930W;0.1
27;29;5;18;2;19;4259322N;07036941W;0.2
27;29;5;18;2;34;4259334N;07036937W;0.7
27;29;5;18;2;49;4259332N;07036913W;0.4
27;29;5;18;3;4;4259355N;07036969W;0.4
27;29;5;18;3;19;4259348N;07036959W;0.1
27;29;5;18;3;34;4259309N;07036923W;0.3
27;29;5;18;3;49;4259335N;07036946W;0.9
27;29;5;18;4;5;4259337N;07036945W;0.0
27;29;5;18;4;20;4259350N;07036912W;0.3
27;29;5;18;4;35;4259363N;07036918W;0.5
27;29;5;18;4;51;4259369N;07036912W;0.1
27;29;5;18;5;6;4259370N;07036917W;0.7
27;29;5;18;5;21;4259357N;07036929W;0.2
27;29;5;18;5;36;4259352N;07036935W;0.5
27;29;5;18;5;51;4259338N;07036930W;0.2
27;29;5;18;6;6;4259343N;07036938W;0.5
27;29;5;18;6;22;4259351N;07036958W;0.8
27;29;5;18;6;37;4259355N;07036962W;1.1
27;29;5;18;6;52;4259333N;07036940W;0.2
27;29;5;18;7;7;4259323N;07036921W;0.5
27;29;5;18;7;22;4259365N;07036974W;0.1
27;29;5;18;7;37;4259341N;07036916W;0.2
27;29;5;18;7;53;4259348N;07036962W;0.6
27;29;5;18;8;8;4259333N;07036968W;8.9
27;29;5;18;8;23;4259294N;07036982W;0.7
27;29;5;18;8;38;4259321N;07037008W;0.7
27;29;5;18;8;53;4259322N;07037004W;0.2
27;29;5;18;9;8;4259326N;07036997W;0.8
27;29;5;18;9;24;4259319N;07036987W;0.4
27;29;5;18;9;39;4259300N;07036965W;0.1
27;29;5;18;9;54;4259291N;07036928W;0.5
27;29;5;18;10;40;4259281N;07037157W;18.
27;29;5;18;10;55;4258351N;07043592W;21.
27;29;5;18;11;10;4258130N;07046095W;23.
27;29;5;18;11;25;4258890N;07045701W;0.9
27;29;5;18;11;40;4258374N;07045703W;0.9
27;29;5;18;11;55;4258368N;07045727W;0.1
27;29;5;18;12;10;4258362N;07045843W;1.2
27;29;5;18;12;25;4258351N;07045747W;0.3
27;29;5;18;12;40;4258233N;07045565W;0.3
27;29;5;18;12;55;4258252N;07045549W;0.3
27;29;5;18;13;11;4258281N;07045569W;1.3
27;29;5;18;13;26;4258300N;07045584W;0.2
27;29;5;18;13;41;4258313N;07045592W;0.3
27;29;5;18;13;56;4258322N;07045601W;0.7
27;29;5;18;14;11;4258301N;07045590W;0.1
27;29;5;18;14;26;4257519N;07045169W;0.1
27;29;5;18;14;41;4258431N;07045838W;0.2
27;29;5;18;14;56;4258519N;07045815W;0.6
27;29;5;18;15;11;4258415N;07045829W;0.5
27;29;5;18;15;26;4258428N;07045844W;0.4
27;29;5;18;15;42;4258406N;07045833W;0.2
27;29;5;18;15;57;4258417N;07045817W;0.2
27;29;5;18;16;12;4258413N;07045814W;0.6
27;29;5;18;16;27;4258403N;07045833W;1.3
27;29;5;18;16;42;4258397N;07045839W;2.5
27;29;5;18;16;57;4258383N;07045790W;0.6
27;29;5;18;17;12;4258422N;07045814W;0.3
27;29;5;18;17;27;4258391N;07045849W;0.4
27;29;5;18;17;42;4258411N;07045826W;0.2
27;29;5;18;17;57;4258312N;07044985W;1.1
27;29;5;18;18;13;4257932N;07045005W;1.1
27;29;5;18;18;28;4258030N;07045111W;4.7
27;29;5;18;18;43;4258591N;07045698W;0.3
27;29;5;18;18;58;4258624N;07045845W;0.6
27;29;5;18;19;13;4258343N;07045848W;0.1
27;29;5;18;19;28;4258477N;07046148W;0.2
27;29;5;18;19;44;4255601N;07049022W;16.
27;29;5;18;19;59;4255537N;07049004W;1.7
27;29;5;18;20;14;4255813N;07047577W;0.3
27;29;5;18;20;29;4258373N;07045744W;0.2
27;29;5;18;20;44;4258366N;07045743W;0.5
27;29;5;18;20;59;4258369N;07045740W;1.1
27;29;5;18;21;15;4258374N;07045738W;0.3
27;29;5;18;21;30;4258379N;07045739W;0.4
27;29;5;18;21;45;4258376N;07045729W;0.3
27;29;5;18;22;0;4258740N;07043300W;25.
27;29;5;18;22;15;4259356N;07036969W;0.2
27;29;5;18;22;30;4259361N;07036973W;0.2
27;29;5;18;22;46;4259372N;07036971W;0.3
27;29;5;18;23;1;4259409N;07037014W;0.5
27;29;5;18;23;16;4259381N;07036962W;0.7
27;29;5;18;23;51;4259376N;07036887W;0.6
27;30;5;18;0;51;4259356N;07036945W;0.1
27;30;5;18;1;51;4259396N;07036970W;0.2
27;30;5;18;2;52;4259351N;07036936W;0.6
27;30;5;18;3;52;4259358N;07036918W;0.2
27;30;5;18;4;53;4259362N;07036924W;0.1
27;30;5;18;5;53;4259362N;07036929W;0.3
27;30;5;18;6;54;4259371N;07036944W;0.3
27;30;5;18;7;54;4259389N;07036951W;0.8
27;30;5;18;8;54;4259361N;07036996W;0.6
27;30;5;18;9;55;4259401N;07036990W;0.8
27;30;5;18;10;56;4259364N;07036967W;0.0
27;30;5;18;11;56;4259363N;07036964W;0.3
27;30;5;18;12;56;4259363N;07036964W;0.3
27;30;5;18;13;57;4259353N;07036962W;0.2
27;31;5;18;16;9;4258389N;07045853W;0.1
27;31;5;18;17;10;4258413N;07045848W;0.0
27;31;5;18;18;11;4258902N;07045881W;0.0
27;31;5;18;19;11;4255560N;07048869W;17.
27;31;5;18;20;12;4255556N;07049012W;0.7
27;31;5;18;21;12;4258382N;07045869W;0.7
27;31;5;18;22;12;4258367N;07045729W;0.2
27;31;5;18;23;12;4258322N;07045990W;0.7
27;1;6;18;0;13;4258153N;07046144W;0.2
27;1;6;18;1;13;4259332N;07036984W;0.5
27;1;6;18;2;13;4259360N;07036930W;0.1
27;1;6;18;3;14;4259357N;07036930W;0.6
27;1;6;18;4;15;4259359N;07036923W;0.3
27;1;6;18;5;16;4259362N;07036918W;0.0
