28;26;5;18;21;29;4259335N;07036870W;0.2
28;26;5;18;21;44;4259298N;07036872W;0.7
28;26;5;18;21;59;4259310N;07036886W;0.7
28;26;5;18;22;15;4259288N;07036900W;0.2
28;26;5;18;22;30;4259322N;07036925W;0.2
28;26;5;18;22;45;4259317N;07036922W;0.3
28;26;5;18;23;0;4259313N;07036918W;0.4
28;26;5;18;23;15;4259267N;07036919W;0.5
28;26;5;18;23;31;4259254N;07036915W;0.5
28;26;5;18;23;46;4259254N;07036900W;0.5
28;27;5;18;0;1;4259322N;07036915W;0.0
28;27;5;18;0;16;4259324N;07036916W;0.3
28;27;5;18;0;32;4259320N;07036913W;0.4
28;27;5;18;0;47;4259328N;07036914W;0.5
28;27;5;18;1;2;4259325N;07036915W;0.3
28;27;5;18;1;17;4259322N;07036909W;0.3
28;27;5;18;1;32;4259321N;07036909W;0.9
28;27;5;18;1;47;4259326N;07036910W;0.2
28;27;5;18;2;2;4259331N;07036907W;0.4
28;27;5;18;2;17;4259337N;07036894W;0.3
28;27;5;18;2;32;4259290N;07036931W;0.7
28;27;5;18;2;48;4259334N;07036905W;0.2
28;27;5;18;3;3;4259308N;07036913W;0.8
28;27;5;18;3;18;4259296N;07036907W;0.2
28;27;5;18;3;34;4259284N;07036894W;0.2
28;27;5;18;3;34;4259284N;07036894W;0.2
28;27;5;18;3;34;4259284N;07036894W;0.2
28;27;5;18;3;49;4259289N;07036895W;0.2
28;27;5;18;4;5;4259316N;07036915W;0.4
28;27;5;18;4;20;4259320N;07036916W;0.1
28;27;5;18;4;35;4259318N;07036913W;0.2
28;27;5;18;4;50;4259323N;07036914W;0.1
28;27;5;18;5;5;4259319N;07036912W;0.6
28;27;5;18;5;20;4259322N;07036916W;0.2
28;27;5;18;5;35;4259311N;07036905W;0.5
28;27;5;18;5;35;4259311N;07036905W;0.5
28;27;5;18;5;51;4259315N;07036909W;0.2
28;27;5;18;5;51;4259315N;07036909W;0.2
28;27;5;18;6;6;4259328N;07036920W;0.5
28;27;5;18;6;6;4259328N;07036920W;0.5
28;27;5;18;6;21;4259330N;07036915W;0.1
28;27;5;18;6;36;4259322N;07036910W;2.7
28;27;5;18;6;52;4259321N;07036910W;0.2
28;27;5;18;7;7;4259320N;07036909W;0.2
28;27;5;18;7;22;4259315N;07036905W;0.8
28;27;5;18;7;37;4259308N;07036865W;0.6
28;27;5;18;7;52;4259307N;07036858W;0.6
28;27;5;18;8;7;4259319N;07036918W;0.2
28;27;5;18;8;23;4259324N;07036915W;0.1
28;27;5;18;8;38;4259309N;07036912W;0.1
28;27;5;18;8;53;4259322N;07036909W;0.2
28;27;5;18;9;8;4259312N;07036899W;1.1
28;27;5;18;9;23;4259323N;07036922W;1.3
28;27;5;18;9;23;4259323N;07036922W;1.3
28;27;5;18;9;23;4259323N;07036922W;1.3
28;27;5;18;9;38;4259312N;07036916W;0.7
28;27;5;18;9;54;4259356N;07036804W;11.
28;27;5;18;10;9;4259317N;07036921W;0.0
28;27;5;18;10;24;4259323N;07036924W;0.1
28;27;5;18;10;39;4259307N;07036915W;0.2
28;27;5;18;10;39;4259307N;07036915W;0.2
28;27;5;18;10;55;4259320N;07036915W;0.1
28;27;5;18;11;10;4259321N;07036915W;1.4
28;27;5;18;11;26;4259328N;07036908W;0.7
28;27;5;18;11;41;4259325N;07036907W;0.0
28;27;5;18;11;56;4259322N;07036910W;0.4
28;27;5;18;12;11;4259325N;07036908W;0.2
28;27;5;18;12;11;4259325N;07036908W;0.2
28;27;5;18;12;27;4259325N;07036899W;0.4
28;27;5;18;12;43;4259322N;07036910W;0.0
28;27;5;18;12;58;4259322N;07036907W;0.3
28;27;5;18;12;58;4259322N;07036907W;0.3
28;27;5;18;13;13;4259321N;07036905W;3.0
28;27;5;18;13;13;4259321N;07036905W;3.0
28;27;5;18;13;28;4259322N;07036906W;1.4
28;27;5;18;13;43;4259318N;07036912W;0.4
28;27;5;18;13;43;4259318N;07036912W;0.4
28;27;5;18;13;58;4259305N;07036908W;0.5
28;27;5;18;13;58;4259305N;07036908W;0.5
28;27;5;18;14;13;4259314N;07036912W;0.4
28;27;5;18;14;13;4259314N;07036912W;0.4
28;27;5;18;14;28;4259308N;07036906W;0.8
28;27;5;18;14;45;4259313N;07036901W;0.6
28;27;5;18;14;45;4259313N;07036901W;0.6
28;27;5;18;15;0;4259313N;07036904W;1.0
28;27;5;18;15;15;4259311N;07036907W;1.6
28;27;5;18;15;31;4259292N;07036879W;0.2
28;27;5;18;15;46;4259305N;07036904W;0.5
28;27;5;18;16;1;4259292N;07036919W;0.7
28;27;5;18;16;16;4259295N;07036888W;0.4
28;27;5;18;16;32;4259311N;07036917W;0.2
28;27;5;18;16;47;4259313N;07036919W;2.4
28;27;5;18;17;2;4259326N;07036885W;3.8
28;27;5;18;17;17;4259315N;07036908W;2.1
28;27;5;18;17;32;4259306N;07036912W;2.1
28;27;5;18;17;47;4259310N;07036890W;0.9
28;27;5;18;18;2;4259304N;07036897W;0.4
28;27;5;18;18;17;4259306N;07036892W;0.3
28;27;5;18;18;33;4259303N;07036896W;2.7
28;27;5;18;18;33;4259303N;07036896W;2.7
28;27;5;18;18;48;4259314N;07036910W;0.1
28;27;5;18;19;3;4259308N;07036902W;1.0
28;27;5;18;19;18;4259316N;07036914W;0.4
28;27;5;18;19;33;4259317N;07036907W;3.4
28;27;5;18;19;48;4259307N;07036889W;0.3
28;27;5;18;19;48;4259307N;07036889W;0.3
28;27;5;18;19;48;4259307N;07036889W;0.3
28;27;5;18;19;48;4259307N;07036889W;0.3
28;27;5;18;19;48;4259307N;07036889W;0.3
28;27;5;18;20;4;4259316N;07036904W;1.9
28;27;5;18;20;19;4259298N;07036878W;0.1
28;27;5;18;20;35;4259306N;07036892W;0.4
28;27;5;18;20;50;4259316N;07036909W;0.7
28;27;5;18;21;5;4259334N;07036910W;0.4
28;27;5;18;21;20;4259334N;07036895W;0.3
28;27;5;18;21;35;4259332N;07036887W;0.2
28;27;5;18;21;51;4259327N;07036896W;0.3
28;27;5;18;22;6;4300652N;07037054W;1.5
28;27;5;18;22;21;4259372N;07036887W;0.7
28;27;5;18;22;37;4301047N;07035803W;0.6
28;27;5;18;22;52;4259324N;07036912W;0.2
28;27;5;18;23;7;4259318N;07036921W;1.0
28;27;5;18;23;22;4259318N;07036919W;0.5
28;27;5;18;23;38;4259321N;07036920W;0.2
28;27;5;18;23;53;4259315N;07036921W;0.0
28;28;5;18;0;8;4259314N;07036918W;0.6
28;28;5;18;0;23;4259324N;07036915W;2.5
28;28;5;18;0;38;4259321N;07036911W;0.5
28;28;5;18;0;53;4259321N;07036911W;0.6
28;28;5;18;1;8;4259321N;07036910W;0.3
28;28;5;18;1;8;4259321N;07036910W;0.3
28;28;5;18;1;8;4259321N;07036910W;0.3
28;28;5;18;1;23;4259324N;07036923W;0.1
28;28;5;18;1;23;4259324N;07036923W;0.1
28;28;5;18;1;38;4259323N;07036925W;0.6
28;28;5;18;1;38;4259323N;07036925W;0.6
28;28;5;18;1;38;4259323N;07036925W;0.6
28;28;5;18;1;53;4259316N;07036933W;0.1
28;28;5;18;2;9;4259305N;07036940W;0.5
28;28;5;18;2;24;4259335N;07036910W;0.5
28;28;5;18;2;39;4259300N;07036925W;0.3
28;28;5;18;2;54;4259311N;07036926W;0.4
28;28;5;18;3;9;4259288N;07036909W;0.2
28;28;5;18;3;24;4259297N;07036904W;0.1
28;28;5;18;3;40;4259300N;07036903W;0.2
28;28;5;18;3;40;4259300N;07036903W;0.2
28;28;5;18;3;40;4259300N;07036903W;0.2
28;28;5;18;3;40;4259300N;07036903W;0.2
28;28;5;18;3;40;4259300N;07036903W;0.2
28;28;5;18;3;40;4259300N;07036903W;0.2
28;28;5;18;3;40;4259300N;07036903W;0.2
28;28;5;18;3;40;4259300N;07036903W;0.2
28;28;5;18;3;55;4259304N;07036895W;0.5
28;28;5;18;4;10;4259301N;07036891W;0.4
28;28;5;18;4;26;4259314N;07036907W;0.6
28;28;5;18;4;41;4259305N;07036884W;0.1
28;28;5;18;4;57;4259328N;07036919W;0.5
28;28;5;18;5;12;4259320N;07036909W;0.6
28;28;5;18;5;27;4259317N;07036912W;0.2
28;28;5;18;5;42;4259321N;07036908W;0.3
28;28;5;18;5;57;4259317N;07036905W;0.3
28;28;5;18;6;12;4259318N;07036910W;0.3
28;28;5;18;6;27;4259319N;07036906W;0.1
28;28;5;18;6;42;4259313N;07036899W;0.6
28;28;5;18;6;57;4259315N;07036902W;0.5
28;28;5;18;7;13;4259322N;07036913W;0.2
28;28;5;18;7;28;4259320N;07036911W;0.3
28;28;5;18;7;43;4259294N;07036924W;0.5
28;28;5;18;7;58;4259299N;07036916W;0.4
28;28;5;18;8;13;4259305N;07036919W;0.4
28;28;5;18;8;28;4259313N;07036922W;0.8
28;28;5;18;8;44;4259306N;07036900W;0.4
28;28;5;18;8;59;4259318N;07036917W;0.3
28;28;5;18;9;14;4259318N;07036926W;0.1
28;28;5;18;9;29;4259328N;07036924W;0.1
28;28;5;18;9;44;4259300N;07036941W;0.5
28;28;5;18;9;59;4259361N;07036944W;0.1
28;28;5;18;10;15;4259306N;07036923W;0.8
28;28;5;18;10;30;4259309N;07036918W;0.8
28;28;5;18;10;45;4259349N;07036913W;2.4
28;28;5;18;11;0;4259315N;07036895W;0.1
28;28;5;18;11;15;4259328N;07036911W;0.8
28;28;5;18;11;31;4259360N;07036927W;1.1
28;28;5;18;11;46;4259291N;07036879W;0.5
28;28;5;18;12;1;4259290N;07036888W;0.6
28;28;5;18;12;16;4259309N;07036900W;0.3
28;28;5;18;12;31;4259311N;07036903W;0.6
28;28;5;18;12;46;4259324N;07036919W;0.3
28;28;5;18;13;2;4259317N;07036921W;0.2
28;28;5;18;13;17;4259312N;07036913W;0.3
28;28;5;18;13;32;4259278N;07036927W;0.4
28;28;5;18;13;47;4259280N;07036908W;0.5
28;28;5;18;14;2;4259312N;07036882W;0.3
28;28;5;18;14;17;4259302N;07036881W;0.4
28;28;5;18;14;32;4259305N;07036900W;0.3
28;28;5;18;14;48;4259304N;07036896W;0.7
28;28;5;18;15;3;4259298N;07036879W;0.4
28;28;5;18;15;18;4259282N;07036873W;1.1
28;28;5;18;15;33;4259308N;07036880W;0.5
28;28;5;18;15;48;4259307N;07036882W;1.2
28;28;5;18;16;4;4259316N;07036895W;0.3
28;28;5;18;16;19;4259337N;07036737W;28.
28;28;5;18;16;34;4259271N;07036995W;0.4
28;28;5;18;16;50;4259334N;07036880W;0.1
28;28;5;18;17;5;4259290N;07036930W;0.2
28;28;5;18;17;5;4259290N;07036930W;0.2
28;28;5;18;17;21;4259326N;07036975W;0.1
28;28;5;18;17;36;4259302N;07036919W;0.4
28;28;5;18;17;51;4259316N;07036894W;0.2
28;28;5;18;18;6;4259343N;07036905W;0.1
28;28;5;18;18;22;4259332N;07036910W;0.2
28;28;5;18;18;37;4259315N;07036898W;0.5
28;28;5;18;18;52;4259315N;07036897W;1.1
28;28;5;18;19;7;4259320N;07036905W;1.3
28;28;5;18;19;22;4259316N;07036899W;0.0
28;28;5;18;19;37;4259327N;07036911W;0.3
28;28;5;18;19;52;4259329N;07036916W;0.2
28;28;5;18;20;8;4259321N;07036912W;0.0
28;28;5;18;20;23;4259323N;07036906W;0.4
28;28;5;18;20;38;4259325N;07036890W;0.9
28;28;5;18;20;53;4259326N;07036934W;2.1
28;28;5;18;21;8;4259324N;07036907W;0.2
28;28;5;18;21;23;4259324N;07036916W;0.7
28;28;5;18;21;39;4259321N;07036906W;0.3
28;28;5;18;21;54;4259323N;07036886W;0.2
28;28;5;18;22;9;4259300N;07036903W;0.2
28;28;5;18;22;24;4259271N;07036895W;1.0
28;28;5;18;22;39;4259286N;07036903W;1.1
28;28;5;18;22;39;4259286N;07036903W;1.1
28;28;5;18;22;55;4259304N;07036897W;0.1
28;28;5;18;23;10;4259300N;07036912W;0.4
28;28;5;18;23;25;4259309N;07036916W;0.1
28;28;5;18;23;40;4259313N;07036913W;0.5
28;28;5;18;23;56;4259319N;07036920W;0.8
28;29;5;18;0;11;4259325N;07036942W;0.5
28;29;5;18;0;26;4259316N;07036917W;0.1
28;29;5;18;0;41;4259300N;07036920W;0.5
28;29;5;18;0;57;4259310N;07036925W;0.3
28;29;5;18;1;13;4259317N;07036920W;0.5
28;29;5;18;1;30;4259331N;07036916W;0.3
28;29;5;18;1;46;4259337N;07036911W;0.5
28;29;5;18;2;5;4259321N;07036910W;0.0
28;29;5;18;2;20;4259317N;07036911W;0.2
28;29;5;18;2;37;4259319N;07036915W;1.1
28;29;5;18;2;52;4259322N;07036914W;1.4
28;29;5;18;3;8;4259326N;07036918W;1.0
28;29;5;18;3;23;4259329N;07036924W;1.1
28;29;5;18;3;39;4259293N;07036894W;2.7
28;29;5;18;3;54;4259313N;07036909W;0.2
28;29;5;18;4;9;4259302N;07036897W;1.8
28;29;5;18;4;25;4259291N;07036889W;0.1
28;29;5;18;4;40;4259297N;07036889W;0.7
28;29;5;18;4;58;4259310N;07036887W;0.5
28;29;5;18;5;15;4259310N;07036896W;0.2
28;29;5;18;6;15;4259322N;07036932W;0.7
28;29;5;18;6;35;4259329N;07036944W;0.9
28;29;5;18;6;51;4259323N;07036940W;0.1
28;29;5;18;7;6;4259305N;07036918W;0.3
28;29;5;18;7;27;4259292N;07036908W;0.3
28;29;5;18;7;47;4259288N;07036917W;0.5
28;29;5;18;8;48;4259298N;07036908W;0.3
28;29;5;18;9;48;4259304N;07036913W;0.2
28;29;5;18;10;16;4259214N;07036830W;19.
28;29;5;18;10;31;4259306N;07036889W;0.4
28;29;5;18;11;32;4259310N;07036908W;0.6
28;29;5;18;12;32;4259324N;07036923W;0.4
28;29;5;18;13;33;4259306N;07036919W;0.3
28;29;5;18;14;20;4258947N;07035431W;27.
28;29;5;18;14;35;4254900N;07030558W;0.4
28;29;5;18;14;51;4253494N;07026580W;26.
28;29;5;18;15;6;4249980N;07020950W;21.
28;29;5;18;15;22;4249901N;07017867W;22.
28;29;5;18;15;37;4249502N;07016665W;0.4
28;29;5;18;15;52;4249396N;07016598W;0.8
28;29;5;18;16;7;4249311N;07014013W;24.
28;29;5;18;16;22;4249304N;07013542W;1.1
28;29;5;18;16;37;4247521N;07014629W;0.4
28;29;5;18;16;52;4245588N;07013705W;25.
28;29;5;18;17;8;4246954N;07009737W;0.4
28;29;5;18;17;23;4247613N;07008001W;22.
28;29;5;18;17;38;4246136N;07006122W;22.
28;29;5;18;17;53;4244969N;07004068W;0.3
28;29;5;18;18;8;4243540N;06959815W;26.
28;29;5;18;18;23;4243450N;06959384W;0.3
28;29;5;18;18;38;4243069N;06959361W;1.4
28;29;5;18;18;53;4241284N;07002795W;27.
28;29;5;18;19;9;4240537N;07004321W;0.7
28;29;5;18;19;24;4240039N;07006035W;0.8
28;29;5;18;19;39;4240025N;07006151W;0.6
28;29;5;18;19;54;4240044N;07006241W;1.0
28;29;5;18;20;9;4241214N;07009382W;0.3
28;29;5;18;20;24;4244046N;07014175W;29.
28;29;5;18;20;39;4245083N;07016124W;27.
28;29;5;18;20;54;4247711N;07019465W;1.2
28;29;5;18;21;10;4247747N;07019409W;0.9
28;29;5;18;21;25;4250525N;07022497W;0.9
28;29;5;18;21;40;4254664N;07029748W;33.
28;29;5;18;21;55;4259294N;07036883W;0.4
28;29;5;18;22;11;4259324N;07036914W;28.
28;29;5;18;22;26;4259324N;07036910W;0.8
28;29;5;18;22;26;4259324N;07036910W;0.8
28;29;5;18;22;41;4259306N;07036917W;0.6
28;29;5;18;22;41;4259306N;07036917W;0.6
28;29;5;18;22;41;4259306N;07036917W;0.6
28;29;5;18;22;41;4259306N;07036917W;0.6
28;29;5;18;22;41;4259306N;07036917W;0.6
28;29;5;18;22;41;4259306N;07036917W;0.6
28;29;5;18;22;41;4259306N;07036917W;0.6
28;29;5;18;22;56;4259311N;07036928W;0.2
28;29;5;18;23;12;4259315N;07036920W;0.5
28;29;5;18;23;27;4259317N;07036927W;0.3
28;29;5;18;23;42;4259319N;07036925W;0.8
28;29;5;18;23;57;4259319N;07036927W;1.0
28;30;5;18;0;13;4259320N;07036913W;0.1
28;30;5;18;0;28;4259323N;07036913W;0.3
28;30;5;18;0;43;4259322N;07036923W;0.3
28;30;5;18;0;58;4259317N;07036906W;0.9
28;30;5;18;1;13;4259314N;07036908W;2.8
28;30;5;18;1;29;4259317N;07036918W;0.3
28;30;5;18;1;44;4259310N;07036920W;0.2
28;30;5;18;1;59;4259347N;07036910W;0.6
28;30;5;18;2;14;4259323N;07036911W;0.3
28;30;5;18;2;30;4259322N;07036914W;0.3
28;30;5;18;2;30;4259322N;07036914W;0.3
28;30;5;18;2;45;4259323N;07036912W;1.3
28;30;5;18;3;0;4259321N;07036924W;1.0
28;30;5;18;3;16;4259321N;07036917W;0.4
28;30;5;18;3;16;4259321N;07036917W;0.4
28;30;5;18;3;31;4259324N;07036914W;0.9
28;30;5;18;3;46;4259318N;07036908W;0.1
28;30;5;18;4;2;4259322N;07036910W;0.1
28;30;5;18;4;17;4259321N;07036909W;0.2
28;30;5;18;4;33;4259314N;07036891W;1.7
28;30;5;18;4;48;4259323N;07036909W;0.2
28;30;5;18;5;3;4259326N;07036909W;0.4
28;30;5;18;5;3;4259326N;07036909W;0.4
28;30;5;18;5;18;4259312N;07036913W;0.1
28;30;5;18;5;18;4259312N;07036913W;0.1
28;30;5;18;5;34;4259323N;07036912W;0.8
28;30;5;18;5;49;4259321N;07036919W;0.2
28;30;5;18;6;4;4259325N;07036921W;0.4
28;30;5;18;6;20;4259324N;07036918W;1.9
28;30;5;18;6;35;4259337N;07036935W;0.1
28;30;5;18;6;50;4259285N;07036873W;0.9
28;30;5;18;6;50;4259285N;07036873W;0.9
28;30;5;18;6;50;4259285N;07036873W;0.9
28;30;5;18;6;50;4259285N;07036873W;0.9
28;30;5;18;6;50;4259285N;07036873W;0.9
28;30;5;18;7;6;4259321N;07036916W;0.4
28;30;5;18;7;21;4259320N;07036912W;0.1
28;30;5;18;7;37;4259319N;07036909W;0.2
28;30;5;18;7;52;4259320N;07036914W;0.4
28;30;5;18;8;8;4259322N;07036919W;0.0
28;30;5;18;8;23;4259322N;07036908W;0.2
28;30;5;18;8;38;4259319N;07036910W;0.3
28;30;5;18;8;53;4259325N;07036910W;0.4
28;30;5;18;9;9;4259324N;07036911W;0.3
28;30;5;18;9;24;4259325N;07036909W;0.2
28;30;5;18;9;39;4259326N;07036915W;0.4
28;30;5;18;9;39;4259326N;07036915W;0.4
28;30;5;18;9;54;4259327N;07036916W;0.2
28;30;5;18;9;54;4259327N;07036916W;0.2
28;30;5;18;10;10;4259322N;07036915W;0.3
28;30;5;18;10;10;4259322N;07036915W;0.3
28;30;5;18;10;25;4259300N;07036876W;35.
28;30;5;18;10;40;4259285N;07036889W;0.3
28;30;5;18;10;55;4259297N;07036914W;0.8
28;30;5;18;11;10;4259291N;07036893W;1.6
28;30;5;18;11;26;4259290N;07036889W;0.5
28;30;5;18;11;41;4259310N;07036917W;0.2
28;30;5;18;11;56;4259351N;07036781W;15.
28;30;5;18;12;11;4254546N;07033603W;1.0
28;30;5;18;12;26;4250850N;07029827W;27.
28;30;5;18;12;41;4248412N;07025182W;19.
28;30;5;18;12;56;4249870N;07022701W;14.
28;30;5;18;13;11;4250417N;07021153W;1.2
28;30;5;18;13;27;4248315N;07019406W;16.
28;30;5;18;13;42;4248108N;07019108W;11.
28;30;5;18;13;57;4248725N;07016094W;17.
28;30;5;18;14;12;4251701N;07014033W;0.7
28;30;5;18;14;27;4251555N;07011123W;17.
28;30;5;18;14;42;4250044N;07006410W;18.
28;30;5;18;14;57;4247693N;07001954W;18.
28;30;5;18;15;12;4245269N;06959036W;0.4
28;30;5;18;15;28;4244356N;06955365W;0.8
28;30;5;18;15;43;4242368N;06955429W;0.6
28;30;5;18;15;58;4242510N;06955461W;0.9
28;30;5;18;16;13;4242675N;06955463W;0.7
28;30;5;18;16;28;4242828N;06955461W;2.8
28;30;5;18;16;43;4242952N;06955425W;0.9
28;30;5;18;16;58;4243056N;06955371W;1.1
28;30;5;18;17;13;4243110N;06955316W;0.7
28;30;5;18;17;29;4243207N;06955235W;0.6
28;30;5;18;17;44;4243243N;06955162W;0.7
28;30;5;18;17;59;4243286N;06955076W;0.9
28;30;5;18;18;14;4243331N;06955016W;0.3
28;30;5;18;18;29;4243213N;06955419W;1.9
28;30;5;18;18;44;4243179N;06955188W;2.3
28;30;5;18;18;59;4243136N;06954951W;0.8
28;30;5;18;19;14;4243133N;06954714W;1.2
28;30;5;18;19;29;4243069N;06954495W;0.9
28;30;5;18;19;44;4242997N;06954228W;0.9
28;30;5;18;20;0;4242981N;06954009W;0.9
28;30;5;18;20;15;4242941N;06953808W;1.1
28;30;5;18;20;30;4242907N;06953604W;2.2
28;30;5;18;20;45;4242837N;06953377W;1.5
28;30;5;18;21;1;4242717N;06953503W;0.6
28;30;5;18;21;16;4242654N;06953324W;0.5
28;30;5;18;21;31;4243467N;06951788W;0.7
28;30;5;18;21;46;4243425N;06951645W;0.4
28;30;5;18;22;1;4243406N;06951524W;0.8
28;30;5;18;22;17;4243392N;06951407W;0.6
28;30;5;18;22;32;4243792N;06953926W;38.
28;30;5;18;22;47;4247192N;07002860W;34.
28;30;5;18;23;2;4249725N;07009798W;0.6
28;30;5;18;23;17;4253498N;07017797W;35.
28;30;5;18;23;32;4255682N;07027724W;33.
28;30;5;18;23;47;4259293N;07036894W;0.4
28;31;5;18;0;2;4259298N;07036896W;1.4
28;31;5;18;0;18;4259305N;07036906W;0.3
28;31;5;18;0;33;4259301N;07036895W;0.4
28;31;5;18;0;33;4259301N;07036895W;0.4
28;31;5;18;0;48;4259320N;07036912W;0.2
28;31;5;18;1;3;4259316N;07036936W;0.3
28;31;5;18;1;18;4259321N;07036917W;0.3
28;31;5;18;1;33;4259329N;07036907W;0.2
28;31;5;18;1;48;4259341N;07036893W;0.0
28;31;5;18;1;48;4259341N;07036893W;0.0
28;31;5;18;2;3;4259355N;07036888W;0.0
28;31;5;18;2;19;4259306N;07036930W;1.5
28;31;5;18;2;34;4259315N;07036917W;0.5
28;31;5;18;2;49;4259317N;07036916W;0.4
28;31;5;18;3;4;4259319N;07036919W;0.3
28;31;5;18;3;19;4259317N;07036916W;1.2
28;31;5;18;3;35;4259304N;07036906W;0.3
28;31;5;18;3;50;4259312N;07036903W;0.9
28;31;5;18;4;5;4259332N;07036920W;1.3
28;31;5;18;4;20;4259293N;07036884W;2.3
28;31;5;18;4;20;4259293N;07036884W;2.3
28;31;5;18;4;36;4259318N;07036907W;0.2
28;31;5;18;4;52;4259321N;07036908W;0.3
28;31;5;18;5;7;4259322N;07036907W;1.3
28;31;5;18;5;22;4259322N;07036910W;0.6
28;31;5;18;5;37;4259319N;07036907W;0.7
28;31;5;18;5;52;4259319N;07036911W;0.2
28;31;5;18;6;7;4259314N;07036901W;0.3
28;31;5;18;6;22;4259309N;07036898W;0.7
28;31;5;18;6;37;4259306N;07036903W;0.6
28;31;5;18;6;52;4259317N;07036906W;0.5
28;31;5;18;7;7;4259329N;07036911W;0.2
28;31;5;18;7;22;4259324N;07036912W;0.1
28;31;5;18;7;38;4259323N;07036912W;0.5
28;31;5;18;7;38;4259323N;07036912W;0.5
28;31;5;18;7;53;4259318N;07036910W;0.0
28;31;5;18;7;53;4259318N;07036910W;0.0
28;31;5;18;7;53;4259318N;07036910W;0.0
28;31;5;18;7;53;4259318N;07036910W;0.0
28;31;5;18;7;53;4259318N;07036910W;0.0
28;31;5;18;7;53;4259318N;07036910W;0.0
28;31;5;18;7;53;4259318N;07036910W;0.0
28;31;5;18;7;53;4259318N;07036910W;0.0
28;31;5;18;7;53;4259318N;07036910W;0.0
28;31;5;18;7;53;4259318N;07036910W;0.0
28;31;5;18;7;53;4259318N;07036910W;0.0
28;31;5;18;7;53;4259318N;07036910W;0.0
28;31;5;18;7;53;4259318N;07036910W;0.0
28;31;5;18;7;53;4259318N;07036910W;0.0
28;31;5;18;8;8;4259322N;07036909W;0.2
28;31;5;18;8;24;4259323N;07036909W;0.5
28;31;5;18;8;39;4259319N;07036905W;0.6
28;31;5;18;8;54;4259320N;07036913W;0.2
28;31;5;18;9;9;4259317N;07036915W;0.9
28;31;5;18;9;24;4259322N;07036921W;0.2
28;31;5;18;9;39;4259294N;07036825W;0.2
28;31;5;18;9;55;4259319N;07036912W;0.8
28;31;5;18;10;10;4259308N;07036950W;0.3
28;31;5;18;10;25;4259306N;07036941W;0.3
28;31;5;18;10;40;4259309N;07036926W;0.3
28;31;5;18;10;55;4259300N;07036891W;0.3
28;31;5;18;11;11;4259300N;07036901W;0.3
28;31;5;18;11;26;4259311N;07036897W;0.1
28;31;5;18;11;41;4259298N;07036897W;0.1
28;31;5;18;11;56;4259306N;07036895W;0.0
28;31;5;18;12;11;4259309N;07036893W;0.1
28;31;5;18;12;26;4259308N;07036887W;0.3
28;31;5;18;12;42;4259316N;07036897W;0.3
28;31;5;18;12;57;4259322N;07036913W;0.4
28;31;5;18;13;12;4259317N;07036923W;0.4
28;31;5;18;13;27;4259305N;07036919W;0.1
28;31;5;18;13;42;4259173N;07036829W;0.2
28;31;5;18;13;57;4259271N;07036891W;0.7
28;31;5;18;14;12;4259279N;07036876W;0.3
28;31;5;18;14;28;4259280N;07036874W;0.3
28;31;5;18;14;43;4259276N;07036868W;0.4
28;31;5;18;14;58;4258984N;07036602W;24.
28;31;5;18;15;13;4255960N;07031821W;26.
28;31;5;18;15;28;4254336N;07028932W;21.
28;31;5;18;15;43;4251620N;07023176W;19.
28;31;5;18;15;58;4251387N;07018512W;16.
28;31;5;18;16;13;4249523N;07011965W;17.
28;31;5;18;16;28;4247558N;07005623W;20.
28;31;5;18;16;43;4246886N;06958698W;20.
28;31;5;18;16;59;4245204N;06952546W;0.4
28;31;5;18;17;14;4244837N;06952064W;0.2
28;31;5;18;17;29;4244758N;06952070W;0.3
28;31;5;18;17;44;4244677N;06952051W;1.2
28;31;5;18;17;59;4244710N;06951711W;0.9
28;31;5;18;18;14;4244649N;06951710W;0.5
28;31;5;18;18;30;4244577N;06951681W;0.2
28;31;5;18;18;45;4244520N;06951665W;1.0
28;31;5;18;19;0;4244476N;06951679W;0.2
28;31;5;18;19;15;4244444N;06951694W;0.9
28;31;5;18;19;30;4244493N;06951538W;0.5
28;31;5;18;19;45;4245264N;06949070W;0.2
28;31;5;18;20;0;4247670N;06947083W;45.
28;31;5;18;20;15;4251769N;06945346W;0.7
28;31;5;18;20;31;4252429N;06946168W;0.6
28;31;5;18;20;46;4252691N;06946555W;0.6
28;31;5;18;21;1;4251594N;06952115W;22.
28;31;5;18;21;16;4248468N;06954449W;20.
28;31;5;18;21;31;4246606N;06958459W;0.7
28;31;5;18;21;46;4246677N;06958491W;0.3
28;31;5;18;22;1;4246749N;06958509W;0.2
28;31;5;18;22;16;4247179N;06958975W;0.7
28;31;5;18;22;31;4247633N;06958437W;0.4
28;31;5;18;22;46;4247895N;06957134W;0.9
28;31;5;18;23;2;4248074N;06957080W;1.5
28;31;5;18;23;17;4248253N;06957083W;1.7
28;31;5;18;23;32;4248388N;06957429W;0.9
28;31;5;18;23;47;4248706N;06958124W;0.2
28;1;6;18;0;2;4251571N;07001824W;32.
28;1;6;18;0;17;4258124N;07008984W;31.
28;1;6;18;0;32;4302114N;07016586W;32.
28;1;6;18;0;47;4302687N;07024243W;22.
28;1;6;18;1;2;4301718N;07031541W;19.
28;1;6;18;1;17;4259329N;07036912W;0.2
28;1;6;18;1;33;4259350N;07036898W;0.5
28;1;6;18;1;48;4259371N;07036880W;0.3
28;1;6;18;2;4;4259322N;07036910W;0.0
28;1;6;18;2;19;4259296N;07036919W;0.3
28;1;6;18;2;34;4259324N;07036910W;0.0
28;1;6;18;2;34;4259324N;07036910W;0.0
28;1;6;18;2;49;4259323N;07036911W;0.3
28;1;6;18;3;5;4259322N;07036907W;0.7
28;1;6;18;3;20;4259338N;07036924W;1.1
28;1;6;18;3;35;4259320N;07036903W;0.1
28;1;6;18;3;50;4259334N;07036910W;0.9
28;1;6;18;3;50;4259334N;07036910W;0.9
28;1;6;18;4;5;4259322N;07036907W;0.4
28;1;6;18;4;20;4259335N;07036886W;1.1
28;1;6;18;4;36;4259326N;07036903W;0.3
28;1;6;18;4;51;4259334N;07036897W;1.2
28;1;6;18;5;6;4259338N;07036898W;0.3
28;1;6;18;5;21;4259325N;07036917W;0.3
28;1;6;18;5;36;4259319N;07036919W;0.2
28;1;6;18;5;52;4259318N;07036917W;0.2
28;1;6;18;5;52;4259318N;07036917W;0.2
28;1;6;18;5;52;4259318N;07036917W;0.2
28;1;6;18;5;52;4259318N;07036917W;0.2
28;1;6;18;6;7;4259320N;07036909W;0.9
28;1;6;18;6;22;4259320N;07036914W;0.7
28;1;6;18;6;37;4259320N;07036913W;0.3
28;1;6;18;6;52;4259311N;07036912W;0.8
28;1;6;18;7;8;4259316N;07036910W;0.8
28;1;6;18;7;23;4259316N;07036910W;0.0
28;1;6;18;7;23;4259316N;07036910W;0.0
28;1;6;18;7;23;4259316N;07036910W;0.0
28;1;6;18;7;39;4259313N;07036900W;0.0
28;1;6;18;7;39;4259313N;07036900W;0.0
28;1;6;18;7;54;4259317N;07036905W;0.3
28;1;6;18;7;54;4259317N;07036905W;0.3
28;1;6;18;8;9;4259316N;07036902W;0.7
28;1;6;18;8;24;4259317N;07036905W;0.6
28;1;6;18;8;40;4259298N;07036889W;0.3
28;1;6;18;8;55;4259186N;07036842W;4.5
28;1;6;18;9;10;4259300N;07036922W;1.0
28;1;6;18;9;25;4259301N;07036924W;0.5
28;1;6;18;9;40;4259276N;07036872W;0.2
28;1;6;18;9;55;4259307N;07036920W;0.3
28;1;6;18;10;11;4259319N;07036907W;0.4
28;1;6;18;10;26;4259329N;07036897W;0.7
28;1;6;18;10;41;4259320N;07036906W;0.7
28;1;6;18;10;56;4259328N;07036902W;0.5
28;1;6;18;11;11;4259313N;07036902W;0.8
28;1;6;18;11;26;4259295N;07036912W;0.2
28;1;6;18;11;41;4259307N;07036909W;0.4
28;1;6;18;11;57;4259299N;07036895W;0.5
28;1;6;18;12;12;4259295N;07036896W;0.7
28;1;6;18;12;27;4259309N;07036925W;1.2
28;1;6;18;12;42;4259310N;07036936W;0.5
28;1;6;18;12;57;4259310N;07036925W;0.1
28;1;6;18;13;12;4259312N;07036921W;0.1
28;1;6;18;13;28;4259308N;07036915W;0.3
28;1;6;18;13;43;4259324N;07036912W;0.5
28;1;6;18;13;43;4259324N;07036912W;0.5
28;1;6;18;13;43;4259324N;07036912W;0.5
28;1;6;18;13;43;4259324N;07036912W;0.5
28;1;6;18;13;58;4259306N;07036901W;0.0
28;1;6;18;14;13;4259293N;07036864W;0.2
28;1;6;18;14;13;4259293N;07036864W;0.2
28;1;6;18;14;28;4259316N;07036885W;0.6
28;1;6;18;14;28;4259316N;07036885W;0.6
28;1;6;18;14;44;4259301N;07036889W;0.7
28;1;6;18;14;59;4259308N;07036897W;0.1
28;1;6;18;15;14;4259318N;07036904W;0.2
28;1;6;18;15;29;4259315N;07036904W;0.1
28;1;6;18;15;44;4259309N;07036871W;0.3
28;1;6;18;15;59;4259185N;07036758W;0.1
28;1;6;18;16;15;4259267N;07036945W;0.3
28;1;6;18;16;30;4259353N;07036918W;0.1
28;1;6;18;16;46;4259312N;07036910W;0.5
28;1;6;18;16;46;4259312N;07036910W;0.5
28;1;6;18;16;46;4259312N;07036910W;0.5
28;1;6;18;17;1;4259319N;07036933W;0.7
28;1;6;18;17;16;4259322N;07036935W;0.9
