26;16;6;18;18;26;4259309N;07036942W;0.0
26;16;6;18;19;27;4259306N;07036949W;0.2
26;16;6;18;20;27;4259315N;07036963W;0.9
26;16;6;18;21;28;4259305N;07036943W;0.3
26;16;6;18;22;29;4259308N;07036943W;0.2
26;16;6;18;23;30;4259309N;07036938W;0.0
26;17;6;18;0;30;4259306N;07036939W;0.6
26;17;6;18;1;31;4259302N;07037007W;0.3
26;17;6;18;2;31;4259305N;07036936W;0.3
26;17;6;18;2;31;4259305N;07036936W;0.3
26;17;6;18;2;31;4259305N;07036936W;0.3
26;17;6;18;2;31;4259305N;07036936W;0.3
26;17;6;18;2;31;4259305N;07036936W;0.3
26;17;6;18;2;31;4259305N;07036936W;0.3
26;17;6;18;2;31;4259305N;07036936W;0.3
26;17;6;18;14;3;4259310N;07036943W;0.0
26;17;6;18;15;3;4259311N;07036942W;0.6
26;17;6;18;16;4;4259308N;07036940W;0.2
26;17;6;18;17;4;4259330N;07036983W;0.1
26;17;6;18;18;5;4259309N;07036943W;0.3
26;17;6;18;19;5;4259301N;07036938W;1.4
26;18;6;18;21;19;4259310N;07036942W;0.2
26;18;6;18;22;19;4259315N;07036943W;0.5
26;18;6;18;23;20;4259323N;07036952W;1.9
26;18;6;18;23;20;4259323N;07036952W;1.9
26;19;6;18;0;21;4259321N;07036932W;0.1
26;19;6;18;0;21;4259321N;07036932W;0.1
26;19;6;18;0;21;4259321N;07036932W;0.1
26;19;6;18;0;21;4259321N;07036932W;0.1
26;19;6;18;21;51;4259304N;07036948W;1.1
26;19;6;18;22;52;4259310N;07036944W;0.1
26;19;6;18;23;52;4259308N;07036944W;0.5
26;19;6;18;23;52;4259308N;07036944W;0.5
26;20;6;18;18;21;4309703N;07002131W;14.
26;20;6;18;18;54;4306437N;07004678W;16.
26;20;6;18;19;9;4306460N;06958459W;32.
26;20;6;18;19;24;4311084N;06948830W;42.
26;20;6;18;19;39;4313919N;06947577W;11.
26;20;6;18;19;54;4315485N;06949127W;0.8
26;20;6;18;20;10;4315969N;06956897W;24.
26;20;6;18;20;25;4314078N;07004433W;24.
26;20;6;18;20;40;4312319N;07012610W;26.
26;20;6;18;20;55;4310432N;07019430W;23.
26;20;6;18;21;10;4306848N;07025629W;23.
26;20;6;18;21;25;4302997N;07032075W;33.
26;20;6;18;21;40;4259313N;07036966W;0.7
26;20;6;18;21;55;4259315N;07036954W;0.4
26;20;6;18;22;11;4259315N;07036958W;0.1
26;20;6;18;22;26;4259310N;07036953W;0.2
26;20;6;18;22;41;4259313N;07036949W;0.5
26;20;6;18;22;57;4259306N;07036941W;0.0
26;20;6;18;23;12;4259311N;07036944W;0.4
26;20;6;18;23;27;4259305N;07036940W;0.6
26;20;6;18;23;42;4259311N;07036942W;0.1
26;20;6;18;23;58;4259306N;07036940W;0.5
26;20;6;18;23;58;4259306N;07036940W;0.5
26;21;6;18;0;13;4259309N;07036942W;0.2
26;21;6;18;0;29;4259312N;07036946W;0.1
26;21;6;18;0;44;4259305N;07036935W;0.5
26;21;6;18;0;59;4259307N;07036938W;0.0
26;21;6;18;1;14;4259310N;07036942W;0.1
26;21;6;18;1;30;4259312N;07036943W;0.3
26;21;6;18;1;45;4259307N;07036952W;0.2
26;21;6;18;2;46;4259306N;07036938W;0.0
26;21;6;18;3;47;4259306N;07036938W;0.5
26;21;6;18;3;47;4259306N;07036938W;0.5
26;21;6;18;3;47;4259306N;07036938W;0.5
26;21;6;18;3;47;4259306N;07036938W;0.5
26;21;6;18;3;47;4259306N;07036938W;0.5
26;21;6;18;4;47;4259310N;07036943W;0.2
26;21;6;18;4;47;4259310N;07036943W;0.2
26;21;6;18;4;47;4259310N;07036943W;0.2
26;21;6;18;5;48;4259307N;07036938W;0.0
26;21;6;18;6;49;4259303N;07036942W;0.7
26;21;6;18;7;49;4259314N;07036941W;0.0
26;21;6;18;7;49;4259314N;07036941W;0.0
26;21;6;18;8;50;4259310N;07036939W;0.8
26;21;6;18;9;50;4259295N;07036943W;0.2
26;21;6;18;10;50;4259303N;07036937W;0.2
26;21;6;18;11;51;4259321N;07036920W;0.5
26;21;6;18;12;52;4259740N;07024963W;13.
26;21;6;18;13;52;4259306N;07036944W;0.4
26;21;6;18;13;52;4259306N;07036944W;0.4
26;21;6;18;13;52;4259306N;07036944W;0.4
26;21;6;18;14;52;4259303N;07036931W;0.6
26;21;6;18;15;52;4254407N;07026136W;24.
26;21;6;18;16;8;4252585N;07020142W;27.
26;21;6;18;16;23;4251072N;07012778W;21.
26;21;6;18;16;38;4252834N;07006896W;20.
26;21;6;18;16;38;4252834N;07006896W;20.
26;21;6;18;16;53;4256330N;07003368W;28.
26;21;6;18;17;8;4300917N;07001822W;22.
26;21;6;18;17;23;4305692N;07003064W;21.
26;21;6;18;17;38;4308945N;06958551W;20.
26;21;6;18;17;53;4309796N;06959479W;1.1
26;21;6;18;18;8;4310041N;06959289W;0.0
26;21;6;18;18;23;4310149N;06956146W;19.
26;21;6;18;18;38;4309528N;06949302W;23.
26;21;6;18;18;53;4311383N;06941944W;22.
26;21;6;18;19;8;4312025N;06938858W;0.8
26;21;6;18;19;24;4308969N;06936647W;14.
26;21;6;18;19;39;4308813N;06934906W;2.2
26;21;6;18;19;54;4308758N;06934907W;20.
26;21;6;18;20;9;4308453N;06945662W;38.
26;21;6;18;20;24;4310057N;06958200W;37.
26;21;6;18;20;39;4311140N;07009523W;36.
26;21;6;18;20;54;4311755N;07021024W;31.
26;21;6;18;21;9;4308365N;07028080W;26.
26;21;6;18;21;24;4303673N;07034218W;33.
26;21;6;18;21;40;4259311N;07036942W;0.4
26;21;6;18;21;55;4259310N;07036956W;0.3
26;21;6;18;21;55;4259310N;07036956W;0.3
26;21;6;18;21;55;4259310N;07036956W;0.3
26;21;6;18;22;10;4259306N;07036957W;0.4
26;21;6;18;22;25;4259300N;07036936W;0.5
26;21;6;18;22;40;4259308N;07036935W;0.5
26;21;6;18;22;56;4259299N;07036941W;0.2
26;21;6;18;23;11;4259311N;07036946W;0.2
26;21;6;18;23;26;4259309N;07036949W;0.1
26;21;6;18;23;41;4259317N;07036915W;0.4
26;21;6;18;23;57;4259333N;07036915W;0.8
26;22;6;18;0;12;4259308N;07036931W;0.8
26;22;6;18;0;27;4259290N;07036964W;0.3
26;22;6;18;0;42;4259291N;07036950W;0.1
26;22;6;18;0;57;4259283N;07036948W;0.4
26;22;6;18;1;12;4259302N;07036951W;1.4
26;22;6;18;1;28;4259306N;07036953W;1.0
26;22;6;18;1;43;4259306N;07036953W;0.2
26;22;6;18;1;58;4259301N;07036944W;0.0
26;22;6;18;2;13;4259297N;07036943W;0.2
26;22;6;18;2;28;4259301N;07036945W;0.3
26;22;6;18;2;43;4259305N;07036951W;0.1
26;22;6;18;2;59;4259316N;07036937W;0.4
26;22;6;18;2;59;4259316N;07036937W;0.4
26;22;6;18;3;14;4259332N;07036895W;1.8
26;22;6;18;3;29;4259320N;07036916W;1.0
26;22;6;18;3;44;4259309N;07036932W;0.3
26;22;6;18;3;44;4259309N;07036932W;0.3
26;22;6;18;3;59;4259299N;07036931W;0.3
26;22;6;18;3;59;4259299N;07036931W;0.3
26;22;6;18;3;59;4259299N;07036931W;0.3
26;22;6;18;4;14;4259379N;07037002W;1.3
26;22;6;18;4;14;4259379N;07037002W;1.3
26;22;6;18;4;29;4259642N;07037252W;2.1
26;22;6;18;4;29;4259642N;07037252W;2.1
26;22;6;18;4;45;4259308N;07036938W;0.1
26;22;6;18;5;0;4259304N;07036938W;0.5
26;22;6;18;5;15;4259308N;07036939W;0.2
26;22;6;18;5;30;4259310N;07036939W;0.2
26;22;6;18;5;46;4259311N;07036941W;0.2
26;22;6;18;6;1;4259299N;07036928W;4.8
26;22;6;18;6;16;4259305N;07036937W;0.4
26;22;6;18;6;16;4259305N;07036937W;0.4
26;22;6;18;6;16;4259305N;07036937W;0.4
26;22;6;18;6;32;4259312N;07036935W;0.3
26;22;6;18;6;32;4259312N;07036935W;0.3
26;22;6;18;6;32;4259312N;07036935W;0.3
26;22;6;18;6;32;4259312N;07036935W;0.3
26;22;6;18;6;32;4259312N;07036935W;0.3
26;22;6;18;6;32;4259312N;07036935W;0.3
26;22;6;18;6;32;4259312N;07036935W;0.3
26;22;6;18;6;32;4259312N;07036935W;0.3
26;22;6;18;6;32;4259312N;07036935W;0.3
26;22;6;18;6;32;4259312N;07036935W;0.3
26;22;6;18;6;32;4259312N;07036935W;0.3
26;22;6;18;6;47;4259301N;07036940W;0.5
26;22;6;18;7;2;4259323N;07036967W;0.3
26;22;6;18;7;18;4259311N;07036930W;0.0
26;22;6;18;7;33;4259305N;07036937W;0.1
26;22;6;18;7;49;4259305N;07036939W;0.1
26;22;6;18;8;4;4259311N;07036941W;0.4
26;22;6;18;8;19;4259141N;07034528W;21.
26;22;6;18;8;34;4259201N;07029071W;14.
26;22;6;18;8;49;4300321N;07024546W;15.
26;22;6;18;9;4;4300735N;07019410W;19.
26;22;6;18;9;19;4301530N;07020250W;29.
26;22;6;18;9;34;4259015N;07031939W;35.
26;22;6;18;9;49;4259308N;07036938W;0.5
26;22;6;18;10;4;4259290N;07036935W;0.0
26;22;6;18;10;19;4259310N;07036936W;0.2
26;22;6;18;10;35;4259311N;07036937W;0.5
26;22;6;18;10;50;4259297N;07036920W;0.3
26;22;6;18;11;5;4259293N;07036915W;0.1
26;22;6;18;11;21;4259315N;07036942W;0.0
26;22;6;18;11;36;4259315N;07036930W;0.2
26;22;6;18;11;51;4259312N;07036929W;0.1
26;22;6;18;12;6;4259272N;07036939W;0.2
26;22;6;18;12;22;4259309N;07036939W;0.4
26;22;6;18;12;37;4259312N;07036939W;0.2
26;22;6;18;12;53;4259311N;07036942W;0.4
26;22;6;18;12;53;4259311N;07036942W;0.4
26;22;6;18;12;53;4259311N;07036942W;0.4
26;22;6;18;13;8;4259308N;07036941W;0.4
26;22;6;18;13;23;4259312N;07036946W;0.3
26;22;6;18;13;38;4259303N;07036931W;2.0
26;22;6;18;13;53;4258980N;07036151W;22.
26;22;6;18;13;53;4258980N;07036151W;22.
26;22;6;18;13;53;4258980N;07036151W;22.
26;22;6;18;13;53;4258980N;07036151W;22.
26;22;6;18;14;8;4258006N;07029448W;21.
26;22;6;18;14;23;4258236N;07022638W;21.
26;22;6;18;14;38;4259584N;07015691W;23.
26;22;6;18;14;53;4301130N;07008102W;23.
26;22;6;18;15;8;4305366N;07003411W;25.
26;22;6;18;15;23;4310265N;06959574W;24.
26;22;6;18;15;38;4312471N;06956197W;1.6
26;22;6;18;15;54;4312173N;06950369W;21.
26;22;6;18;15;54;4312173N;06950369W;21.
26;22;6;18;16;9;4312147N;06948932W;0.7
26;22;6;18;16;24;4312057N;06943046W;22.
26;22;6;18;16;39;4312810N;06941753W;1.6
26;22;6;18;16;54;4312052N;06940397W;1.2
26;22;6;18;17;9;4312761N;06941533W;0.1
26;22;6;18;17;24;4312802N;06941537W;1.0
26;22;6;18;17;39;4311832N;06942034W;0.5
26;22;6;18;17;54;4311587N;06939088W;0.5
26;22;6;18;17;54;4311587N;06939088W;0.5
26;22;6;18;18;9;4312574N;06945922W;31.
26;22;6;18;18;24;4312270N;06955492W;27.
26;22;6;18;18;39;4310440N;07002785W;21.
26;22;6;18;18;54;4308156N;07010099W;26.
26;22;6;18;19;10;4306160N;07018675W;26.
26;22;6;18;19;25;4304524N;07025056W;1.3
26;22;6;18;19;40;4303978N;07032624W;26.
26;22;6;18;19;55;4259326N;07036942W;0.4
26;22;6;18;20;10;4259328N;07036948W;3.7
26;22;6;18;20;26;4259313N;07036940W;0.6
26;22;6;18;20;41;4259308N;07036955W;0.0
26;22;6;18;20;57;4259300N;07036951W;3.1
26;22;6;18;21;12;4259313N;07036962W;0.5
26;22;6;18;21;27;4259293N;07036966W;0.3
26;22;6;18;21;42;4259290N;07036972W;0.4
26;22;6;18;21;57;4259313N;07036977W;0.5
26;22;6;18;22;12;4259348N;07037022W;0.6
26;22;6;18;22;28;4259321N;07036980W;0.3
26;22;6;18;22;43;4259299N;07036940W;0.1
26;22;6;18;22;58;4259302N;07036873W;0.4
26;22;6;18;23;13;4259325N;07036958W;0.3
26;22;6;18;23;28;4259331N;07036932W;0.2
26;22;6;18;23;44;4259329N;07036903W;0.5
26;22;6;18;23;59;4259307N;07036948W;0.2
26;23;6;18;0;14;4259300N;07036957W;0.8
26;23;6;18;0;14;4259300N;07036957W;0.8
26;23;6;18;0;29;4259355N;07036891W;0.8
26;23;6;18;0;45;4259300N;07036942W;0.1
26;23;6;18;1;0;4259277N;07036947W;0.2
26;23;6;18;1;15;4259253N;07036943W;3.8
26;23;6;18;1;30;4259246N;07036929W;0.3
