29;15;6;18;19;58;4259333N;07036904W;0.2
29;15;6;18;20;13;4259328N;07036911W;0.5
29;15;6;18;20;29;4259354N;07036916W;0.4
29;15;6;18;20;44;4259324N;07036933W;0.3
29;15;6;18;20;59;4259436N;07037049W;0.5
29;15;6;18;21;14;4259323N;07036929W;0.2
29;15;6;18;21;30;4259333N;07036932W;0.3
29;15;6;18;21;45;4259336N;07036928W;0.2
29;15;6;18;22;0;4259337N;07036921W;0.2
29;15;6;18;22;15;4259334N;07036921W;0.6
29;15;6;18;22;30;4259334N;07036917W;0.1
29;15;6;18;22;45;4259318N;07036918W;0.4
29;15;6;18;23;1;4259329N;07036914W;0.5
29;15;6;18;23;16;4259318N;07036912W;0.4
29;15;6;18;23;31;4259334N;07036920W;0.9
29;15;6;18;23;46;4259344N;07036924W;0.3
29;16;6;18;0;1;4259344N;07036924W;0.5
29;16;6;18;0;16;4259348N;07036934W;1.1
29;16;6;18;0;32;4259342N;07036930W;0.1
29;16;6;18;0;47;4259331N;07036929W;0.0
29;16;6;18;1;2;4259343N;07036930W;0.4
29;16;6;18;1;17;4259297N;07036943W;0.1
29;16;6;18;1;32;4259310N;07036927W;0.2
29;16;6;18;1;48;4259316N;07036925W;0.3
29;16;6;18;2;3;4259318N;07036923W;1.7
29;16;6;18;2;18;4259315N;07036913W;0.4
29;16;6;18;2;33;4259318N;07036912W;0.4
29;16;6;18;2;48;4259340N;07036930W;0.1
29;16;6;18;3;3;4259352N;07036941W;0.0
29;16;6;18;3;19;4259364N;07036952W;0.2
29;16;6;18;3;34;4259414N;07036923W;0.1
29;16;6;18;3;49;4259362N;07036953W;0.5
29;16;6;18;4;4;4259333N;07036927W;0.5
29;16;6;18;4;19;4259336N;07036923W;0.4
29;16;6;18;4;34;4259330N;07036930W;0.4
29;16;6;18;4;50;4259327N;07036934W;0.3
29;16;6;18;5;5;4259327N;07036935W;1.0
29;16;6;18;5;20;4259328N;07036935W;0.6
29;16;6;18;5;35;4259322N;07036985W;0.6
29;16;6;18;5;50;4259335N;07036952W;0.3
29;16;6;18;6;5;4259319N;07036922W;0.2
29;16;6;18;6;21;4259330N;07036913W;0.7
29;16;6;18;6;36;4259328N;07036910W;0.9
29;16;6;18;6;51;4259338N;07036908W;0.4
29;16;6;18;7;6;4259352N;07036906W;0.8
29;16;6;18;7;21;4259338N;07036915W;0.1
29;16;6;18;7;36;4259339N;07036934W;0.4
29;16;6;18;7;51;4259339N;07036936W;0.2
29;16;6;18;8;7;4259308N;07036958W;0.1
29;16;6;18;8;22;4259327N;07036936W;0.2
29;16;6;18;8;37;4259323N;07036949W;0.4
29;16;6;18;8;52;4259305N;07036941W;0.9
29;16;6;18;9;7;4259353N;07036906W;0.6
29;16;6;18;9;23;4259366N;07036907W;0.8
29;16;6;18;9;38;4259354N;07036917W;1.2
29;16;6;18;9;53;4259347N;07036939W;0.4
29;16;6;18;10;8;4259348N;07036918W;0.5
29;16;6;18;10;23;4259307N;07036913W;0.5
29;16;6;18;10;38;4259309N;07036912W;0.1
29;16;6;18;10;53;4259277N;07036892W;0.2
29;16;6;18;11;9;4259192N;07036704W;0.1
29;16;6;18;11;24;4259320N;07036913W;0.0
29;16;6;18;11;39;4259354N;07036941W;0.1
29;16;6;18;11;54;4259380N;07036998W;0.5
29;16;6;18;12;10;4259353N;07036899W;0.7
29;16;6;18;12;25;4259359N;07036983W;0.1
29;16;6;18;12;40;4259369N;07037002W;0.4
29;16;6;18;12;55;4259364N;07036889W;0.0
29;16;6;18;13;10;4259352N;07036908W;0.2
29;16;6;18;13;26;4259331N;07036915W;1.1
29;16;6;18;13;41;4259327N;07036909W;0.3
29;16;6;18;13;56;4259336N;07036911W;0.3
29;16;6;18;14;11;4259321N;07036909W;1.1
29;16;6;18;14;26;4259308N;07036895W;0.3
29;16;6;18;14;41;4259308N;07036896W;0.9
29;16;6;18;14;57;4259304N;07036893W;0.1
29;16;6;18;15;12;4259337N;07036922W;0.0
29;16;6;18;15;12;4259337N;07036922W;0.0
29;16;6;18;15;12;4259337N;07036922W;0.0
29;16;6;18;15;28;4259342N;07036923W;0.6
29;16;6;18;15;43;4255786N;07030617W;27.
29;16;6;18;15;58;4254072N;07023393W;14.
29;16;6;18;16;13;4254166N;07025284W;2.2
29;16;6;18;16;28;4258438N;07031676W;28.
29;16;6;18;16;43;4259334N;07036925W;0.1
29;16;6;18;16;58;4259338N;07036938W;0.4
29;16;6;18;17;14;4259331N;07036930W;0.3
29;16;6;18;17;29;4259336N;07036934W;0.5
29;16;6;18;17;44;4259306N;07036943W;1.3
29;16;6;18;17;59;4259192N;07036915W;0.8
29;16;6;18;18;14;4259344N;07036928W;0.3
29;16;6;18;18;29;4259346N;07036925W;0.8
29;16;6;18;18;45;4258958N;07036680W;1.0
29;16;6;18;19;0;4259445N;07036848W;0.5
29;16;6;18;19;15;4259462N;07036905W;2.8
29;16;6;18;19;30;4259447N;07036879W;1.3
29;16;6;18;19;46;4259344N;07036924W;0.3
29;16;6;18;20;1;4259337N;07036924W;3.6
29;16;6;18;20;16;4259353N;07036921W;0.2
29;16;6;18;20;31;4259332N;07036922W;0.1
29;16;6;18;20;47;4259336N;07036919W;0.8
29;16;6;18;21;2;4259346N;07036906W;0.9
29;16;6;18;21;17;4259334N;07036928W;1.2
29;16;6;18;21;17;4259334N;07036928W;1.2
29;16;6;18;21;32;4259341N;07036917W;1.4
29;16;6;18;21;48;4259337N;07036920W;0.0
29;16;6;18;22;3;4259333N;07036920W;0.0
29;16;6;18;22;18;4259335N;07036919W;0.1
29;16;6;18;22;34;4259333N;07036926W;0.9
29;16;6;18;22;49;4259336N;07036923W;0.3
29;16;6;18;23;4;4259335N;07036934W;0.6
29;16;6;18;23;19;4259335N;07036926W;0.3
29;16;6;18;23;35;4259335N;07036918W;1.1
29;16;6;18;23;50;4259328N;07036931W;0.4
29;17;6;18;0;5;4259335N;07036924W;0.3
29;17;6;18;0;20;4259336N;07036922W;1.2
29;17;6;18;0;36;4259338N;07036926W;1.2
29;17;6;18;0;52;4259339N;07036923W;0.5
29;17;6;18;1;7;4259344N;07036923W;2.6
29;17;6;18;1;22;4259338N;07036926W;0.5
29;17;6;18;1;37;4259342N;07036925W;0.0
29;17;6;18;1;52;4259348N;07036927W;2.5
29;17;6;18;2;7;4259357N;07036937W;1.8
29;17;6;18;2;23;4259328N;07036919W;1.7
29;17;6;18;2;23;4259328N;07036919W;1.7
29;17;6;18;2;38;4259329N;07036918W;0.2
29;17;6;18;2;53;4259351N;07036930W;0.0
29;17;6;18;3;8;4259340N;07036924W;0.2
29;17;6;18;3;24;4259294N;07036931W;0.6
29;17;6;18;3;39;4259346N;07036903W;0.3
29;17;6;18;3;54;4259341N;07036923W;0.1
29;17;6;18;4;10;4259343N;07036923W;0.1
29;17;6;18;4;25;4259343N;07036921W;0.2
29;17;6;18;4;25;4259343N;07036921W;0.2
29;17;6;18;4;25;4259343N;07036921W;0.2
29;17;6;18;4;25;4259343N;07036921W;0.2
29;17;6;18;4;41;4259341N;07036921W;0.1
29;17;6;18;4;56;4259339N;07036920W;0.1
29;17;6;18;5;11;4259340N;07036924W;0.5
29;17;6;18;5;27;4259338N;07036923W;0.2
29;17;6;18;5;42;4259338N;07036922W;0.3
29;17;6;18;5;57;4259332N;07036922W;0.3
29;17;6;18;6;12;4259341N;07036922W;0.5
29;17;6;18;6;27;4259340N;07036928W;0.2
29;17;6;18;6;43;4259341N;07036906W;0.4
29;17;6;18;6;58;4259338N;07036920W;17.
29;17;6;18;7;13;4259336N;07036925W;0.8
29;17;6;18;7;28;4259341N;07036918W;0.2
29;17;6;18;7;44;4259346N;07036932W;1.0
29;17;6;18;7;59;4259340N;07036927W;0.0
29;17;6;18;8;14;4259342N;07036928W;1.1
29;17;6;18;8;29;4259082N;07036805W;17.
29;17;6;18;8;45;4259336N;07036920W;0.4
29;17;6;18;9;0;4259339N;07036919W;0.0
29;17;6;18;9;15;4259344N;07036920W;0.7
29;17;6;18;9;31;4259340N;07036924W;1.1
29;17;6;18;9;46;4259342N;07036918W;0.1
29;17;6;18;10;1;4259341N;07036935W;0.4
29;17;6;18;10;16;4259345N;07036919W;0.5
29;17;6;18;10;31;4259340N;07036926W;0.5
29;17;6;18;10;47;4259335N;07036927W;0.0
29;17;6;18;11;2;4259339N;07036918W;0.5
29;17;6;18;11;17;4259331N;07036918W;1.1
29;17;6;18;11;33;4259342N;07036932W;0.2
29;17;6;18;11;48;4259341N;07036927W;0.7
29;17;6;18;12;3;4259344N;07036940W;0.0
29;17;6;18;12;19;4259326N;07036925W;0.3
29;17;6;18;12;34;4259329N;07036915W;0.6
29;17;6;18;12;49;4259328N;07036921W;0.0
29;17;6;18;13;4;4259336N;07036925W;0.2
29;17;6;18;13;19;4259335N;07036921W;0.6
29;17;6;18;13;34;4259336N;07036925W;0.4
29;17;6;18;13;50;4259316N;07036918W;1.1
29;17;6;18;14;5;4259329N;07036916W;0.3
29;17;6;18;14;20;4259334N;07036920W;0.2
29;17;6;18;14;36;4259340N;07036924W;0.3
29;17;6;18;14;51;4259332N;07036922W;0.9
29;17;6;18;15;7;4259338N;07036919W;1.5
29;17;6;18;15;22;4258590N;07035657W;18.
29;17;6;18;15;37;4256118N;07030419W;17.
29;17;6;18;15;52;4254509N;07025235W;16.
29;17;6;18;16;7;4252425N;07019361W;26.
29;17;6;18;16;22;4251757N;07014202W;7.9
29;17;6;18;16;22;4251757N;07014202W;7.9
29;17;6;18;16;37;4253321N;07009705W;13.
29;17;6;18;16;52;4257816N;07011197W;19.
29;17;6;18;17;7;4259086N;07014191W;2.6
29;17;6;18;17;22;4259972N;07021484W;33.
29;17;6;18;17;22;4259972N;07021484W;33.
29;17;6;18;17;22;4259972N;07021484W;33.
29;17;6;18;17;22;4259972N;07021484W;33.
29;17;6;18;17;22;4259972N;07021484W;33.
29;17;6;18;17;22;4259972N;07021484W;33.
29;17;6;18;17;37;4259686N;07033168W;32.
29;17;6;18;17;37;4259686N;07033168W;32.
29;17;6;18;17;37;4259686N;07033168W;32.
29;17;6;18;17;37;4259686N;07033168W;32.
29;17;6;18;17;53;4259340N;07036924W;0.1
29;17;6;18;18;8;4259330N;07036910W;1.8
29;17;6;18;18;24;4259339N;07036926W;0.3
29;17;6;18;18;39;4259320N;07036909W;1.6
29;17;6;18;18;54;4259330N;07036912W;0.7
29;17;6;18;19;10;4259041N;07036674W;0.9
29;17;6;18;19;25;4259335N;07036921W;0.1
29;17;6;18;19;40;4259341N;07036919W;0.3
29;17;6;18;19;55;4259339N;07036915W;0.4
29;17;6;18;20;10;4259339N;07036896W;0.3
29;17;6;18;20;26;4259330N;07036902W;0.2
29;17;6;18;20;41;4259354N;07036920W;0.2
29;17;6;18;20;56;4259350N;07036917W;1.1
29;17;6;18;21;11;4259346N;07036920W;0.3
29;17;6;18;21;26;4259346N;07036925W;1.3
29;17;6;18;21;42;4259336N;07036928W;0.8
29;17;6;18;21;57;4259333N;07036927W;1.1
29;17;6;18;22;12;4259336N;07036922W;0.2
29;17;6;18;22;27;4259341N;07036921W;0.2
29;17;6;18;22;42;4259334N;07036948W;0.1
29;17;6;18;22;57;4259290N;07036904W;0.9
29;17;6;18;23;12;4259279N;07036899W;0.9
29;17;6;18;23;28;4259284N;07036893W;0.6
29;17;6;18;23;43;4259316N;07036912W;0.4
29;17;6;18;23;58;4259261N;07036996W;0.4
29;18;6;18;0;13;4259348N;07036949W;0.2
29;18;6;18;0;28;4259274N;07036931W;0.2
29;18;6;18;0;44;4259369N;07036911W;0.2
29;18;6;18;0;59;4259352N;07036927W;0.3
29;18;6;18;1;14;4259007N;07036903W;0.9
29;18;6;18;1;29;4259381N;07036906W;0.1
29;18;6;18;1;44;4259379N;07036893W;0.6
29;18;6;18;2;0;4259343N;07036932W;0.2
29;18;6;18;2;15;4259185N;07036758W;0.0
29;18;6;18;2;30;4259181N;07036745W;2.6
29;18;6;18;2;45;4259245N;07036798W;3.1
29;18;6;18;3;1;4259278N;07036846W;0.2
29;18;6;18;3;16;4259331N;07036905W;0.1
29;18;6;18;3;31;4259336N;07036865W;0.0
29;18;6;18;3;46;4259356N;07036898W;0.4
29;18;6;18;4;1;4259313N;07036950W;0.5
29;18;6;18;4;17;4259367N;07036903W;0.2
29;18;6;18;4;32;4259364N;07036908W;0.3
29;18;6;18;4;48;4259344N;07036928W;0.1
29;18;6;18;5;3;4259346N;07036928W;0.8
29;18;6;18;5;18;4259342N;07036928W;0.4
29;18;6;18;5;33;4259312N;07036887W;0.2
29;18;6;18;5;48;4259345N;07036930W;0.7
29;18;6;18;6;3;4259329N;07036928W;0.3
29;18;6;18;6;18;4259338N;07036923W;0.4
29;18;6;18;6;34;4259333N;07036931W;0.3
29;18;6;18;6;49;4259337N;07036928W;0.9
29;18;6;18;7;4;4259338N;07036918W;0.0
29;18;6;18;7;19;4259341N;07036920W;4.1
29;18;6;18;7;34;4259340N;07036923W;0.8
29;18;6;18;7;50;4259342N;07036935W;0.4
29;18;6;18;8;5;4259344N;07036929W;0.3
29;18;6;18;8;20;4259340N;07036928W;0.1
29;18;6;18;8;36;4259339N;07036924W;0.6
29;18;6;18;8;51;4259340N;07036927W;0.8
29;18;6;18;9;6;4259340N;07036941W;1.6
29;18;6;18;9;21;4259359N;07036941W;2.8
29;18;6;18;9;36;4259342N;07036926W;1.8
29;18;6;18;9;51;4259340N;07036926W;0.3
29;18;6;18;10;6;4259337N;07036925W;1.1
29;18;6;18;10;21;4259336N;07036922W;1.6
29;18;6;18;10;37;4259333N;07036906W;0.0
29;18;6;18;10;52;4259339N;07036922W;0.0
29;18;6;18;11;8;4259336N;07036925W;0.5
29;18;6;18;11;23;4259318N;07036911W;19.
29;18;6;18;11;38;4301277N;07039144W;23.
29;18;6;18;11;53;4303237N;07044345W;22.
29;18;6;18;12;8;4303281N;07044866W;0.9
29;18;6;18;12;23;4303284N;07044878W;0.0
29;18;6;18;12;39;4302515N;07043207W;22.
29;18;6;18;12;54;4259631N;07038052W;23.
29;18;6;18;13;9;4259339N;07036932W;0.8
29;18;6;18;13;24;4259343N;07036932W;0.4
29;18;6;18;13;39;4259343N;07036926W;0.2
29;18;6;18;13;55;4259364N;07036954W;0.1
29;18;6;18;14;11;4259341N;07036923W;0.2
29;18;6;18;14;26;4259374N;07036763W;0.7
29;18;6;18;14;41;4259338N;07036923W;0.4
29;18;6;18;14;56;4259330N;07036922W;1.1
29;18;6;18;15;11;4259318N;07036929W;1.0
29;18;6;18;15;26;4259335N;07036924W;0.3
29;18;6;18;15;42;4259329N;07036917W;0.4
29;18;6;18;15;57;4259334N;07036931W;0.2
29;18;6;18;16;12;4259338N;07036929W;1.2
29;18;6;18;16;27;4259345N;07036930W;1.4
29;18;6;18;16;43;4259337N;07036922W;0.1
29;18;6;18;16;58;4259307N;07036859W;0.9
29;18;6;18;17;14;4259339N;07036923W;0.0
29;18;6;18;17;29;4259337N;07036923W;0.6
29;18;6;18;17;44;4259102N;07036657W;0.6
29;18;6;18;17;59;4259340N;07036921W;1.3
29;18;6;18;18;14;4259336N;07036916W;0.2
29;18;6;18;18;30;4259334N;07036918W;5.2
29;18;6;18;18;45;4259331N;07036918W;1.8
29;18;6;18;19;0;4259336N;07036916W;0.7
29;18;6;18;19;16;4259325N;07036889W;0.3
29;18;6;18;19;31;4259342N;07036938W;1.5
29;18;6;18;19;46;4259366N;07036995W;0.7
29;18;6;18;20;2;4259341N;07036942W;4.1
29;18;6;18;20;17;4259333N;07036923W;0.7
29;18;6;18;20;32;4259338N;07036918W;0.2
29;18;6;18;20;47;4259361N;07036901W;0.4
29;18;6;18;21;2;4259336N;07036919W;0.4
29;18;6;18;21;18;4259320N;07036940W;0.2
29;18;6;18;21;33;4259332N;07036921W;0.4
29;18;6;18;21;48;4259337N;07036923W;2.1
29;18;6;18;22;3;4259329N;07036919W;4.0
29;18;6;18;22;18;4259330N;07036920W;0.9
29;18;6;18;22;33;4259328N;07036919W;1.0
29;18;6;18;22;49;4259333N;07036925W;0.3
29;18;6;18;23;4;4259316N;07036919W;0.1
29;18;6;18;23;19;4259336N;07036924W;0.4
29;18;6;18;23;34;4259332N;07036916W;1.6
29;18;6;18;23;49;4259343N;07036921W;0.1
29;19;6;18;0;5;4259337N;07036921W;0.1
29;19;6;18;0;20;4259333N;07036927W;0.2
29;19;6;18;0;35;4259344N;07036918W;0.7
29;19;6;18;0;50;4259339N;07036920W;0.4
29;19;6;18;1;6;4259337N;07036923W;0.6
29;19;6;18;1;21;4259343N;07036926W;0.4
29;19;6;18;1;36;4259335N;07036928W;0.6
29;19;6;18;1;51;4259339N;07036926W;0.2
29;19;6;18;2;6;4259339N;07036923W;1.2
29;19;6;18;2;22;4259331N;07036916W;0.4
29;19;6;18;2;37;4259337N;07036926W;0.6
29;19;6;18;2;52;4259337N;07036923W;0.1
29;19;6;18;3;8;4259335N;07036920W;1.3
29;19;6;18;3;24;4259338N;07036923W;3.7
29;19;6;18;3;24;4259338N;07036923W;3.7
29;19;6;18;3;39;4259339N;07036921W;0.1
29;19;6;18;3;54;4259339N;07036923W;0.5
29;19;6;18;4;9;4259335N;07036922W;0.1
29;19;6;18;4;25;4259337N;07036920W;0.4
29;19;6;18;4;40;4259338N;07036923W;1.4
29;19;6;18;4;55;4259339N;07036924W;0.9
29;19;6;18;5;10;4259336N;07036922W;0.8
29;19;6;18;5;25;4259334N;07036918W;1.0
29;19;6;18;5;41;4259337N;07036920W;0.4
29;19;6;18;5;56;4259332N;07036918W;0.3
29;19;6;18;6;11;4259341N;07036920W;0.5
29;19;6;18;6;26;4259346N;07036920W;2.4
29;19;6;18;6;42;4259350N;07036910W;0.3
29;19;6;18;6;57;4259347N;07036921W;0.4
29;19;6;18;7;12;4259356N;07036930W;0.5
29;19;6;18;7;28;4259347N;07036914W;0.4
29;19;6;18;7;43;4259336N;07036919W;0.4
29;19;6;18;7;59;4259339N;07036925W;0.1
29;19;6;18;8;14;4259341N;07036926W;0.3
29;19;6;18;8;29;4259341N;07036929W;0.4
29;19;6;18;8;44;4259347N;07036926W;0.6
29;19;6;18;8;59;4259341N;07036928W;1.1
29;19;6;18;9;15;4259341N;07036934W;0.3
29;19;6;18;9;30;4259345N;07036925W;0.4
29;19;6;18;9;45;4259336N;07036926W;1.0
29;19;6;18;10;0;4259337N;07036923W;0.2
29;19;6;18;10;15;4259338N;07036929W;0.3
29;19;6;18;10;31;4259343N;07036937W;0.1
29;19;6;18;10;47;4259336N;07036920W;0.0
29;19;6;18;11;2;4259337N;07036921W;0.4
29;19;6;18;11;17;4259338N;07036920W;1.0
29;19;6;18;11;32;4259339N;07036921W;0.2
29;19;6;18;11;47;4259333N;07036910W;0.7
29;19;6;18;11;47;4259333N;07036910W;0.7
29;19;6;18;12;2;4259334N;07036926W;4.8
29;19;6;18;12;18;4259328N;07036920W;0.1
29;19;6;18;12;33;4259329N;07036921W;1.2
29;19;6;18;12;48;4259327N;07036916W;0.6
29;19;6;18;13;3;4259341N;07036954W;0.3
29;19;6;18;13;19;4259343N;07036931W;0.1
29;19;6;18;13;34;4259340N;07036929W;1.5
29;19;6;18;13;49;4259350N;07036944W;1.2
29;19;6;18;14;5;4259339N;07036927W;3.8
29;19;6;18;14;20;4259365N;07036977W;2.9
29;19;6;18;14;36;4259335N;07036921W;0.2
29;19;6;18;14;51;4259327N;07036921W;0.5
29;19;6;18;15;6;4259320N;07036958W;14.
29;19;6;18;15;21;4259335N;07036927W;0.3
29;19;6;18;15;36;4259331N;07036921W;0.3
29;19;6;18;15;52;4259343N;07036914W;0.5
29;19;6;18;16;7;4259340N;07036917W;0.3
29;19;6;18;16;22;4259338N;07036922W;1.1
29;19;6;18;16;38;4259327N;07036916W;0.1
29;19;6;18;16;53;4259333N;07036921W;0.3
29;19;6;18;17;8;4259339N;07036932W;0.2
29;19;6;18;17;23;4259341N;07036925W;0.2
29;19;6;18;17;38;4259329N;07036906W;0.5
29;19;6;18;17;54;4259331N;07036916W;0.3
29;19;6;18;18;9;4259084N;07036731W;0.3
29;19;6;18;18;24;4259338N;07036922W;0.1
29;19;6;18;18;39;4259349N;07036913W;0.3
29;19;6;18;18;55;4259337N;07036922W;0.8
29;19;6;18;19;10;4259336N;07036922W;0.6
29;19;6;18;19;10;4259336N;07036922W;0.6
29;19;6;18;19;25;4259337N;07036929W;0.6
29;19;6;18;19;40;4259315N;07036932W;1.9
29;19;6;18;19;56;4259342N;07036928W;0.4
29;19;6;18;20;11;4259344N;07036930W;1.3
29;19;6;18;20;26;4259335N;07036921W;0.3
29;19;6;18;20;41;4259331N;07036931W;0.3
29;19;6;18;20;56;4259339N;07036918W;1.8
29;19;6;18;21;12;4259354N;07036908W;1.0
29;19;6;18;21;27;4259351N;07036920W;0.5
29;19;6;18;21;42;4259330N;07036904W;0.2
29;19;6;18;21;57;4259358N;07036934W;0.7
29;19;6;18;22;12;4259424N;07036975W;0.8
29;19;6;18;22;27;4259338N;07036921W;0.2
29;19;6;18;22;43;4259332N;07036917W;0.4
29;19;6;18;22;43;4259332N;07036917W;0.4
29;19;6;18;22;58;4259340N;07036912W;0.2
29;19;6;18;23;13;4259343N;07036908W;1.3
29;19;6;18;23;28;4259338N;07036932W;0.6
29;19;6;18;23;44;4259337N;07036929W;0.4
29;19;6;18;23;59;4259343N;07036907W;0.1
29;20;6;18;0;14;4259308N;07036936W;0.3
29;20;6;18;0;29;4259341N;07036911W;0.2
29;20;6;18;0;44;4259338N;07036920W;0.2
29;20;6;18;1;0;4259333N;07036922W;0.2
29;20;6;18;1;15;4259339N;07036924W;0.3
29;20;6;18;1;30;4259339N;07036924W;0.6
29;20;6;18;1;45;4259340N;07036916W;1.0
29;20;6;18;2;1;4259334N;07036916W;0.1
29;20;6;18;2;16;4259336N;07036917W;0.3
29;20;6;18;2;31;4259334N;07036917W;0.4
29;20;6;18;2;46;4259334N;07036919W;0.7
29;20;6;18;3;1;4259338N;07036923W;1.1
29;20;6;18;3;17;4259336N;07036924W;0.5
29;20;6;18;3;32;4259352N;07036937W;2.8
29;20;6;18;3;47;4259351N;07036944W;0.1
29;20;6;18;4;3;4259340N;07036924W;0.4
29;20;6;18;4;18;4259340N;07036923W;0.3
29;20;6;18;4;33;4259327N;07036925W;0.9
29;20;6;18;4;48;4259331N;07036920W;0.4
29;20;6;18;5;3;4259333N;07036929W;0.3
29;20;6;18;5;18;4259332N;07036929W;0.7
29;20;6;18;5;34;4259336N;07036924W;0.1
29;20;6;18;5;49;4259338N;07036927W;0.1
29;20;6;18;6;4;4259338N;07036932W;0.1
29;20;6;18;6;19;4259346N;07036914W;0.4
29;20;6;18;6;34;4259326N;07036920W;0.2
29;20;6;18;6;49;4259351N;07036918W;0.3
29;20;6;18;7;4;4259332N;07036918W;0.2
29;20;6;18;7;20;4259336N;07036928W;0.2
29;20;6;18;7;35;4259353N;07036918W;0.1
29;20;6;18;7;50;4259344N;07036924W;0.4
29;20;6;18;8;5;4259348N;07036936W;0.6
29;20;6;18;8;5;4259348N;07036936W;0.6
29;20;6;18;8;21;4259349N;07036927W;0.6
29;20;6;18;8;36;4259349N;07036921W;0.1
29;20;6;18;8;51;4259338N;07036936W;0.9
29;20;6;18;9;6;4259339N;07036915W;0.7
29;20;6;18;9;21;4259347N;07036914W;1.0
29;20;6;18;9;36;4259324N;07036935W;15.
29;20;6;18;9;52;4259333N;07036920W;0.3
29;20;6;18;10;7;4259334N;07036917W;0.2
29;20;6;18;10;23;4259331N;07036918W;0.0
29;20;6;18;10;38;4259282N;07036955W;19.
29;20;6;18;10;53;4259319N;07036907W;0.1
29;20;6;18;11;8;4259324N;07036923W;0.4
29;20;6;18;11;23;4259331N;07036917W;0.1
29;20;6;18;11;39;4259335N;07036920W;0.7
29;20;6;18;11;54;4259336N;07036940W;0.3
29;20;6;18;12;9;4259357N;07036934W;0.4
29;20;6;18;12;25;4259350N;07036934W;0.4
29;20;6;18;12;40;4259333N;07036928W;0.9
29;20;6;18;12;55;4259339N;07036934W;0.5
29;20;6;18;13;11;4259324N;07036919W;0.7
29;20;6;18;13;26;4259333N;07036920W;0.3
29;20;6;18;13;42;4259335N;07036918W;0.1
29;20;6;18;13;57;4259347N;07036910W;0.0
29;20;6;18;14;13;4259339N;07036924W;0.5
29;20;6;18;14;28;4259343N;07036928W;0.4
29;20;6;18;14;43;4259332N;07036920W;0.1
29;20;6;18;14;58;4259335N;07036919W;0.9
29;20;6;18;15;13;4259334N;07036921W;0.2
29;20;6;18;15;28;4259332N;07036921W;0.4
29;20;6;18;15;44;4259333N;07036915W;0.7
29;20;6;18;15;59;4259350N;07036923W;0.2
29;20;6;18;16;14;4259341N;07036926W;0.6
29;20;6;18;16;30;4259335N;07036923W;0.1
29;20;6;18;16;45;4259335N;07036919W;0.3
29;20;6;18;17;0;4259334N;07036919W;0.2
29;20;6;18;17;16;4259356N;07036929W;0.8
29;20;6;18;17;31;4259357N;07036931W;0.9
29;20;6;18;17;46;4259356N;07036931W;0.3
29;20;6;18;18;2;4259337N;07036916W;0.3
29;20;6;18;18;17;4259336N;07036930W;0.6
29;20;6;18;18;32;4259321N;07036935W;1.6
29;20;6;18;18;47;4259085N;07036696W;0.6
29;20;6;18;19;2;4259353N;07036930W;0.2
29;20;6;18;19;18;4259339N;07036915W;0.5
29;20;6;18;19;33;4259341N;07036922W;0.1
29;20;6;18;19;48;4259339N;07036927W;1.1
29;20;6;18;20;3;4259340N;07036922W;0.5
29;20;6;18;20;19;4259337N;07036924W;0.4
29;20;6;18;20;34;4259326N;07036926W;4.6
29;20;6;18;20;49;4259348N;07036895W;0.2
29;20;6;18;21;4;4259333N;07036928W;4.9
29;20;6;18;21;19;4259326N;07036920W;1.4
29;20;6;18;21;34;4259332N;07036928W;0.5
29;20;6;18;21;50;4259337N;07036914W;0.4
29;20;6;18;22;5;4259335N;07036924W;0.2
29;20;6;18;22;20;4259334N;07036927W;0.2
29;20;6;18;22;35;4259334N;07036929W;0.5
29;20;6;18;22;50;4259342N;07036937W;0.8
29;20;6;18;23;6;4259340N;07036923W;0.2
29;20;6;18;23;21;4259332N;07036932W;0.7
29;20;6;18;23;36;4259339N;07036929W;0.4
29;20;6;18;23;51;4259341N;07036921W;0.3
29;21;6;18;0;7;4259344N;07036908W;0.1
29;21;6;18;0;22;4259335N;07036929W;0.2
29;21;6;18;0;22;4259335N;07036929W;0.2
29;21;6;18;0;37;4259308N;07036959W;0.8
29;21;6;18;0;52;4259273N;07036946W;1.0
29;21;6;18;1;7;4259327N;07036929W;0.3
29;21;6;18;1;22;4259328N;07036915W;0.1
29;21;6;18;1;38;4259329N;07036917W;0.1
29;21;6;18;1;38;4259329N;07036917W;0.1
29;21;6;18;1;53;4259339N;07036920W;0.6
29;21;6;18;2;8;4259333N;07036916W;0.5
29;21;6;18;2;23;4259328N;07036911W;0.4
29;21;6;18;2;39;4259318N;07036911W;0.7
29;21;6;18;2;39;4259318N;07036911W;0.7
29;21;6;18;2;54;4259340N;07036919W;1.5
29;21;6;18;3;9;4259352N;07036909W;0.5
29;21;6;18;3;9;4259352N;07036909W;0.5
29;21;6;18;3;24;4259361N;07036895W;0.3
29;21;6;18;3;39;4259347N;07036908W;0.1
29;21;6;18;3;39;4259347N;07036908W;0.1
29;21;6;18;3;54;4259342N;07036924W;0.3
29;21;6;18;3;54;4259342N;07036924W;0.3
29;21;6;18;3;54;4259342N;07036924W;0.3
29;21;6;18;4;9;4259335N;07036931W;1.3
29;21;6;18;4;25;4259332N;07036936W;0.4
29;21;6;18;4;40;4259335N;07036937W;0.4
29;21;6;18;4;55;4259326N;07036931W;0.3
29;21;6;18;5;10;4259325N;07036930W;0.5
29;21;6;18;5;25;4259322N;07036923W;0.6
29;21;6;18;5;40;4259322N;07036926W;0.1
29;21;6;18;5;56;4259333N;07036924W;0.2
29;21;6;18;6;11;4259333N;07036856W;0.2
29;21;6;18;6;26;4259335N;07036920W;0.6
29;21;6;18;6;26;4259335N;07036920W;0.6
29;21;6;18;6;42;4259327N;07036919W;0.0
29;21;6;18;6;57;4259322N;07036916W;0.2
29;21;6;18;7;12;4259324N;07036914W;0.2
29;21;6;18;7;27;4259323N;07036917W;0.5
29;21;6;18;7;42;4259338N;07036923W;1.0
29;21;6;18;7;58;4259292N;07036874W;0.8
29;21;6;18;8;13;4259340N;07036956W;0.4
29;21;6;18;8;28;4259345N;07036958W;0.4
29;21;6;18;8;43;4259343N;07036929W;0.5
29;21;6;18;8;58;4259339N;07036918W;0.5
29;21;6;18;9;13;4259341N;07036917W;0.5
29;21;6;18;9;29;4259303N;07036931W;0.3
29;21;6;18;9;44;4259332N;07036920W;0.6
29;21;6;18;9;59;4259294N;07036935W;0.5
29;21;6;18;10;14;4259306N;07036917W;0.1
29;21;6;18;10;29;4259338N;07036918W;0.5
29;21;6;18;10;45;4259347N;07036925W;0.4
29;21;6;18;11;0;4259348N;07036930W;0.2
29;21;6;18;11;15;4259304N;07036901W;0.6
29;21;6;18;11;30;4259325N;07036992W;0.4
29;21;6;18;11;30;4259325N;07036992W;0.4
29;21;6;18;11;30;4259325N;07036992W;0.4
29;21;6;18;11;45;4259344N;07036930W;0.2
29;21;6;18;12;1;4259383N;07036950W;0.3
29;21;6;18;12;17;4259372N;07036945W;0.8
29;21;6;18;12;32;4259330N;07036925W;0.4
29;21;6;18;12;47;4259349N;07036932W;0.1
29;21;6;18;13;2;4259358N;07036929W;0.5
29;21;6;18;13;17;4259345N;07036925W;1.1
29;21;6;18;13;33;4259335N;07036922W;0.4
29;21;6;18;13;48;4259341N;07036911W;0.3
29;21;6;18;14;3;4259326N;07036912W;0.4
29;21;6;18;14;18;4259333N;07036967W;1.2
29;21;6;18;14;33;4259353N;07036967W;0.6
29;21;6;18;14;49;4259298N;07036898W;0.8
29;21;6;18;15;5;4259335N;07036926W;0.4
29;21;6;18;15;20;4259468N;07036904W;0.9
29;21;6;18;15;35;4259323N;07036904W;0.3
29;21;6;18;15;50;4259300N;07036896W;1.8
29;21;6;18;16;5;4259239N;07036947W;0.4
29;21;6;18;16;20;4259296N;07036939W;0.5
29;21;6;18;16;36;4259315N;07036912W;0.1
29;21;6;18;16;51;4259317N;07036909W;0.3
29;21;6;18;17;6;4259330N;07036928W;0.4
29;21;6;18;17;21;4259266N;07036916W;0.3
29;21;6;18;17;36;4259301N;07036871W;0.6
29;21;6;18;17;52;4259335N;07036925W;1.5
29;21;6;18;18;7;4259375N;07036903W;0.8
29;21;6;18;18;22;4259402N;07036914W;0.2
29;21;6;18;18;37;4259344N;07036923W;2.2
29;21;6;18;18;52;4259344N;07036914W;2.3
29;21;6;18;19;7;4259324N;07036928W;1.0
29;21;6;18;19;23;4259319N;07036936W;0.4
29;21;6;18;19;38;4259345N;07036950W;0.0
29;21;6;18;19;53;4259325N;07036917W;0.2
29;21;6;18;20;8;4259328N;07036936W;0.2
29;21;6;18;20;23;4259337N;07036939W;0.4
29;21;6;18;20;39;4259345N;07036940W;0.2
29;21;6;18;20;54;4259338N;07036941W;0.3
29;21;6;18;21;9;4259341N;07036928W;0.4
29;21;6;18;21;24;4257581N;07034151W;20.
29;21;6;18;21;39;4258269N;07036058W;35.
29;21;6;18;21;54;4259345N;07036920W;0.6
29;21;6;18;22;9;4259347N;07036917W;0.2
29;21;6;18;22;24;4259349N;07036918W;0.7
29;21;6;18;22;40;4259330N;07036922W;0.3
29;21;6;18;22;55;4259334N;07036918W;0.1
29;21;6;18;23;10;4259343N;07036925W;0.4
29;21;6;18;23;25;4259347N;07036928W;0.4
29;21;6;18;23;40;4259346N;07036932W;0.4
29;21;6;18;23;55;4259345N;07036929W;0.2
29;22;6;18;0;11;4259346N;07036922W;0.3
29;22;6;18;0;26;4259342N;07036926W;0.4
29;22;6;18;0;41;4259337N;07036939W;0.8
29;22;6;18;0;57;4259327N;07036934W;1.4
29;22;6;18;1;12;4259331N;07036928W;0.5
29;22;6;18;1;27;4259330N;07036928W;0.1
29;22;6;18;1;42;4259336N;07036929W;0.4
29;22;6;18;1;57;4259352N;07036913W;0.2
29;22;6;18;2;13;4259335N;07036919W;1.0
29;22;6;18;2;28;4259330N;07036922W;0.1
29;22;6;18;2;43;4259341N;07036915W;0.3
29;22;6;18;2;59;4259359N;07036937W;0.7
29;22;6;18;3;14;4259339N;07036924W;0.3
29;22;6;18;3;14;4259339N;07036924W;0.3
29;22;6;18;3;29;4259331N;07036919W;2.6
29;22;6;18;3;29;4259331N;07036919W;2.6
29;22;6;18;3;44;4259327N;07036920W;0.5
29;22;6;18;3;44;4259327N;07036920W;0.5
29;22;6;18;3;59;4259313N;07036902W;0.6
29;22;6;18;3;59;4259313N;07036902W;0.6
29;22;6;18;4;14;4259369N;07036920W;0.3
29;22;6;18;4;30;4300036N;07037791W;1.1
29;22;6;18;4;45;4259340N;07036922W;0.1
29;22;6;18;5;1;4259339N;07036916W;0.4
29;22;6;18;5;1;4259339N;07036916W;0.4
29;22;6;18;5;1;4259339N;07036916W;0.4
29;22;6;18;5;1;4259339N;07036916W;0.4
29;22;6;18;5;1;4259339N;07036916W;0.4
29;22;6;18;5;1;4259339N;07036916W;0.4
29;22;6;18;5;1;4259339N;07036916W;0.4
29;22;6;18;5;1;4259339N;07036916W;0.4
29;22;6;18;5;1;4259339N;07036916W;0.4
29;22;6;18;5;1;4259339N;07036916W;0.4
29;22;6;18;5;1;4259339N;07036916W;0.4
29;22;6;18;5;1;4259339N;07036916W;0.4
29;22;6;18;5;1;4259339N;07036916W;0.4
29;22;6;18;5;16;4259331N;07036906W;0.3
29;22;6;18;5;16;4259331N;07036906W;0.3
29;22;6;18;5;32;4259336N;07036918W;0.4
29;22;6;18;5;47;4259370N;07036892W;0.4
29;22;6;18;6;2;4259338N;07036918W;0.1
29;22;6;18;6;18;4259349N;07036916W;0.1
29;22;6;18;6;33;4259347N;07036925W;0.3
29;22;6;18;6;48;4259337N;07036937W;0.3
29;22;6;18;7;3;4259340N;07036929W;0.3
29;22;6;18;7;18;4259336N;07036933W;0.2
29;22;6;18;7;33;4259339N;07036937W;0.5
29;22;6;18;7;48;4259338N;07036932W;0.5
29;22;6;18;8;3;4259334N;07036936W;0.1
29;22;6;18;8;19;4259344N;07036933W;0.4
29;22;6;18;8;34;4259334N;07036925W;1.1
29;22;6;18;8;49;4259352N;07036915W;0.8
29;22;6;18;9;4;4259340N;07036916W;0.6
29;22;6;18;9;20;4259346N;07036917W;0.3
29;22;6;18;9;35;4259346N;07036917W;0.2
29;22;6;18;9;50;4259347N;07036919W;0.6
29;22;6;18;9;50;4259347N;07036919W;0.6
29;22;6;18;9;50;4259347N;07036919W;0.6
29;22;6;18;10;5;4259349N;07036921W;0.7
29;22;6;18;10;20;4259354N;07036921W;0.9
29;22;6;18;10;36;4259345N;07036922W;0.2
29;22;6;18;10;51;4259323N;07036899W;0.3
29;22;6;18;11;6;4259343N;07036914W;0.0
29;22;6;18;11;21;4259331N;07036914W;0.3
29;22;6;18;11;36;4259326N;07037004W;0.2
29;22;6;18;11;51;4256850N;07031849W;20.
29;22;6;18;12;7;4254179N;07026056W;17.
29;22;6;18;12;22;4251937N;07019953W;18.
29;22;6;18;12;37;4250414N;07014565W;21.
29;22;6;18;12;52;4251245N;07008880W;18.
29;22;6;18;13;7;4253121N;07002859W;17.
29;22;6;18;13;22;4253596N;07001916W;23.
29;22;6;18;13;37;4258406N;07004895W;20.
29;22;6;18;13;52;4302103N;07003404W;0.5
29;22;6;18;14;7;4259363N;07009103W;29.
29;22;6;18;14;22;4256094N;07018157W;31.
29;22;6;18;14;37;4255308N;07028018W;29.
29;22;6;18;14;52;4258471N;07035759W;27.
29;22;6;18;15;8;4259355N;07036858W;0.2
29;22;6;18;15;23;4259318N;07036879W;1.4
29;22;6;18;15;38;4259248N;07036877W;0.2
29;22;6;18;15;53;4259288N;07036880W;0.2
29;22;6;18;16;9;4259290N;07036868W;0.5
29;22;6;18;16;24;4259369N;07036888W;0.5
29;22;6;18;16;39;4259323N;07036904W;0.3
29;22;6;18;16;39;4259323N;07036904W;0.3
29;22;6;18;16;39;4259323N;07036904W;0.3
29;22;6;18;16;39;4259323N;07036904W;0.3
29;22;6;18;16;39;4259323N;07036904W;0.3
29;22;6;18;16;54;4259294N;07036909W;0.4
29;22;6;18;17;10;4259340N;07036881W;0.3
29;22;6;18;17;25;4259448N;07036939W;0.3
29;22;6;18;17;40;4259348N;07036929W;0.7
29;22;6;18;17;55;4259324N;07036935W;1.2
29;22;6;18;18;11;4259371N;07036928W;0.2
29;22;6;18;18;11;4259371N;07036928W;0.2
29;22;6;18;18;27;4259321N;07036950W;0.1
29;22;6;18;18;27;4259321N;07036950W;0.1
29;22;6;18;18;42;4259340N;07036915W;0.8
29;22;6;18;18;57;4259306N;07036936W;0.4
29;22;6;18;19;12;4259301N;07036909W;0.6
29;22;6;18;19;27;4259310N;07036901W;0.3
29;22;6;18;19;42;4259308N;07036901W;0.2
29;22;6;18;19;58;4259424N;07036916W;0.1
29;22;6;18;20;13;4259362N;07036943W;0.1
29;22;6;18;20;28;4259328N;07036958W;0.0
29;22;6;18;20;43;4259338N;07036973W;0.3
29;22;6;18;20;58;4259340N;07036972W;1.3
29;22;6;18;21;14;4259338N;07036971W;0.3
29;22;6;18;21;29;4259373N;07036876W;1.1
29;22;6;18;21;44;4259329N;07036932W;0.1
29;22;6;18;21;59;4259332N;07036921W;0.3
29;22;6;18;22;14;4259348N;07036919W;0.3
29;22;6;18;22;14;4259348N;07036919W;0.3
29;22;6;18;22;30;4259349N;07036925W;0.3
29;22;6;18;22;45;4259387N;07037001W;0.4
29;22;6;18;23;0;4259370N;07036928W;0.4
29;22;6;18;23;15;4259360N;07036936W;0.6
29;22;6;18;23;31;4259352N;07036882W;0.1
29;22;6;18;23;46;4259343N;07036895W;0.3
29;23;6;18;0;2;4259341N;07036902W;0.1
29;23;6;18;0;17;4259327N;07036926W;0.2
29;23;6;18;0;32;4259338N;07036943W;0.5
29;23;6;18;0;48;4259339N;07036920W;0.1
29;23;6;18;1;3;4259354N;07036924W;0.1
29;23;6;18;1;18;4259355N;07036931W;0.2
29;23;6;18;1;33;4259363N;07036937W;0.5
29;23;6;18;1;48;4259362N;07036937W;0.3
29;23;6;18;2;3;4259366N;07036941W;0.5
29;23;6;18;2;3;4259366N;07036941W;0.5
29;23;6;18;2;3;4259366N;07036941W;0.5
29;23;6;18;2;19;4259436N;07036992W;0.2
