26;23;5;18;23;9;4259271N;07036867W;0.0
26;23;5;18;23;9;4259275N;07036863W;1.5
26;23;5;18;23;10;4259259N;07036878W;0.3
26;23;5;18;23;11;4259282N;07036850W;0.5
26;23;5;18;23;34;4259264N;07036872W;0.4
26;23;5;18;23;34;4259284N;07036865W;0.1
26;23;5;18;23;35;4259272N;07036866W;0.1
26;23;5;18;23;35;4259279N;07036867W;0.7
26;23;5;18;23;39;4259269N;07036869W;0.1
26;23;5;18;23;39;4259279N;07036865W;0.7
26;23;5;18;23;40;4259274N;07036867W;0.7
26;23;5;18;23;40;4259276N;07036861W;1.6
26;23;5;18;23;41;4259264N;07036863W;0.3
26;23;5;18;23;56;4259281N;07036870W;5.1
26;24;5;18;0;11;4259278N;07036865W;0.0
26;24;5;18;0;26;4259276N;07036861W;0.4
26;24;5;18;0;42;4259286N;07036865W;1.9
26;24;5;18;0;57;4259279N;07036869W;0.7
26;24;5;18;1;12;4259279N;07036855W;0.2
26;24;5;18;1;27;4259284N;07036863W;1.1
26;24;5;18;1;42;4259278N;07036858W;0.2
26;24;5;18;1;57;4259273N;07036863W;0.4
26;24;5;18;2;14;4259275N;07036859W;0.1
26;24;5;18;2;29;4259240N;07036883W;0.3
26;24;5;18;2;44;4259269N;07036863W;0.5
26;24;5;18;2;59;4259279N;07036854W;0.9
26;24;5;18;3;14;4259274N;07036858W;1.2
26;24;5;18;3;29;4259278N;07036868W;0.5
26;24;5;18;3;44;4259274N;07036864W;1.6
26;24;5;18;3;59;4259262N;07036844W;0.9
26;24;5;18;4;15;4259275N;07036865W;0.6
26;24;5;18;4;30;4259277N;07036859W;0.2
26;24;5;18;4;45;4259274N;07036859W;0.4
26;24;5;18;5;0;4259274N;07036861W;0.6
26;24;5;18;5;15;4259278N;07036860W;0.7
26;24;5;18;5;30;4259278N;07036864W;0.5
26;24;5;18;5;46;4259279N;07036858W;0.5
26;24;5;18;6;1;4259275N;07036858W;0.2
26;24;5;18;6;16;4259278N;07036858W;0.8
26;24;5;18;6;31;4259282N;07036863W;16.
26;24;5;18;6;46;4259279N;07036862W;1.5
26;24;5;18;7;2;4259293N;07036879W;3.0
26;24;5;18;7;17;4259259N;07036835W;0.2
26;24;5;18;7;32;4259270N;07036850W;0.7
26;24;5;18;7;47;4259274N;07036856W;0.5
26;24;5;18;8;2;4259271N;07036844W;0.4
26;24;5;18;8;18;4259279N;07036853W;0.7
26;24;5;18;8;33;4259279N;07036876W;1.0
26;24;5;18;8;48;4259277N;07036877W;1.0
26;24;5;18;9;3;4259276N;07036863W;0.1
26;24;5;18;9;18;4259277N;07036860W;0.2
26;24;5;18;9;33;4259274N;07036862W;0.1
26;24;5;18;9;48;4259275N;07036872W;0.4
26;24;5;18;10;3;4259275N;07036871W;0.9
26;24;5;18;10;19;4259284N;07036872W;0.1
26;24;5;18;10;34;4259287N;07036868W;0.5
26;24;5;18;10;49;4259278N;07036863W;0.0
26;24;5;18;11;4;4259276N;07036864W;0.3
26;24;5;18;11;19;4259276N;07036857W;0.3
26;24;5;18;11;34;4259274N;07036865W;0.3
26;24;5;18;11;34;4259274N;07036865W;0.3
26;24;5;18;11;50;4259279N;07036861W;0.5
26;24;5;18;12;5;4259280N;07036867W;0.3
26;24;5;18;12;20;4259281N;07036867W;0.4
26;24;5;18;12;35;4259356N;07036927W;0.5
26;24;5;18;12;51;4259352N;07036923W;0.2
26;24;5;18;13;6;4259350N;07036921W;0.0
26;24;5;18;13;21;4259350N;07036924W;0.5
26;24;5;18;13;37;4259357N;07036979W;0.5
26;24;5;18;13;52;4259358N;07036923W;1.2
26;24;5;18;14;7;4259338N;07036921W;0.3
26;24;5;18;14;23;4259350N;07036850W;0.0
26;24;5;18;14;38;4259325N;07036886W;0.4
26;24;5;18;14;53;4259359N;07036824W;0.2
26;24;5;18;15;8;4259337N;07036757W;0.3
26;24;5;18;15;23;4259343N;07036756W;0.5
26;24;5;18;15;38;4259345N;07036760W;0.9
26;24;5;18;15;53;4259351N;07036930W;0.4
26;24;5;18;16;8;4259345N;07036921W;0.4
26;24;5;18;16;23;4259273N;07036862W;0.2
26;24;5;18;16;39;4259273N;07036861W;0.3
26;24;5;18;16;54;4259267N;07036855W;0.2
26;24;5;18;17;9;4259273N;07036846W;0.0
26;24;5;18;17;25;4259364N;07036903W;0.8
26;24;5;18;17;40;4259351N;07036931W;0.6
26;24;5;18;17;56;4259346N;07036921W;0.7
26;24;5;18;18;11;4259340N;07036906W;2.4
26;24;5;18;18;26;4259352N;07036919W;0.6
26;24;5;18;18;41;4259357N;07036918W;0.3
26;24;5;18;18;56;4259352N;07036916W;0.4
26;24;5;18;19;12;4259363N;07036931W;0.2
26;24;5;18;19;27;4259366N;07036935W;0.8
26;24;5;18;19;42;4259322N;07036962W;0.6
26;24;5;18;19;57;4259309N;07036951W;0.4
26;24;5;18;20;12;4259315N;07036954W;0.4
26;24;5;18;20;27;4259314N;07036949W;0.3
26;24;5;18;20;43;4259314N;07036950W;0.2
26;24;5;18;20;58;4259314N;07036947W;0.4
26;24;5;18;21;13;4259292N;07036954W;0.3
26;24;5;18;21;28;4259310N;07036936W;0.1
26;24;5;18;21;43;4259328N;07036928W;0.4
26;24;5;18;21;59;4259322N;07036933W;0.8
26;24;5;18;22;14;4259317N;07036945W;0.8
26;24;5;18;22;29;4259304N;07036949W;0.0
26;24;5;18;22;44;4259306N;07036954W;0.2
26;24;5;18;22;59;4259317N;07036948W;0.5
26;24;5;18;23;15;4259311N;07036954W;0.2
26;24;5;18;23;30;4259312N;07036933W;0.3
26;24;5;18;23;45;4259326N;07036981W;0.1
26;24;5;18;23;45;4259326N;07036981W;0.1
26;24;5;18;23;45;4259326N;07036981W;0.1
26;25;5;18;0;0;4259326N;07036980W;0.7
26;25;5;18;0;15;4259316N;07036919W;0.1
26;25;5;18;0;31;4259321N;07036927W;0.1
26;25;5;18;0;46;4259322N;07036948W;0.4
26;25;5;18;1;1;4259325N;07036943W;0.1
26;25;5;18;1;16;4259316N;07036944W;0.3
26;25;5;18;1;32;4259276N;07036906W;1.0
26;25;5;18;1;47;4259317N;07036944W;0.1
26;25;5;18;2;2;4259316N;07036949W;0.6
26;25;5;18;2;17;4259324N;07036948W;0.1
26;25;5;18;2;33;4259322N;07036950W;0.0
26;25;5;18;2;48;4259311N;07036929W;0.4
26;25;5;18;3;3;4259314N;07036919W;0.3
26;25;5;18;3;18;4259306N;07036919W;0.1
26;25;5;18;3;33;4259301N;07036959W;0.0
26;25;5;18;3;49;4259302N;07037003W;0.3
26;25;5;18;4;4;4259304N;07036902W;0.2
26;25;5;18;4;19;4259283N;07036962W;0.2
26;25;5;18;4;34;4259284N;07036969W;0.5
26;25;5;18;4;49;4259298N;07036950W;0.1
26;25;5;18;5;5;4259315N;07036964W;0.4
26;25;5;18;5;20;4259315N;07036951W;0.9
26;25;5;18;5;35;4259322N;07036939W;0.2
26;25;5;18;5;50;4259316N;07036945W;0.4
26;25;5;18;6;5;4259310N;07036951W;0.3
26;25;5;18;6;20;4259322N;07036956W;0.3
26;25;5;18;6;36;4259309N;07036962W;0.2
26;25;5;18;6;51;4259307N;07036976W;0.3
26;25;5;18;7;6;4259303N;07036939W;0.3
26;25;5;18;7;21;4259300N;07036944W;0.0
26;25;5;18;7;36;4259294N;07036931W;0.2
26;25;5;18;7;51;4259303N;07036939W;0.5
26;25;5;18;8;7;4259306N;07036971W;0.2
26;25;5;18;8;22;4259304N;07036990W;0.1
26;25;5;18;8;37;4259284N;07036996W;0.4
26;25;5;18;8;52;4259293N;07036980W;1.1
26;25;5;18;9;7;4259299N;07036932W;0.2
26;25;5;18;9;22;4259307N;07036974W;0.6
26;25;5;18;9;38;4259312N;07036976W;0.5
26;25;5;18;9;53;4259301N;07036957W;0.3
26;25;5;18;10;8;4259310N;07036947W;0.0
26;25;5;18;10;23;4259316N;07036938W;0.5
26;25;5;18;10;38;4259323N;07036929W;0.0
26;25;5;18;10;54;4259334N;07036936W;0.5
26;25;5;18;11;9;4259335N;07036860W;0.7
26;25;5;18;11;24;4259312N;07036914W;0.2
26;25;5;18;11;39;4259300N;07036939W;0.0
26;25;5;18;11;54;4259307N;07036916W;0.1
26;25;5;18;12;9;4259303N;07036926W;0.2
26;25;5;18;12;25;4259299N;07036931W;0.2
26;25;5;18;12;40;4259295N;07036932W;0.5
26;25;5;18;12;55;4259285N;07036921W;0.3
26;25;5;18;13;10;4259309N;07036943W;0.1
26;25;5;18;13;25;4259310N;07036941W;0.5
26;25;5;18;13;41;4259313N;07036943W;0.5
