29;23;5;18;23;11;4259266N;07036869W;0.3
29;23;5;18;23;11;4259263N;07036870W;1.1
29;23;5;18;23;12;4259268N;07036867W;0.1
29;23;5;18;23;13;4259266N;07036865W;0.3
29;23;5;18;23;34;4259269N;07036868W;0.4
29;23;5;18;23;34;4259267N;07036871W;1.3
29;23;5;18;23;35;4259271N;07036869W;0.9
29;23;5;18;23;36;4259271N;07036870W;0.7
29;23;5;18;23;41;4259260N;07036881W;2.9
29;23;5;18;23;42;4259266N;07036870W;0.4
29;23;5;18;23;43;4259260N;07036867W;1.6
29;23;5;18;23;43;4259272N;07036854W;2.1
29;23;5;18;23;44;4259252N;07036874W;8.7
29;23;5;18;23;59;4259284N;07036856W;2.6
29;24;5;18;0;15;4259269N;07036866W;0.2
29;24;5;18;0;30;4259273N;07036869W;1.1
29;24;5;18;0;46;4259275N;07036860W;0.4
29;24;5;18;1;1;4259275N;07036863W;0.1
29;24;5;18;1;16;4259271N;07036858W;0.6
29;24;5;18;1;31;4259285N;07036857W;0.0
29;24;5;18;1;46;4259275N;07036859W;0.6
29;24;5;18;2;1;4259279N;07036858W;1.2
29;24;5;18;2;16;4259273N;07036861W;0.6
29;24;5;18;2;31;4259272N;07036860W;0.5
29;24;5;18;2;47;4259277N;07036859W;0.4
29;24;5;18;3;2;4259279N;07036857W;0.7
29;24;5;18;3;17;4259276N;07036864W;1.2
29;24;5;18;3;32;4259277N;07036857W;0.2
29;24;5;18;3;47;4259276N;07036858W;2.4
29;24;5;18;4;3;4259273N;07036853W;0.2
29;24;5;18;4;18;4259279N;07036860W;0.1
29;24;5;18;4;34;4259274N;07036862W;0.2
29;24;5;18;4;49;4259255N;07036863W;0.0
29;24;5;18;5;4;4259277N;07036857W;0.2
29;24;5;18;5;20;4259298N;07036869W;0.3
29;24;5;18;5;35;4259276N;07036827W;0.6
29;24;5;18;5;50;4259272N;07036878W;0.3
29;24;5;18;6;5;4259278N;07036861W;0.3
29;24;5;18;6;20;4259274N;07036852W;0.5
29;24;5;18;6;36;4259276N;07036865W;0.0
29;24;5;18;6;51;4259273N;07036856W;13.
29;24;5;18;7;6;4259276N;07036859W;0.1
29;24;5;18;7;21;4259272N;07036861W;0.2
29;24;5;18;7;36;4259271N;07036855W;0.9
29;24;5;18;7;51;4259277N;07036849W;0.5
29;24;5;18;8;6;4259274N;07036854W;0.1
29;24;5;18;8;22;4259272N;07036858W;1.1
29;24;5;18;8;38;4259278N;07036858W;0.0
29;24;5;18;8;53;4259275N;07036864W;0.4
29;24;5;18;9;8;4259277N;07036859W;0.0
29;24;5;18;9;23;4259277N;07036860W;0.3
29;24;5;18;9;38;4259273N;07036855W;0.3
29;24;5;18;9;54;4259276N;07036851W;0.6
29;24;5;18;10;9;4259270N;07036858W;0.0
29;24;5;18;10;24;4259279N;07036867W;0.1
29;24;5;18;10;40;4259276N;07036860W;0.5
29;24;5;18;10;55;4259277N;07036865W;0.0
29;24;5;18;11;10;4259277N;07036858W;0.0
29;24;5;18;11;25;4259278N;07036856W;0.6
29;24;5;18;11;41;4259272N;07036859W;0.6
29;24;5;18;11;56;4259277N;07036869W;0.3
29;24;5;18;12;11;4259274N;07036860W;0.4
29;24;5;18;12;26;4259356N;07036926W;1.0
29;24;5;18;12;41;4259344N;07036930W;0.0
29;24;5;18;12;41;4259344N;07036930W;0.0
29;24;5;18;12;56;4259357N;07036922W;0.0
29;24;5;18;13;12;4259344N;07036927W;0.2
29;24;5;18;13;27;4259332N;07036917W;0.5
29;24;5;18;13;27;4259332N;07036917W;0.5
29;24;5;18;13;43;4259336N;07036925W;0.2
29;24;5;18;13;58;4259323N;07036907W;3.1
29;24;5;18;14;13;4259335N;07036914W;0.3
29;24;5;18;14;28;4259326N;07036917W;1.3
29;24;5;18;14;43;4259326N;07036916W;1.0
29;24;5;18;14;58;4259325N;07036910W;0.3
29;24;5;18;15;13;4259338N;07036929W;0.8
29;24;5;18;15;28;4259357N;07036949W;1.1
29;24;5;18;15;43;4259343N;07036930W;1.6
29;24;5;18;15;58;4259328N;07036914W;0.3
29;24;5;18;16;14;4259339N;07036924W;0.0
29;24;5;18;16;29;4259346N;07036902W;1.8
29;24;5;18;16;44;4259361N;07036929W;3.5
29;24;5;18;16;59;4259331N;07036916W;0.4
29;24;5;18;17;14;4259221N;07036725W;3.2
29;24;5;18;17;30;4259327N;07036924W;0.3
29;24;5;18;17;45;4259334N;07036929W;0.0
29;24;5;18;18;0;4259306N;07036987W;0.2
29;24;5;18;18;15;4259047N;07036595W;3.0
29;24;5;18;18;30;4259075N;07036719W;0.2
29;24;5;18;18;46;4259336N;07036921W;0.1
29;24;5;18;19;1;4259338N;07036926W;0.6
29;24;5;18;19;16;4259329N;07036910W;0.4
29;24;5;18;19;31;4259345N;07036929W;0.7
29;24;5;18;19;46;4259354N;07036934W;0.8
29;24;5;18;20;1;4259351N;07036938W;0.5
29;24;5;18;20;17;4259340N;07036941W;0.2
29;24;5;18;20;32;4259341N;07036945W;0.1
29;24;5;18;20;47;4259106N;07036715W;0.1
29;24;5;18;21;2;4259344N;07036924W;0.8
29;24;5;18;21;17;4259359N;07036928W;1.0
29;24;5;18;21;32;4259341N;07036912W;0.1
29;24;5;18;21;48;4259351N;07036930W;0.4
29;24;5;18;22;3;4259332N;07036924W;0.2
29;24;5;18;22;18;4259334N;07036930W;0.9
29;24;5;18;22;33;4259329N;07036957W;0.3
29;24;5;18;22;48;4259323N;07036966W;0.2
29;24;5;18;23;4;4259334N;07036927W;0.2
29;24;5;18;23;19;4259327N;07036918W;0.4
29;24;5;18;23;34;4259329N;07036926W;0.3
29;24;5;18;23;49;4259332N;07036926W;0.4
29;25;5;18;0;5;4259330N;07036916W;1.0
29;25;5;18;0;20;4259336N;07036930W;0.5
29;25;5;18;0;35;4259346N;07036915W;0.1
29;25;5;18;0;50;4259331N;07036923W;0.2
29;25;5;18;1;5;4259338N;07036925W;0.8
29;25;5;18;1;20;4259340N;07036927W;0.3
29;25;5;18;1;36;4259335N;07036920W;0.2
29;25;5;18;1;51;4259332N;07036918W;0.2
29;25;5;18;2;6;4259336N;07036922W;0.2
29;25;5;18;2;21;4259334N;07036928W;0.3
29;25;5;18;2;37;4259335N;07036927W;3.8
29;25;5;18;2;52;4259328N;07036925W;0.0
29;25;5;18;3;7;4259327N;07036937W;0.4
29;25;5;18;3;22;4259321N;07036921W;0.2
29;25;5;18;3;38;4259302N;07036907W;0.0
29;25;5;18;3;53;4259335N;07036927W;0.3
29;25;5;18;4;8;4259322N;07036918W;0.3
29;25;5;18;4;23;4259330N;07036922W;0.9
29;25;5;18;4;38;4259333N;07036972W;0.4
29;25;5;18;4;54;4259334N;07036915W;0.1
29;25;5;18;5;9;4259342N;07036912W;0.1
29;25;5;18;5;24;4259348N;07036912W;2.3
29;25;5;18;5;40;4259345N;07036934W;0.3
29;25;5;18;5;55;4259333N;07036922W;0.2
29;25;5;18;6;10;4259352N;07036946W;1.0
29;25;5;18;6;26;4259355N;07036951W;0.1
29;25;5;18;6;41;4259350N;07036946W;0.9
29;25;5;18;6;56;4259399N;07037009W;0.5
29;25;5;18;7;12;4259323N;07036922W;0.6
29;25;5;18;7;27;4259316N;07036924W;0.0
29;25;5;18;7;43;4259322N;07036925W;0.5
29;25;5;18;7;58;4259336N;07036935W;0.0
29;25;5;18;8;14;4259336N;07036929W;0.3
29;25;5;18;8;29;4259325N;07036925W;0.5
29;25;5;18;8;44;4259341N;07036928W;0.3
29;25;5;18;8;59;4259328N;07036919W;0.3
29;25;5;18;9;14;4259290N;07036948W;0.1
29;25;5;18;9;30;4259332N;07036925W;0.3
29;25;5;18;9;45;4259354N;07036924W;0.7
29;25;5;18;10;0;4259336N;07036929W;1.5
29;25;5;18;10;15;4259345N;07036921W;1.3
29;25;5;18;10;30;4259324N;07036925W;0.6
29;25;5;18;10;46;4259341N;07036928W;0.2
29;25;5;18;11;1;4259345N;07036939W;0.5
29;25;5;18;11;16;4259346N;07036925W;0.5
29;25;5;18;11;31;4259326N;07036924W;0.2
29;25;5;18;11;46;4259327N;07036921W;1.1
29;25;5;18;12;2;4259335N;07036922W;0.7
29;25;5;18;12;17;4259334N;07036917W;1.2
29;25;5;18;12;32;4259326N;07036913W;0.7
29;25;5;18;12;48;4259336N;07036925W;0.4
29;25;5;18;13;3;4259329N;07036917W;0.2
29;25;5;18;13;18;4259331N;07036913W;0.2
29;25;5;18;13;33;4259320N;07036943W;0.5
29;25;5;18;13;49;4259330N;07036917W;1.0
29;25;5;18;14;4;4259328N;07036926W;0.7
29;25;5;18;14;19;4259325N;07036931W;0.3
29;25;5;18;14;34;4259325N;07036919W;0.0
29;25;5;18;14;49;4259325N;07036913W;0.3
