30;23;5;18;23;8;4259271N;07036865W;0.0
30;23;5;18;23;8;4259286N;07036850W;3.8
30;23;5;18;23;9;4259250N;07036865W;0.3
30;24;5;18;17;39;4259352N;07036928W;0.1
30;24;5;18;17;40;4259351N;07036931W;0.5
30;24;5;18;17;40;4259354N;07036927W;0.7
30;24;5;18;17;41;4259347N;07036925W;0.9
30;24;5;18;17;41;4259347N;07036922W;0.4
30;24;5;18;17;42;4259349N;07036922W;0.1
30;24;5;18;17;42;4259348N;07036925W;0.0
30;24;5;18;17;42;4259348N;07036925W;0.0
30;24;5;18;17;42;4259348N;07036925W;0.0
30;24;5;18;17;45;4259349N;07036924W;0.0
30;24;5;18;17;46;4259349N;07036924W;0.0
30;24;5;18;17;46;4259349N;07036924W;0.0
30;24;5;18;17;46;4259349N;07036924W;0.0
30;24;5;18;17;46;4259349N;07036925W;0.0
30;24;5;18;17;46;4259349N;07036925W;0.0
30;24;5;18;17;46;4259349N;07036925W;0.0
30;24;5;18;17;47;4259349N;07036925W;0.0
30;24;5;18;17;48;4259349N;07036925W;0.0
30;24;5;18;17;48;4259350N;07036925W;0.0
30;24;5;18;17;48;4259350N;07036925W;0.0
30;24;5;18;17;48;4259350N;07036926W;0.0
30;24;5;18;17;48;4259350N;07036926W;0.0
30;24;5;18;17;48;4259350N;07036926W;0.0
30;24;5;18;17;49;4259350N;07036927W;0.0
30;24;5;18;17;49;4259350N;07036927W;0.0
30;24;5;18;17;49;4259350N;07036927W;0.0
30;24;5;18;17;49;4259350N;07036928W;0.0
30;24;5;18;17;49;4259350N;07036928W;0.0
30;24;5;18;17;49;4259350N;07036928W;0.0
30;24;5;18;17;50;4259349N;07036928W;0.0
30;24;5;18;17;50;4259349N;07036928W;0.0
30;24;5;18;17;50;4259349N;07036928W;0.0
30;24;5;18;17;51;4259349N;07036928W;0.0
30;24;5;18;17;51;4259349N;07036928W;0.0
30;24;5;18;17;51;4259349N;07036928W;0.0
30;24;5;18;17;51;4259349N;07036928W;0.0
30;24;5;18;17;51;4259349N;07036928W;0.0
30;24;5;18;17;51;4259349N;07036928W;0.0
30;24;5;18;17;51;4259349N;07036928W;0.0
30;24;5;18;17;51;4259349N;07036928W;0.0
30;24;5;18;17;51;4259349N;07036928W;0.0
30;24;5;18;17;52;4259349N;07036928W;0.0
30;24;5;18;17;52;4259349N;07036928W;0.0
30;24;5;18;17;52;4259349N;07036928W;0.0
30;24;5;18;17;53;4259349N;07036928W;0.0
30;24;5;18;17;53;4259350N;07036928W;0.0
30;24;5;18;17;55;4259350N;07036929W;0.0
30;24;5;18;17;55;4259350N;07036930W;0.0
30;24;5;18;17;56;4259350N;07036931W;0.0
30;24;5;18;18;8;4259356N;07036925W;0.1
30;24;5;18;18;8;4259356N;07036926W;0.2
30;24;5;18;18;8;4259356N;07036926W;0.2
30;24;5;18;18;8;4259356N;07036927W;0.1
30;24;5;18;18;9;4259356N;07036927W;0.0
30;24;5;18;18;9;4259356N;07036927W;0.0
30;24;5;18;18;10;4259356N;07036927W;0.0
30;24;5;18;18;10;4259356N;07036927W;0.0
30;24;5;18;18;11;4259356N;07036927W;0.0
30;24;5;18;18;11;4259356N;07036927W;0.0
30;24;5;18;18;13;4259355N;07036927W;0.0
30;24;5;18;18;16;4259353N;07036928W;0.0
30;24;5;18;18;18;4259353N;07036928W;0.0
30;24;5;18;18;18;4259353N;07036928W;0.0
30;24;5;18;18;20;4259353N;07036928W;0.0
30;24;5;18;18;31;4259354N;07036926W;0.1
30;24;5;18;18;33;4259354N;07036929W;0.0
30;24;5;18;19;54;4259356N;07036928W;0.2
30;24;5;18;19;57;4259355N;07036929W;0.0
30;24;5;18;19;58;4259355N;07036929W;0.0
30;24;5;18;19;58;4259354N;07036928W;0.0
30;24;5;18;19;59;4259354N;07036928W;0.0
30;24;5;18;20;12;4259353N;07036926W;0.1
30;24;5;18;21;8;4259356N;07036924W;0.2
30;24;5;18;21;22;4259357N;07036924W;0.5
30;24;5;18;21;36;4259357N;07036926W;0.8
30;24;5;18;21;37;4259356N;07036925W;0.1
30;24;5;18;22;11;4259278N;07036869W;0.2
