25;1;6;18;17;48;4259351N;07036951W;0.8
25;1;6;18;18;3;4259338N;07036930W;1.1
25;1;6;18;18;18;4259334N;07036923W;0.5
25;1;6;18;18;33;4259357N;07036952W;0.2
25;1;6;18;18;49;4259343N;07036944W;0.2
25;1;6;18;19;4;4259348N;07036947W;0.4
25;1;6;18;19;19;4259360N;07036941W;0.7
25;1;6;18;19;35;4259351N;07036942W;0.0
25;1;6;18;19;50;4259355N;07036956W;0.3
25;1;6;18;20;5;4259355N;07036955W;1.0
25;1;6;18;20;21;4259355N;07036955W;0.6
25;1;6;18;20;36;4259353N;07036946W;0.5
25;1;6;18;20;51;4259360N;07036972W;0.3
25;1;6;18;21;6;4259356N;07036960W;0.2
25;1;6;18;21;21;4259359N;07036957W;0.8
25;1;6;18;21;36;4259360N;07036976W;0.3
25;1;6;18;21;52;4259299N;07036915W;0.5
25;1;6;18;22;7;4259266N;07036925W;3.6
25;1;6;18;22;22;4259304N;07036966W;0.5
25;1;6;18;22;37;4259341N;07036909W;0.3
25;1;6;18;22;52;4259830N;07037460W;0.9
25;1;6;18;23;7;4259835N;07037350W;0.7
25;1;6;18;23;22;4259838N;07037559W;1.2
25;1;6;18;23;37;4259443N;07037038W;0.3
25;1;6;18;23;53;4259340N;07036949W;0.1
25;2;6;18;0;8;4259362N;07036947W;0.1
25;2;6;18;0;23;4259354N;07036958W;0.7
25;2;6;18;0;38;4259357N;07036940W;0.7
25;2;6;18;0;54;4259364N;07036946W;0.3
25;2;6;18;1;9;4259353N;07036971W;0.6
25;2;6;18;1;24;4259339N;07036959W;0.3
25;2;6;18;1;39;4259332N;07036976W;1.1
25;2;6;18;1;55;4259339N;07036960W;0.5
25;2;6;18;2;10;4259375N;07036966W;0.2
25;2;6;18;2;25;4259322N;07036958W;0.1
25;2;6;18;2;40;4259342N;07036964W;0.2
25;2;6;18;2;55;4259307N;07036943W;0.3
25;2;6;18;3;11;4259313N;07036943W;0.0
25;2;6;18;3;26;4259325N;07036935W;0.1
25;2;6;18;3;41;4259331N;07036958W;0.6
25;2;6;18;3;56;4259346N;07036968W;1.2
25;2;6;18;4;12;4259346N;07036948W;0.7
25;2;6;18;4;27;4259347N;07036954W;0.2
25;2;6;18;4;42;4259377N;07036928W;0.2
25;2;6;18;4;57;4259370N;07036942W;0.2
25;2;6;18;5;12;4259357N;07036947W;1.1
25;2;6;18;5;27;4259354N;07036925W;0.3
25;2;6;18;5;43;4259356N;07036944W;0.7
25;2;6;18;5;58;4259335N;07036939W;0.5
25;2;6;18;6;13;4259378N;07036964W;0.5
25;2;6;18;6;28;4259372N;07036972W;0.1
25;2;6;18;6;43;4259344N;07036946W;0.3
25;2;6;18;6;59;4259323N;07036918W;0.2
25;2;6;18;6;59;4259323N;07036918W;0.2
25;2;6;18;6;59;4259323N;07036918W;0.2
25;2;6;18;7;14;4259338N;07036930W;0.2
25;2;6;18;7;29;4259337N;07036948W;0.3
25;2;6;18;7;44;4259347N;07036961W;1.0
25;2;6;18;8;0;4259404N;07036886W;0.5
25;2;6;18;8;16;4259357N;07036922W;0.1
25;2;6;18;8;31;4259349N;07036950W;0.7
25;2;6;18;8;46;4259354N;07036961W;0.5
25;2;6;18;9;1;4259350N;07036973W;0.7
25;2;6;18;9;16;4257435N;07032496W;32.
25;2;6;18;9;31;4253776N;07022607W;32.
25;2;6;18;9;46;4250684N;07012575W;34.
25;2;6;18;10;1;4248161N;07001404W;34.
25;2;6;18;10;16;4247710N;06958586W;33.
25;2;6;18;10;32;4247378N;06953166W;0.1
25;2;6;18;10;47;4247552N;06952248W;29.
25;2;6;18;11;2;4247674N;06952027W;0.6
25;2;6;18;11;17;4247819N;06952020W;3.4
25;2;6;18;11;32;4247997N;06952088W;0.4
25;2;6;18;11;47;4246116N;06949414W;0.7
25;2;6;18;12;2;4246162N;06949432W;0.8
25;2;6;18;12;17;4246223N;06949418W;0.6
25;2;6;18;12;32;4246307N;06949398W;0.3
25;2;6;18;12;47;4246323N;06949494W;1.3
25;2;6;18;13;2;4246465N;06949389W;0.6
25;2;6;18;13;17;4246109N;06949434W;27.
25;2;6;18;13;32;4244468N;06949508W;40.
25;2;6;18;13;47;4235035N;06950765W;33.
25;2;6;18;14;2;4231900N;06948211W;0.4
25;2;6;18;14;18;4231776N;06948234W;0.1
25;2;6;18;14;33;4231674N;06948326W;0.9
25;2;6;18;14;48;4231569N;06948404W;0.8
25;2;6;18;15;3;4231490N;06948469W;0.9
25;2;6;18;15;18;4231373N;06948581W;0.9
25;2;6;18;15;33;4229671N;06948250W;36.
25;2;6;18;15;48;4228882N;06947211W;2.7
25;2;6;18;16;3;4229445N;06946598W;3.1
25;2;6;18;16;18;4229609N;06945799W;3.1
25;2;6;18;16;33;4229547N;06944962W;2.5
25;2;6;18;16;48;4229488N;06944068W;1.7
25;2;6;18;17;3;4229159N;06943292W;3.4
25;2;6;18;17;19;4228573N;06942993W;2.7
25;2;6;18;17;34;4228020N;06943068W;1.2
25;2;6;18;17;49;4227258N;06942849W;18.
25;2;6;18;18;4;4226536N;06943114W;10.
25;2;6;18;18;19;4225920N;06943479W;2.4
25;2;6;18;18;34;4225610N;06943798W;0.4
25;2;6;18;18;49;4225599N;06944027W;0.7
25;2;6;18;19;4;4225044N;06944648W;30.
25;2;6;18;19;19;4223700N;06945566W;2.7
25;2;6;18;19;34;4223131N;06946078W;2.6
25;2;6;18;19;49;4222534N;06946597W;2.6
25;2;6;18;20;5;4221990N;06947108W;2.4
25;2;6;18;20;20;4218745N;06953468W;32.
25;2;6;18;20;35;4218903N;06956970W;2.8
25;2;6;18;20;50;4218411N;06957458W;2.0
25;2;6;18;21;5;4217899N;06957660W;0.5
25;2;6;18;21;21;4217534N;06958572W;7.2
25;2;6;18;21;36;4217926N;06958173W;3.5
25;2;6;18;21;51;4218203N;06957399W;3.6
25;2;6;18;22;6;4218545N;06956701W;2.7
25;2;6;18;22;21;4219059N;06956222W;2.7
25;2;6;18;22;36;4219749N;06955754W;2.8
25;2;6;18;22;51;4220267N;06955568W;2.9
25;2;6;18;23;6;4220862N;06955208W;2.5
25;2;6;18;23;21;4221459N;06954893W;2.8
25;2;6;18;23;36;4222136N;06954662W;2.8
25;2;6;18;23;52;4222651N;06955176W;2.4
25;3;6;18;0;7;4222301N;06955930W;2.1
25;3;6;18;0;22;4221617N;06956121W;2.8
25;3;6;18;0;37;4221006N;06956316W;2.5
25;3;6;18;0;52;4220343N;06956575W;2.4
25;3;6;18;1;7;4219787N;06957061W;2.2
25;3;6;18;1;22;4219231N;06957505W;1.1
25;3;6;18;1;37;4218712N;06958017W;2.6
25;3;6;18;1;52;4218133N;06958615W;1.9
25;3;6;18;2;7;4217667N;06959151W;2.4
25;3;6;18;2;22;4217509N;06959586W;3.6
25;3;6;18;2;37;4216932N;06959749W;2.2
25;3;6;18;2;53;4216953N;06959948W;0.7
25;3;6;18;3;8;4217105N;07000092W;0.9
25;3;6;18;3;23;4217183N;07000208W;0.1
25;3;6;18;3;38;4217378N;07000283W;0.4
25;3;6;18;3;53;4217648N;07000414W;1.1
25;3;6;18;4;8;4217925N;07000031W;1.1
25;3;6;18;4;23;4218312N;06959868W;0.7
25;3;6;18;4;38;4218468N;06959954W;0.7
25;3;6;18;4;53;4218543N;06959955W;0.5
25;3;6;18;5;8;4218629N;06959950W;0.3
25;3;6;18;5;24;4218717N;06959851W;0.6
25;3;6;18;5;39;4218712N;06959753W;0.9
25;3;6;18;5;54;4218718N;06959718W;0.4
25;3;6;18;6;9;4218670N;06959643W;0.4
25;3;6;18;6;24;4218642N;06959547W;0.4
25;3;6;18;6;39;4218858N;06959530W;0.6
25;3;6;18;6;54;4218705N;06959559W;0.4
25;3;6;18;7;10;4218602N;06959349W;0.7
25;3;6;18;7;25;4218524N;06959234W;0.3
25;3;6;18;7;40;4218424N;06959115W;0.3
25;3;6;18;7;55;4218292N;06959013W;0.6
25;3;6;18;8;10;4217518N;06959377W;0.1
25;3;6;18;8;25;4217122N;06959444W;0.2
25;3;6;18;8;40;4216995N;06959440W;0.7
25;3;6;18;8;55;4216916N;06959366W;0.7
25;3;6;18;9;10;4219332N;06958410W;2.4
25;3;6;18;9;25;4219947N;06958371W;22.
25;3;6;18;9;40;4220636N;06958142W;2.0
25;3;6;18;9;56;4221222N;06957993W;2.8
25;3;6;18;10;11;4221810N;06957558W;2.2
25;3;6;18;10;26;4222301N;06957021W;2.7
25;3;6;18;10;41;4222887N;06956518W;2.5
25;3;6;18;10;56;4222660N;06955690W;10.
25;3;6;18;11;11;4222018N;06955575W;2.3
25;3;6;18;11;26;4221372N;06955646W;2.6
25;3;6;18;11;41;4220738N;06955786W;2.7
25;3;6;18;11;56;4220094N;06955971W;2.7
25;3;6;18;12;11;4219432N;06956293W;2.4
25;3;6;18;12;26;4218876N;06956741W;2.0
25;3;6;18;12;42;4218423N;06957291W;3.0
25;3;6;18;12;57;4218002N;06957884W;2.3
25;3;6;18;13;12;4217774N;06958790W;3.4
25;3;6;18;13;27;4217669N;06959305W;0.6
25;3;6;18;13;42;4217530N;06959623W;0.3
25;3;6;18;13;57;4217391N;06959761W;2.7
25;3;6;18;14;12;4218210N;06958679W;2.0
25;3;6;18;14;27;4218817N;06958503W;2.5
25;3;6;18;14;42;4219441N;06958484W;2.7
25;3;6;18;14;57;4220071N;06958464W;2.1
25;3;6;18;15;13;4220677N;06958438W;29.
25;3;6;18;15;28;4221322N;06958338W;2.9
25;3;6;18;15;43;4221743N;06957816W;2.3
25;3;6;18;15;58;4222141N;06957275W;1.8
25;3;6;18;16;13;4222445N;06956795W;1.6
25;3;6;18;16;28;4222314N;06956165W;3.8
25;3;6;18;16;43;4220997N;06957708W;25.
25;3;6;18;16;58;4219562N;07002941W;30.
25;3;6;18;17;13;4215654N;07008292W;35.
25;3;6;18;17;28;4212897N;07011747W;3.8
25;3;6;18;17;44;4209563N;07013650W;38.
25;3;6;18;17;59;4206149N;07014009W;1.4
25;3;6;18;18;14;4203138N;07013656W;0.1
25;3;6;18;18;29;4203112N;07013635W;0.5
25;3;6;18;18;44;4203039N;07013743W;0.3
25;3;6;18;18;59;4203186N;07013828W;0.5
25;3;6;18;19;14;4203250N;07013862W;0.5
25;3;6;18;19;29;4203150N;07013805W;0.6
25;3;6;18;19;44;4203216N;07013896W;0.3
25;3;6;18;20;0;4203222N;07013927W;0.2
25;3;6;18;20;15;4203200N;07013886W;0.3
25;3;6;18;20;30;4203238N;07013779W;0.2
25;3;6;18;20;45;4203241N;07013696W;0.2
25;3;6;18;21;0;4203221N;07013680W;0.0
25;3;6;18;21;15;4203225N;07013720W;0.1
25;3;6;18;21;31;4203350N;07012904W;20.
25;3;6;18;21;46;4204817N;07010669W;15.
25;3;6;18;22;1;4204579N;07006996W;22.
25;3;6;18;22;16;4207817N;07008167W;25.
25;3;6;18;22;31;4210016N;07009946W;0.1
25;3;6;18;22;47;4211291N;07008758W;22.
25;3;6;18;23;2;4213269N;07009954W;13.
25;3;6;18;23;17;4214181N;07007994W;35.
25;3;6;18;23;32;4214736N;07006085W;14.
25;3;6;18;23;47;4215980N;07002880W;13.
25;4;6;18;0;2;4218018N;06959842W;29.
25;4;6;18;0;17;4218019N;06958241W;1.6
25;4;6;18;0;32;4218380N;06958318W;0.7
25;4;6;18;0;47;4219331N;06958673W;3.4
25;4;6;18;1;2;4220124N;06958607W;3.0
25;4;6;18;1;18;4220853N;06958514W;3.3
25;4;6;18;1;33;4221549N;06958290W;2.3
25;4;6;18;1;48;4222008N;06957592W;4.0
25;4;6;18;2;3;4222160N;06956575W;3.4
25;4;6;18;2;19;4222136N;06955506W;3.1
25;4;6;18;2;34;4221614N;06954902W;3.7
25;4;6;18;2;50;4220829N;06955036W;3.4
25;4;6;18;3;5;4219886N;06955373W;1.7
25;4;6;18;3;20;4219547N;06956045W;1.9
25;4;6;18;3;36;4218899N;06956501W;2.0
25;4;6;18;3;51;4218269N;06956958W;2.9
25;4;6;18;4;6;4218099N;06957925W;3.2
25;4;6;18;4;21;4218554N;06958661W;3.9
25;4;6;18;4;36;4219293N;06958757W;3.1
25;4;6;18;4;51;4220025N;06958539W;2.8
25;4;6;18;5;6;4220792N;06958393W;2.2
25;4;6;18;5;21;4221568N;06958255W;2.7
25;4;6;18;5;36;4222013N;06957793W;10.
25;4;6;18;5;51;4222545N;06956983W;1.7
25;4;6;18;6;7;4222906N;06956152W;2.7
25;4;6;18;6;22;4223431N;06955411W;4.0
25;4;6;18;6;38;4223464N;06956026W;1.5
25;4;6;18;6;53;4223387N;06956111W;1.6
25;4;6;18;7;8;4223308N;06956204W;2.0
25;4;6;18;7;23;4223241N;06956326W;0.6
25;4;6;18;7;38;4223176N;06956419W;0.7
25;4;6;18;7;53;4223102N;06956449W;0.5
25;4;6;18;8;8;4222106N;06956578W;17.
25;4;6;18;8;23;4220550N;06957023W;0.2
25;4;6;18;8;38;4220472N;06957013W;1.3
25;4;6;18;8;53;4220193N;06957308W;19.
25;4;6;18;9;8;4219094N;06958798W;3.3
25;4;6;18;9;24;4220628N;07002640W;39.
25;4;6;18;9;39;4225051N;07012271W;46.
25;4;6;18;9;54;4230130N;07020617W;37.
25;4;6;18;10;9;4234375N;07027781W;39.
25;4;6;18;10;24;4240569N;07030977W;38.
25;4;6;18;10;39;4244826N;07034387W;12.
25;4;6;18;10;54;4250985N;07037008W;29.
25;4;6;18;11;9;4258333N;07037124W;29.
25;4;6;18;11;25;4259274N;07036868W;0.3
25;4;6;18;11;40;4259300N;07036934W;0.3
25;4;6;18;11;55;4259244N;07036754W;0.1
25;4;6;18;12;10;4259322N;07036902W;0.6
25;4;6;18;12;26;4259321N;07036885W;0.4
25;4;6;18;12;41;4259347N;07036960W;0.1
25;4;6;18;12;57;4259355N;07036959W;0.3
25;4;6;18;13;12;4259345N;07036963W;0.2
25;4;6;18;13;27;4259343N;07036959W;0.2
25;4;6;18;13;42;4259339N;07036955W;0.7
25;4;6;18;13;57;4259340N;07036946W;0.1
25;4;6;18;14;12;4259362N;07036970W;1.1
25;4;6;18;14;27;4259338N;07036942W;0.6
25;4;6;18;14;43;4259331N;07036936W;0.2
25;4;6;18;14;58;4259391N;07037003W;0.2
25;4;6;18;15;13;4259329N;07036919W;0.4
25;4;6;18;15;28;4259303N;07036906W;0.4
25;4;6;18;15;44;4259321N;07036908W;0.3
25;4;6;18;15;59;4259336N;07036923W;0.2
25;4;6;18;16;15;4259354N;07036963W;0.2
25;4;6;18;16;30;4259354N;07036966W;2.3
25;4;6;18;16;45;4259352N;07036958W;1.3
25;4;6;18;17;0;4259480N;07037102W;0.1
25;4;6;18;17;15;4259367N;07036938W;1.1
25;4;6;18;17;31;4259308N;07036990W;0.6
25;4;6;18;17;46;4259293N;07036832W;0.1
25;4;6;18;18;2;4259359N;07036953W;2.9
25;4;6;18;18;17;4259338N;07036931W;1.2
25;4;6;18;18;32;4259377N;07036992W;3.8
25;4;6;18;18;48;4259443N;07037096W;0.9
25;4;6;18;19;3;4259002N;07036460W;2.1
25;4;6;18;19;19;4259355N;07036958W;0.1
25;4;6;18;19;34;4259368N;07036951W;0.9
25;4;6;18;19;49;4259378N;07036946W;0.5
25;4;6;18;20;4;4259353N;07036960W;2.2
25;4;6;18;20;25;4259354N;07036961W;0.0
25;4;6;18;21;25;4259328N;07036978W;0.6
25;4;6;18;22;26;4259354N;07036954W;1.0
25;4;6;18;23;26;4259302N;07036975W;0.2
25;5;6;18;0;27;4259352N;07036955W;0.1
25;5;6;18;1;27;4259351N;07036957W;1.0
25;5;6;18;2;28;4259338N;07036954W;0.2
25;5;6;18;3;29;4259353N;07036955W;0.0
25;5;6;18;4;29;4259353N;07036949W;0.1
25;5;6;18;5;29;4259356N;07036962W;0.8
25;5;6;18;6;30;4259203N;07036775W;0.5
25;5;6;18;7;30;4259339N;07036982W;0.2
25;5;6;18;8;31;4259356N;07036993W;0.0
25;5;6;18;9;31;4259347N;07036981W;1.0
25;5;6;18;10;32;4259345N;07036956W;0.3
25;6;6;18;19;10;4251274N;07014797W;21.
25;6;6;18;19;43;4247434N;07004224W;17.
25;6;6;18;19;58;4246798N;06958809W;18.
25;6;6;18;20;14;4246791N;06955963W;0.8
25;6;6;18;20;29;4246951N;06956102W;0.9
25;6;6;18;20;44;4246277N;06956290W;19.
25;6;6;18;20;59;4241592N;06956670W;22.
25;6;6;18;21;14;4236727N;06957110W;26.
25;6;6;18;21;29;4235586N;07000371W;26.
25;6;6;18;21;45;4238447N;07000808W;8.4
25;6;6;18;22;0;4239541N;06959138W;3.6
25;6;6;18;22;16;4240111N;06957993W;3.4
25;6;6;18;22;31;4240397N;06957440W;0.6
25;6;6;18;22;46;4239139N;06957081W;8.2
25;6;6;18;23;1;4239065N;06957747W;4.8
25;6;6;18;23;41;4240596N;06958406W;4.1
25;7;6;18;0;41;4239696N;06958183W;5.1
25;7;6;18;1;41;4236598N;06959704W;8.1
25;7;6;18;2;42;4237914N;06959937W;3.1
25;7;6;18;3;42;4239350N;07000787W;0.1
25;7;6;18;4;43;4239064N;06956366W;2.4
25;7;6;18;5;43;4241370N;06958272W;2.0
25;7;6;18;6;44;4243677N;07000129W;3.3
25;7;6;18;7;44;4245955N;07002058W;2.6
25;7;6;18;8;44;4247288N;07000867W;3.1
25;7;6;18;9;45;4248725N;06959438W;8.8
25;7;6;18;10;45;4248709N;06959543W;4.0
25;7;6;18;11;45;4245681N;06959664W;3.2
25;7;6;18;12;46;4242913N;06959419W;3.0
25;7;6;18;13;47;4239358N;06958002W;2.9
25;7;6;18;14;47;4242206N;06958891W;7.7
25;7;6;18;15;47;4251118N;07025871W;30.
25;7;6;18;16;2;4256007N;07033892W;35.
25;7;6;18;16;17;4259317N;07036964W;0.7
25;7;6;18;17;18;4259338N;07036948W;0.2
25;7;6;18;18;18;4259361N;07036970W;0.5
25;7;6;18;19;18;4259341N;07036942W;1.0
25;7;6;18;20;19;4259352N;07036964W;0.2
25;7;6;18;21;19;4259365N;07036972W;0.3
25;7;6;18;22;20;4259355N;07036951W;0.3
25;7;6;18;23;20;4259356N;07036961W;0.3
25;8;6;18;0;20;4259350N;07036980W;0.2
25;8;6;18;1;21;4259374N;07036964W;0.6
25;8;6;18;2;21;4259336N;07036962W;0.9
25;8;6;18;3;22;4259347N;07036952W;1.7
25;8;6;18;4;22;4259356N;07036950W;0.4
25;8;6;18;5;22;4259363N;07036960W;0.1
25;8;6;18;6;23;4259327N;07036980W;0.6
25;8;6;18;7;23;4259333N;07036966W;0.3
25;8;6;18;8;24;4259333N;07036940W;0.4
25;8;6;18;9;24;4257109N;07028030W;1.5
25;8;6;18;10;25;4258144N;07035779W;25.
25;8;6;18;11;25;4259360N;07036946W;1.9
25;8;6;18;12;25;4259349N;07036949W;0.1
25;8;6;18;13;26;4259350N;07036951W;0.4
25;8;6;18;14;27;4259350N;07036955W;0.1
25;8;6;18;15;27;4259357N;07036912W;0.2
25;8;6;18;16;27;4259323N;07036928W;0.7
25;8;6;18;17;27;4259334N;07036942W;1.4
25;8;6;18;18;28;4258111N;07034009W;16.
25;8;6;18;19;28;4251077N;07031110W;8.6
25;8;6;18;19;43;4249500N;07032500W;7.3
25;8;6;18;19;58;4248028N;07033845W;7.9
25;8;6;18;20;27;4244248N;07036187W;26.
25;8;6;18;21;27;4245498N;07032235W;18.
25;8;6;18;21;42;4247526N;07024234W;28.
25;8;6;18;21;58;4249065N;07017971W;21.
25;8;6;18;22;13;4251431N;07021853W;27.
25;8;6;18;22;28;4256236N;07028125W;28.
25;8;6;18;22;43;4259525N;07034803W;25.
25;8;6;18;22;58;4259387N;07037003W;0.1
25;8;6;18;23;59;4259370N;07037028W;0.2
25;9;6;18;0;59;4259390N;07036921W;0.1
25;9;6;18;2;0;4259286N;07036969W;0.2
25;9;6;18;3;0;4259281N;07036916W;0.4
25;9;6;18;4;0;4259369N;07036925W;1.4
25;9;6;18;5;1;4259328N;07036972W;0.5
25;9;6;18;6;1;4259325N;07037004W;0.5
25;9;6;18;7;1;4259337N;07036987W;0.8
25;9;6;18;8;2;4259306N;07037002W;0.2
25;9;6;18;9;2;4251036N;07006683W;27.
25;9;6;18;10;2;4248094N;06952562W;2.4
25;9;6;18;11;2;4246388N;06952236W;1.9
25;9;6;18;12;2;4245133N;06949358W;3.0
25;9;6;18;13;3;4243202N;06947956W;2.6
25;9;6;18;14;3;4240728N;06949642W;3.9
25;9;6;18;15;3;4243488N;06949954W;3.0
25;9;6;18;16;4;4246046N;06951306W;3.0
25;9;6;18;17;4;4253291N;07004564W;23.
25;9;6;18;18;4;4259133N;07034983W;24.
25;9;6;18;19;4;4259439N;07037008W;0.3
25;9;6;18;20;5;4259354N;07036957W;0.1
25;9;6;18;21;5;4259360N;07036960W;0.9
25;9;6;18;22;6;4259350N;07036955W;0.0
25;9;6;18;23;6;4259355N;07036957W;0.8
