26;1;6;18;9;20;4303565N;07013561W;19.
26;1;6;18;10;20;4310721N;06951986W;0.6
26;1;6;18;11;20;4311170N;06948995W;0.7
26;1;6;18;12;20;4310750N;06950308W;25.
26;1;6;18;13;21;4314525N;06952815W;0.5
26;1;6;18;14;21;4317929N;06954207W;2.2
26;1;6;18;15;21;4320091N;06952594W;2.6
26;1;6;18;16;22;4321869N;06950224W;2.5
26;1;6;18;17;22;4322707N;06950060W;0.1
26;1;6;18;18;22;4326028N;06955155W;7.3
26;1;6;18;19;20;4325309N;07017381W;24.
26;1;6;18;19;35;4326370N;07020236W;0.4
26;1;6;18;19;57;4326200N;07020825W;24.
26;1;6;18;20;12;4323702N;07024481W;12.
26;1;6;18;20;27;4321770N;07025456W;6.8
26;1;6;18;20;42;4321394N;07025778W;0.2
26;1;6;18;20;57;4320706N;07029628W;16.
26;1;6;18;21;12;4316272N;07033890W;23.
26;1;6;18;21;27;4311134N;07035936W;24.
26;1;6;18;21;43;4309023N;07037509W;0.4
26;1;6;18;21;58;4309019N;07037430W;0.6
26;1;6;18;22;13;4307673N;07038217W;22.
26;1;6;18;22;28;4302233N;07038746W;21.
26;1;6;18;22;43;4259313N;07036958W;0.0
26;1;6;18;22;58;4259314N;07036964W;0.1
26;1;6;18;23;13;4259314N;07036956W;0.7
26;1;6;18;23;29;4259315N;07036938W;0.1
26;2;6;18;0;30;4259310N;07036944W;0.1
26;2;6;18;1;30;4259303N;07036943W;0.9
26;2;6;18;1;30;4259303N;07036943W;0.9
26;2;6;18;1;30;4259303N;07036943W;0.9
26;2;6;18;1;30;4259303N;07036943W;0.9
26;2;6;18;2;31;4259309N;07036944W;0.5
26;2;6;18;3;31;4259315N;07036946W;0.3
26;2;6;18;4;32;4259309N;07036938W;0.0
26;2;6;18;5;32;4259307N;07036944W;0.5
26;2;6;18;6;33;4259298N;07036928W;0.7
26;2;6;18;7;33;4259307N;07036941W;0.1
26;2;6;18;8;33;4259295N;07036963W;0.1
26;2;6;18;9;34;4259312N;07036946W;0.2
26;2;6;18;10;34;4259307N;07036958W;1.6
26;2;6;18;11;35;4259306N;07036930W;0.1
26;2;6;18;12;35;4259286N;07036891W;0.2
26;2;6;18;13;36;4259306N;07036938W;0.1
26;3;6;18;15;9;4312080N;07004965W;35.
26;3;6;18;15;24;4310232N;07011302W;25.
26;3;6;18;15;39;4306589N;07018041W;32.
26;3;6;18;15;54;4303490N;07026942W;38.
26;3;6;18;16;9;4300313N;07035592W;38.
26;3;6;18;16;25;4259307N;07036942W;0.4
26;3;6;18;16;40;4259308N;07036945W;0.1
26;3;6;18;16;55;4259341N;07036977W;0.9
26;3;6;18;17;10;4259311N;07036954W;2.3
26;3;6;18;17;25;4259307N;07036945W;0.9
26;3;6;18;17;41;4259307N;07036940W;0.0
26;3;6;18;17;57;4259301N;07036933W;0.3
26;3;6;18;18;12;4259300N;07036931W;0.1
26;3;6;18;18;27;4259302N;07036932W;0.2
26;3;6;18;18;42;4259312N;07036939W;3.8
26;3;6;18;18;42;4259312N;07036939W;3.8
26;3;6;18;18;58;4259309N;07036940W;0.1
26;3;6;18;18;58;4259309N;07036940W;0.1
26;3;6;18;18;58;4259309N;07036940W;0.1
26;3;6;18;19;14;4259312N;07036949W;0.9
26;3;6;18;19;30;4259311N;07036947W;0.0
26;3;6;18;19;45;4259310N;07036951W;1.2
26;3;6;18;20;0;4259299N;07036915W;0.8
26;3;6;18;20;15;4259287N;07036902W;6.1
26;3;6;18;20;30;4259306N;07036947W;0.7
26;3;6;18;20;30;4259306N;07036947W;0.7
26;3;6;18;20;30;4259306N;07036947W;0.7
26;3;6;18;20;46;4259326N;07036989W;0.3
26;3;6;18;21;1;4259310N;07036944W;0.5
26;3;6;18;21;16;4259309N;07036941W;0.4
26;3;6;18;21;31;4259310N;07036945W;0.1
26;3;6;18;22;33;4259247N;07036949W;0.1
26;3;6;18;23;33;4259296N;07036940W;0.4
26;4;6;18;0;34;4259309N;07036943W;0.0
26;4;6;18;1;34;4259304N;07036991W;0.2
26;4;6;18;2;34;4259301N;07036984W;0.3
26;4;6;18;3;35;4259307N;07036938W;0.2
26;4;6;18;4;35;4259307N;07036935W;0.2
26;4;6;18;5;36;4259306N;07036937W;0.1
26;4;6;18;6;36;4259305N;07036940W;0.1
26;4;6;18;7;37;4259268N;07036951W;0.8
26;4;6;18;8;37;4259401N;07037010W;0.1
26;4;6;18;9;38;4259268N;07036855W;0.6
26;4;6;18;10;38;4259309N;07036941W;0.4
26;6;6;18;16;50;4308825N;06945025W;0.3
26;6;6;18;17;51;4308688N;06944950W;0.7
26;6;6;18;18;52;4311602N;06955836W;24.
26;6;6;18;19;52;4310401N;07020172W;27.
26;6;6;18;20;29;4300814N;07035750W;23.
26;6;6;18;21;30;4259302N;07036946W;0.5
26;6;6;18;22;30;4259308N;07036949W;0.1
26;6;6;18;23;31;4259307N;07036943W;0.1
26;7;6;18;0;32;4259318N;07036952W;0.0
26;7;6;18;1;32;4259312N;07036989W;0.2
26;7;6;18;2;33;4259301N;07037002W;0.1
26;7;6;18;3;34;4259309N;07036940W;0.2
26;7;6;18;4;35;4259304N;07036936W;0.1
26;8;6;18;21;16;4248905N;06935658W;0.2
26;8;6;18;22;16;4259550N;07000317W;27.
26;8;6;18;23;16;4302254N;07025869W;25.
26;9;6;18;0;17;4259307N;07036945W;0.1
26;9;6;18;1;17;4259281N;07036949W;1.7
26;9;6;18;2;18;4259267N;07036918W;0.7
26;9;6;18;3;19;4259256N;07036927W;0.1
