28;1;6;18;17;31;4259318N;07036920W;0.4
28;1;6;18;17;31;4259318N;07036920W;0.4
28;1;6;18;17;31;4259318N;07036920W;0.4
28;1;6;18;17;47;4259319N;07036912W;0.2
28;1;6;18;18;2;4259299N;07036928W;0.2
28;1;6;18;18;17;4259329N;07036922W;0.7
28;1;6;18;18;32;4258422N;07037595W;21.
28;1;6;18;18;47;4253551N;07037699W;21.
28;1;6;18;19;2;4252356N;07037041W;40.
28;1;6;18;19;18;4259380N;07036947W;0.2
28;1;6;18;19;33;4259354N;07036930W;0.6
28;1;6;18;19;48;4259349N;07036926W;0.8
28;1;6;18;20;3;4259309N;07036923W;0.3
28;1;6;18;20;3;4259309N;07036923W;0.3
28;1;6;18;20;3;4259309N;07036923W;0.3
28;1;6;18;20;3;4259309N;07036923W;0.3
28;1;6;18;20;3;4259309N;07036923W;0.3
28;1;6;18;20;3;4259309N;07036923W;0.3
28;1;6;18;20;3;4259309N;07036923W;0.3
28;1;6;18;20;19;4259294N;07036926W;18.
28;1;6;18;20;19;4259294N;07036926W;18.
28;1;6;18;20;19;4259294N;07036926W;18.
28;1;6;18;20;19;4259294N;07036926W;18.
28;1;6;18;20;19;4259294N;07036926W;18.
28;1;6;18;20;19;4259294N;07036926W;18.
28;1;6;18;20;34;4259309N;07036907W;0.1
28;1;6;18;20;49;4259306N;07036904W;0.2
28;1;6;18;21;5;4259312N;07036906W;0.1
28;1;6;18;21;20;4259314N;07036913W;0.3
28;1;6;18;21;35;4259313N;07036916W;0.2
28;1;6;18;21;51;4259324N;07036907W;0.5
28;1;6;18;22;6;4259317N;07036909W;0.3
28;1;6;18;22;21;4259327N;07036887W;3.9
28;1;6;18;22;36;4259324N;07036912W;0.4
28;1;6;18;22;51;4259308N;07036911W;1.4
28;1;6;18;23;7;4259310N;07036899W;0.4
28;1;6;18;23;22;4259306N;07036919W;0.1
28;1;6;18;23;37;4259315N;07036928W;0.8
28;1;6;18;23;52;4259315N;07036927W;0.7
28;1;6;18;23;52;4259315N;07036927W;0.7
28;2;6;18;0;7;4259312N;07036929W;0.1
28;2;6;18;0;7;4259312N;07036929W;0.1
28;2;6;18;0;23;4259317N;07036924W;0.6
28;2;6;18;0;38;4259323N;07036935W;0.6
28;2;6;18;0;38;4259323N;07036935W;0.6
28;2;6;18;0;54;4259324N;07036914W;0.1
28;2;6;18;0;54;4259324N;07036914W;0.1
28;2;6;18;1;9;4259325N;07036914W;0.7
28;2;6;18;1;25;4259328N;07036909W;0.5
28;2;6;18;1;41;4259339N;07036917W;0.7
28;2;6;18;1;56;4259318N;07036950W;0.1
28;2;6;18;2;11;4259318N;07036926W;0.4
28;2;6;18;2;26;4259321N;07036920W;0.6
28;2;6;18;2;41;4259324N;07036932W;1.4
28;2;6;18;2;57;4259324N;07036937W;0.8
28;2;6;18;3;12;4259315N;07036901W;0.6
28;2;6;18;3;27;4259318N;07036891W;2.4
28;2;6;18;3;42;4259328N;07036909W;0.8
28;2;6;18;3;57;4259328N;07036900W;0.2
28;2;6;18;4;13;4259323N;07036914W;0.3
28;2;6;18;4;28;4259323N;07036911W;1.2
28;2;6;18;4;43;4259323N;07036920W;0.3
28;2;6;18;4;58;4259327N;07036915W;0.2
28;2;6;18;5;13;4259325N;07036914W;0.3
28;2;6;18;5;29;4259324N;07036913W;0.1
28;2;6;18;5;44;4259326N;07036922W;1.3
28;2;6;18;5;59;4259316N;07036912W;1.0
28;2;6;18;6;14;4259317N;07036906W;0.2
28;2;6;18;6;29;4259305N;07036892W;0.2
28;2;6;18;6;44;4259306N;07036892W;0.6
28;2;6;18;6;59;4259316N;07036904W;0.1
28;2;6;18;7;14;4259318N;07036910W;0.2
28;2;6;18;7;30;4259318N;07036898W;0.2
28;2;6;18;7;45;4259317N;07036899W;0.3
28;2;6;18;8;0;4259324N;07036912W;0.5
28;2;6;18;8;15;4259323N;07036916W;0.4
28;2;6;18;8;30;4259325N;07036916W;0.8
28;2;6;18;8;45;4259315N;07036902W;0.3
28;2;6;18;9;1;4259295N;07036889W;0.4
28;2;6;18;9;16;4259180N;07036833W;0.2
28;2;6;18;9;16;4259180N;07036833W;0.2
28;2;6;18;9;31;4259322N;07036919W;0.5
28;2;6;18;9;46;4259319N;07036929W;3.8
28;2;6;18;10;1;4259310N;07036915W;0.3
28;2;6;18;10;16;4259305N;07036909W;0.4
28;2;6;18;10;31;4259303N;07036905W;0.1
28;2;6;18;10;46;4259291N;07036871W;0.5
28;2;6;18;11;1;4259291N;07036883W;0.3
28;2;6;18;11;16;4259290N;07036882W;2.9
28;2;6;18;11;16;4259290N;07036882W;2.9
28;2;6;18;11;16;4259290N;07036882W;2.9
28;2;6;18;11;16;4259290N;07036882W;2.9
28;2;6;18;11;32;4259293N;07036890W;0.5
28;2;6;18;11;47;4255162N;07037781W;33.
28;2;6;18;12;2;4247819N;07038926W;16.
28;2;6;18;12;17;4247738N;07038941W;0.3
28;2;6;18;12;32;4247084N;07039509W;1.3
28;2;6;18;12;47;4246942N;07039504W;0.7
28;2;6;18;13;3;4246837N;07039447W;1.3
28;2;6;18;13;18;4246754N;07039432W;0.3
28;2;6;18;13;33;4246654N;07039455W;0.2
28;2;6;18;13;48;4246575N;07039392W;0.4
28;2;6;18;14;4;4246543N;07039264W;0.3
28;2;6;18;14;19;4246417N;07039164W;1.0
28;2;6;18;14;34;4246261N;07039114W;0.1
28;2;6;18;14;49;4246104N;07039109W;1.1
28;2;6;18;15;4;4246277N;07039146W;24.
28;2;6;18;15;19;4246606N;07039154W;30.
28;2;6;18;15;34;4246303N;07039136W;1.4
28;2;6;18;15;49;4246212N;07039193W;2.7
28;2;6;18;16;4;4246169N;07039272W;0.4
28;2;6;18;16;20;4246056N;07039222W;0.8
28;2;6;18;16;35;4245986N;07037442W;0.4
28;2;6;18;16;50;4246057N;07038116W;1.2
28;2;6;18;17;5;4245686N;07037841W;1.0
28;2;6;18;17;20;4246560N;07038403W;27.
28;2;6;18;17;35;4247023N;07038867W;0.9
28;2;6;18;17;50;4247512N;07038801W;27.
28;2;6;18;18;5;4248988N;07038196W;2.1
28;2;6;18;18;20;4249308N;07037918W;0.3
28;2;6;18;18;35;4249291N;07038011W;0.7
28;2;6;18;18;50;4250270N;07036340W;0.5
28;2;6;18;19;6;4250280N;07036376W;0.3
28;2;6;18;19;21;4250334N;07036433W;0.2
28;2;6;18;19;36;4250403N;07036460W;0.1
28;2;6;18;19;51;4250448N;07036488W;0.3
28;2;6;18;20;6;4250441N;07036477W;0.2
28;2;6;18;20;21;4250509N;07036415W;0.3
28;2;6;18;20;36;4254252N;07037016W;29.
28;2;6;18;20;51;4259286N;07036859W;0.2
28;2;6;18;21;7;4259310N;07036894W;0.0
28;2;6;18;21;22;4259360N;07036930W;0.1
28;2;6;18;21;37;4259422N;07036942W;0.0
28;2;6;18;21;53;4259353N;07036906W;0.3
28;2;6;18;22;8;4259310N;07036924W;0.9
28;2;6;18;22;23;4259311N;07036911W;0.1
28;2;6;18;22;23;4259311N;07036911W;0.1
28;2;6;18;22;23;4259311N;07036911W;0.1
28;2;6;18;22;38;4259310N;07036926W;0.8
28;2;6;18;22;53;4259314N;07036926W;0.2
28;2;6;18;22;53;4259314N;07036926W;0.2
28;2;6;18;22;53;4259314N;07036926W;0.2
28;2;6;18;23;8;4259310N;07036917W;0.1
28;2;6;18;23;23;4259318N;07036914W;0.3
28;2;6;18;23;38;4259314N;07036914W;0.9
28;2;6;18;23;38;4259314N;07036914W;0.9
28;2;6;18;23;38;4259314N;07036914W;0.9
28;2;6;18;23;38;4259314N;07036914W;0.9
28;2;6;18;23;38;4259314N;07036914W;0.9
28;2;6;18;23;38;4259314N;07036914W;0.9
28;2;6;18;23;38;4259314N;07036914W;0.9
28;2;6;18;23;38;4259314N;07036914W;0.9
28;2;6;18;23;38;4259314N;07036914W;0.9
28;2;6;18;23;54;4259316N;07036915W;1.4
28;2;6;18;23;54;4259316N;07036915W;1.4
28;3;6;18;0;9;4259319N;07036913W;0.5
28;3;6;18;0;9;4259319N;07036913W;0.5
28;3;6;18;0;24;4259322N;07036913W;0.3
28;3;6;18;0;24;4259322N;07036913W;0.3
28;3;6;18;0;24;4259322N;07036913W;0.3
28;3;6;18;0;24;4259322N;07036913W;0.3
28;3;6;18;0;24;4259322N;07036913W;0.3
28;3;6;18;0;39;4259327N;07036916W;2.0
28;3;6;18;0;39;4259327N;07036916W;2.0
28;3;6;18;0;39;4259327N;07036916W;2.0
28;3;6;18;0;39;4259327N;07036916W;2.0
28;3;6;18;0;39;4259327N;07036916W;2.0
28;3;6;18;0;54;4259322N;07036940W;0.7
28;3;6;18;1;9;4259313N;07036912W;0.6
28;3;6;18;1;25;4259315N;07036910W;0.5
28;3;6;18;1;40;4259311N;07036929W;0.1
28;3;6;18;1;55;4259342N;07036889W;0.4
28;3;6;18;2;10;4259320N;07036915W;0.5
28;3;6;18;2;25;4259314N;07036913W;0.4
28;3;6;18;2;40;4259320N;07036915W;0.4
28;3;6;18;2;56;4259318N;07036915W;0.4
28;3;6;18;3;11;4259308N;07036914W;0.2
28;3;6;18;3;26;4259327N;07036928W;0.6
28;3;6;18;3;41;4259335N;07036933W;0.0
28;3;6;18;3;56;4259332N;07036931W;0.1
28;3;6;18;3;56;4259332N;07036931W;0.1
28;3;6;18;4;12;4259322N;07036912W;0.1
28;3;6;18;4;12;4259322N;07036912W;0.1
28;3;6;18;4;12;4259322N;07036912W;0.1
28;3;6;18;4;12;4259322N;07036912W;0.1
28;3;6;18;4;27;4259319N;07036906W;0.3
28;3;6;18;4;42;4259322N;07036910W;0.3
28;3;6;18;4;57;4259320N;07036908W;0.9
28;3;6;18;5;14;4259333N;07036914W;0.2
28;3;6;18;5;29;4259339N;07036925W;0.3
28;3;6;18;5;29;4259339N;07036925W;0.3
28;3;6;18;5;45;4259324N;07036910W;0.0
28;3;6;18;6;0;4259321N;07036918W;0.6
28;3;6;18;6;16;4259323N;07036923W;0.1
28;3;6;18;6;31;4259317N;07036917W;0.3
28;3;6;18;6;46;4259316N;07036911W;0.1
28;3;6;18;6;46;4259316N;07036911W;0.1
28;3;6;18;7;1;4259315N;07036905W;0.3
28;3;6;18;7;17;4259322N;07036907W;0.6
28;3;6;18;7;32;4259321N;07036907W;0.3
28;3;6;18;7;48;4259320N;07036910W;0.1
28;3;6;18;8;3;4259321N;07036910W;0.1
28;3;6;18;8;18;4259321N;07036913W;0.0
28;3;6;18;8;18;4259321N;07036913W;0.0
28;3;6;18;8;33;4259325N;07036916W;0.3
28;3;6;18;8;49;4259324N;07036916W;0.6
28;3;6;18;9;4;4259320N;07036918W;0.1
28;3;6;18;9;19;4259323N;07036916W;0.3
28;3;6;18;9;19;4259323N;07036916W;0.3
28;3;6;18;9;34;4259323N;07036915W;0.5
28;3;6;18;9;50;4259297N;07036921W;0.4
28;3;6;18;10;5;4259322N;07036914W;0.2
28;3;6;18;10;20;4259290N;07036926W;0.4
28;3;6;18;10;36;4259324N;07036894W;0.2
28;3;6;18;10;51;4259331N;07036907W;0.1
28;3;6;18;11;6;4259316N;07036902W;0.4
28;3;6;18;11;6;4259316N;07036902W;0.4
28;3;6;18;11;6;4259316N;07036902W;0.4
28;3;6;18;11;21;4259316N;07036905W;0.1
28;3;6;18;11;37;4259317N;07036905W;0.3
28;3;6;18;11;37;4259317N;07036905W;0.3
28;3;6;18;11;52;4259318N;07036892W;0.1
28;3;6;18;11;52;4259318N;07036892W;0.1
28;3;6;18;12;7;4259312N;07036901W;0.1
28;3;6;18;12;23;4259324N;07036913W;0.1
28;3;6;18;12;38;4259325N;07036911W;0.4
28;3;6;18;12;54;4259335N;07036909W;0.2
28;3;6;18;13;9;4259345N;07036913W;0.8
28;3;6;18;13;24;4259333N;07036886W;0.1
28;3;6;18;13;24;4259333N;07036886W;0.1
28;3;6;18;13;40;4259330N;07036873W;0.3
28;3;6;18;13;40;4259330N;07036873W;0.3
28;3;6;18;13;56;4259313N;07036928W;0.2
28;3;6;18;14;11;4259316N;07036905W;0.3
28;3;6;18;14;27;4259282N;07036975W;0.3
28;3;6;18;14;27;4259282N;07036975W;0.3
28;3;6;18;14;43;4259325N;07036894W;0.3
28;3;6;18;14;58;4259322N;07036909W;0.1
28;3;6;18;15;13;4259324N;07036914W;3.0
28;3;6;18;15;29;4259326N;07036911W;0.2
28;3;6;18;15;44;4259315N;07036902W;0.2
28;3;6;18;15;59;4259321N;07036899W;0.5
28;3;6;18;16;14;4259339N;07036912W;0.5
28;3;6;18;16;29;4259344N;07036918W;0.6
28;3;6;18;16;44;4259333N;07036916W;0.4
28;3;6;18;17;0;4259157N;07036833W;1.0
28;3;6;18;17;15;4259270N;07036885W;0.1
28;3;6;18;17;30;4259273N;07036881W;0.2
28;3;6;18;17;45;4259313N;07037330W;25.
28;3;6;18;18;0;4257910N;07039581W;21.
28;3;6;18;18;15;4253819N;07040825W;29.
28;3;6;18;18;30;4252189N;07042024W;41.
28;3;6;18;18;45;4251360N;07042417W;7.8
28;3;6;18;19;0;4250450N;07041489W;1.6
28;3;6;18;19;16;4248969N;07037836W;19.
28;3;6;18;19;31;4248345N;07037609W;0.5
28;3;6;18;19;46;4247719N;07037464W;16.
28;3;6;18;20;2;4248781N;07033565W;26.
28;3;6;18;20;17;4248626N;07031538W;18.
28;3;6;18;20;32;4248584N;07027448W;0.9
28;3;6;18;20;47;4249334N;07026274W;25.
28;3;6;18;21;2;4249510N;07023699W;12.
28;3;6;18;21;17;4249662N;07028935W;29.
28;3;6;18;21;33;4249170N;07030043W;0.7
28;3;6;18;21;48;4247824N;07029190W;0.5
28;3;6;18;22;3;4247391N;07032094W;27.
28;3;6;18;22;24;4247763N;07035887W;30.
28;3;6;18;22;39;4246904N;07041487W;22.
28;3;6;18;22;54;4247161N;07040376W;6.0
28;3;6;18;23;9;4246952N;07041117W;0.3
28;3;6;18;23;24;4246017N;07040881W;0.7
28;3;6;18;23;39;4246033N;07041294W;34.
28;3;6;18;23;54;4248999N;07041818W;16.
28;4;6;18;0;9;4253761N;07039965W;27.
28;4;6;18;0;24;4259291N;07036892W;3.7
28;4;6;18;0;39;4259287N;07036894W;4.2
28;4;6;18;0;54;4259316N;07036913W;0.1
28;4;6;18;1;9;4259313N;07036912W;0.1
28;4;6;18;1;24;4259330N;07036911W;0.0
28;4;6;18;1;24;4259330N;07036911W;0.0
28;4;6;18;1;40;4259342N;07036892W;0.8
28;4;6;18;1;40;4259342N;07036892W;0.8
28;4;6;18;1;40;4259342N;07036892W;0.8
28;4;6;18;1;55;4259341N;07036901W;0.4
28;4;6;18;1;55;4259341N;07036901W;0.4
28;4;6;18;1;55;4259341N;07036901W;0.4
28;4;6;18;1;55;4259341N;07036901W;0.4
28;4;6;18;1;55;4259341N;07036901W;0.4
28;4;6;18;2;10;4259334N;07036909W;0.2
28;4;6;18;2;25;4259326N;07036915W;0.9
28;4;6;18;2;25;4259326N;07036915W;0.9
28;4;6;18;2;25;4259326N;07036915W;0.9
28;4;6;18;2;25;4259326N;07036915W;0.9
28;4;6;18;2;25;4259326N;07036915W;0.9
28;4;6;18;2;25;4259326N;07036915W;0.9
28;4;6;18;2;25;4259326N;07036915W;0.9
28;4;6;18;2;25;4259326N;07036915W;0.9
28;4;6;18;2;40;4259329N;07036915W;0.2
28;4;6;18;2;56;4259325N;07036907W;0.2
28;4;6;18;3;12;4259320N;07036904W;1.0
28;4;6;18;3;27;4259322N;07036912W;0.2
28;4;6;18;3;27;4259322N;07036912W;0.2
28;4;6;18;3;27;4259322N;07036912W;0.2
28;4;6;18;3;27;4259322N;07036912W;0.2
28;4;6;18;3;43;4259328N;07036918W;1.0
28;4;6;18;3;58;4259328N;07036922W;0.7
28;4;6;18;4;13;4259313N;07036946W;0.1
28;4;6;18;4;28;4259325N;07036875W;0.2
28;4;6;18;4;44;4259328N;07036914W;2.1
28;4;6;18;4;44;4259328N;07036914W;2.1
28;4;6;18;4;59;4259329N;07036917W;0.8
28;4;6;18;5;15;4259334N;07036908W;0.1
28;4;6;18;5;30;4259336N;07036908W;0.4
28;4;6;18;5;46;4259320N;07036912W;0.0
28;4;6;18;6;1;4259324N;07036916W;0.3
28;4;6;18;6;16;4259318N;07036916W;0.1
28;4;6;18;6;31;4259308N;07036895W;0.4
28;4;6;18;6;46;4259321N;07036915W;0.8
28;4;6;18;6;46;4259321N;07036915W;0.8
28;4;6;18;7;2;4259329N;07036930W;1.5
28;4;6;18;7;2;4259329N;07036930W;1.5
28;4;6;18;7;17;4259319N;07036907W;0.8
28;4;6;18;7;32;4259318N;07036878W;0.5
28;4;6;18;7;32;4259318N;07036878W;0.5
28;4;6;18;7;47;4259312N;07036902W;0.5
28;4;6;18;8;2;4259320N;07036915W;3.1
28;4;6;18;8;17;4259317N;07036909W;0.2
28;4;6;18;8;33;4259321N;07036907W;0.3
28;4;6;18;8;48;4259301N;07036900W;0.2
28;4;6;18;9;3;4259493N;07037431W;9.5
28;4;6;18;9;18;4300716N;07041009W;0.3
28;4;6;18;9;33;4301188N;07040332W;0.5
28;4;6;18;9;49;4302063N;07040326W;0.6
28;4;6;18;10;4;4301826N;07040295W;0.3
28;4;6;18;10;19;4301315N;07039001W;1.0
28;4;6;18;10;35;4301374N;07039079W;0.4
28;4;6;18;10;50;4301439N;07039145W;0.4
28;4;6;18;11;5;4300939N;07039068W;14.
28;4;6;18;11;20;4259287N;07036901W;1.9
28;4;6;18;11;35;4259287N;07036897W;0.4
28;4;6;18;11;51;4259289N;07036886W;1.4
28;4;6;18;12;6;4259283N;07036886W;0.1
28;4;6;18;12;21;4259291N;07036887W;0.8
28;4;6;18;12;36;4259325N;07036902W;1.2
28;4;6;18;12;51;4259307N;07036909W;0.2
28;4;6;18;13;6;4259322N;07036913W;0.6
28;4;6;18;13;6;4259322N;07036913W;0.6
28;4;6;18;13;6;4259322N;07036913W;0.6
28;4;6;18;13;6;4259322N;07036913W;0.6
28;4;6;18;13;6;4259322N;07036913W;0.6
28;4;6;18;13;22;4259336N;07036915W;0.4
28;4;6;18;13;37;4259321N;07036910W;1.0
28;4;6;18;13;52;4259311N;07036901W;0.2
28;4;6;18;13;52;4259311N;07036901W;0.2
28;4;6;18;13;52;4259311N;07036901W;0.2
28;4;6;18;14;8;4259296N;07036904W;0.3
28;4;6;18;14;23;4259306N;07036899W;0.4
28;4;6;18;14;23;4259306N;07036899W;0.4
28;4;6;18;14;23;4259306N;07036899W;0.4
28;4;6;18;14;23;4259306N;07036899W;0.4
28;4;6;18;14;23;4259306N;07036899W;0.4
28;4;6;18;14;23;4259306N;07036899W;0.4
28;4;6;18;14;23;4259306N;07036899W;0.4
28;4;6;18;14;23;4259306N;07036899W;0.4
28;4;6;18;14;23;4259306N;07036899W;0.4
28;4;6;18;14;23;4259306N;07036899W;0.4
28;4;6;18;14;23;4259306N;07036899W;0.4
28;4;6;18;14;23;4259306N;07036899W;0.4
28;4;6;18;14;23;4259306N;07036899W;0.4
28;4;6;18;14;39;4259323N;07036910W;0.3
28;4;6;18;14;39;4259323N;07036910W;0.3
28;4;6;18;14;39;4259323N;07036910W;0.3
28;4;6;18;14;39;4259323N;07036910W;0.3
28;4;6;18;14;54;4259321N;07036908W;0.1
28;4;6;18;15;9;4259321N;07036906W;3.6
28;4;6;18;15;9;4259321N;07036906W;3.6
28;4;6;18;15;9;4259321N;07036906W;3.6
28;4;6;18;15;9;4259321N;07036906W;3.6
28;4;6;18;15;24;4259321N;07036910W;1.3
28;4;6;18;15;24;4259321N;07036910W;1.3
28;4;6;18;15;24;4259321N;07036910W;1.3
28;4;6;18;15;24;4259321N;07036910W;1.3
28;4;6;18;15;39;4259314N;07036910W;3.8
28;4;6;18;15;39;4259314N;07036910W;3.8
28;4;6;18;15;39;4259314N;07036910W;3.8
28;4;6;18;15;54;4259320N;07036914W;0.1
28;4;6;18;16;9;4259321N;07036912W;0.4
28;4;6;18;16;24;4259328N;07036916W;0.8
28;4;6;18;16;39;4259315N;07036915W;0.9
28;4;6;18;16;54;4259321N;07036920W;2.1
28;4;6;18;17;9;4259310N;07036910W;0.8
28;4;6;18;17;24;4259318N;07036917W;0.6
28;4;6;18;17;40;4259306N;07036899W;0.3
28;4;6;18;17;55;4259309N;07036904W;0.0
28;4;6;18;18;10;4259319N;07036921W;0.1
28;4;6;18;18;25;4259320N;07036922W;0.3
28;4;6;18;18;40;4259310N;07036904W;0.2
28;4;6;18;18;55;4259317N;07036911W;0.2
28;4;6;18;19;10;4259323N;07036915W;0.4
28;4;6;18;19;26;4259345N;07036914W;0.2
28;4;6;18;19;41;4259310N;07036915W;0.0
28;4;6;18;19;56;4259312N;07036918W;0.3
28;4;6;18;20;11;4259328N;07036913W;0.1
28;4;6;18;20;26;4259324N;07036925W;0.2
28;4;6;18;20;42;4259324N;07036923W;0.3
28;4;6;18;20;57;4259329N;07036898W;1.3
28;4;6;18;21;12;4259310N;07036904W;0.3
28;4;6;18;21;27;4259314N;07036911W;0.1
28;4;6;18;21;42;4259310N;07036899W;0.3
28;4;6;18;21;57;4259313N;07036912W;1.2
28;4;6;18;22;12;4259319N;07036917W;0.3
28;4;6;18;22;27;4259291N;07036951W;0.6
28;4;6;18;22;42;4259314N;07036913W;0.3
28;4;6;18;22;57;4259317N;07036913W;1.2
28;4;6;18;23;12;4259319N;07036914W;0.3
28;4;6;18;23;27;4259323N;07036913W;0.3
28;4;6;18;23;42;4259325N;07036912W;0.3
28;4;6;18;23;57;4259321N;07036913W;0.5
28;5;6;18;0;13;4259321N;07036912W;0.1
28;5;6;18;0;28;4259323N;07036916W;0.4
28;5;6;18;0;43;4259324N;07036918W;0.6
28;5;6;18;0;58;4259317N;07036907W;0.3
28;5;6;18;1;13;4259324N;07036918W;0.3
28;5;6;18;1;28;4259344N;07036898W;0.6
28;5;6;18;1;44;4259323N;07036909W;0.0
28;5;6;18;1;59;4259329N;07036905W;0.4
28;5;6;18;2;14;4259324N;07036909W;1.0
28;5;6;18;2;29;4259324N;07036910W;0.4
28;5;6;18;2;44;4259335N;07036915W;1.4
28;5;6;18;2;59;4259322N;07036911W;0.5
28;5;6;18;3;14;4259330N;07036915W;0.8
28;5;6;18;3;29;4259326N;07036913W;0.3
28;5;6;18;3;45;4259326N;07036915W;0.3
28;5;6;18;4;0;4259325N;07036914W;0.1
28;5;6;18;4;15;4259331N;07036911W;0.3
28;5;6;18;4;30;4259321N;07036908W;0.3
28;5;6;18;4;30;4259321N;07036908W;0.3
28;5;6;18;4;45;4259326N;07036911W;0.3
28;5;6;18;5;0;4259324N;07036914W;1.2
28;5;6;18;5;16;4259326N;07036919W;0.3
28;5;6;18;5;16;4259326N;07036919W;0.3
28;5;6;18;5;31;4259327N;07036917W;1.0
28;5;6;18;5;46;4259324N;07036913W;0.2
28;5;6;18;6;2;4259324N;07036916W;0.2
28;5;6;18;6;17;4259327N;07036920W;0.8
28;5;6;18;6;33;4259315N;07036902W;0.9
28;5;6;18;6;49;4259320N;07036909W;0.3
28;5;6;18;7;4;4259310N;07036887W;0.7
28;5;6;18;7;20;4259314N;07036910W;0.1
28;5;6;18;7;35;4259315N;07036912W;0.7
28;5;6;18;7;51;4259310N;07036915W;0.7
28;5;6;18;8;6;4259300N;07036893W;0.3
28;5;6;18;8;6;4259300N;07036893W;0.3
28;5;6;18;8;21;4259310N;07036904W;1.3
28;5;6;18;8;37;4259314N;07036905W;0.5
28;5;6;18;8;52;4259311N;07036898W;0.2
28;5;6;18;9;8;4259314N;07036939W;0.9
28;5;6;18;9;23;4259308N;07036931W;0.0
28;5;6;18;9;23;4259308N;07036931W;0.0
28;5;6;18;9;23;4259308N;07036931W;0.0
28;5;6;18;9;38;4259312N;07036949W;0.0
28;5;6;18;9;53;4259325N;07036930W;0.1
28;5;6;18;10;8;4259321N;07036928W;0.9
28;5;6;18;10;23;4259327N;07036907W;0.2
28;5;6;18;10;38;4259326N;07036901W;0.0
28;5;6;18;10;53;4259322N;07036905W;0.4
28;5;6;18;11;9;4259321N;07036905W;0.1
28;5;6;18;11;24;4259316N;07036902W;0.8
28;5;6;18;11;39;4259303N;07036906W;0.8
28;5;6;18;11;54;4259296N;07036909W;0.4
28;5;6;18;12;9;4259305N;07036916W;0.5
28;5;6;18;12;24;4259311N;07036914W;0.3
28;5;6;18;12;39;4259318N;07036917W;0.3
28;5;6;18;12;54;4259323N;07036918W;0.1
28;5;6;18;13;9;4259325N;07036902W;0.6
28;5;6;18;13;25;4259343N;07036905W;0.0
28;5;6;18;13;40;4259315N;07036903W;0.1
28;5;6;18;13;57;4259288N;07036897W;1.5
28;5;6;18;14;13;4259324N;07036913W;0.2
28;5;6;18;14;28;4259320N;07036908W;0.4
28;5;6;18;14;43;4259322N;07036908W;0.2
28;5;6;18;14;58;4259318N;07036908W;0.2
28;5;6;18;15;13;4259319N;07036906W;0.1
28;5;6;18;15;28;4259318N;07036905W;0.2
28;5;6;18;15;43;4259316N;07036907W;0.3
28;5;6;18;15;58;4259326N;07036915W;0.4
28;5;6;18;16;13;4259355N;07036946W;0.6
28;5;6;18;16;28;4259364N;07036953W;0.3
28;5;6;18;16;44;4259318N;07036917W;0.7
28;5;6;18;16;59;4259319N;07036916W;0.2
28;5;6;18;17;14;4259324N;07036914W;0.4
28;5;6;18;17;29;4259319N;07036912W;0.0
28;5;6;18;17;44;4259321N;07036910W;3.1
28;5;6;18;17;59;4259326N;07036912W;0.1
28;5;6;18;18;14;4259324N;07036908W;0.4
28;5;6;18;18;29;4259328N;07036914W;0.9
28;5;6;18;18;44;4259324N;07036909W;1.1
28;5;6;18;18;59;4259324N;07036912W;1.3
28;5;6;18;19;15;4259323N;07036911W;0.3
28;5;6;18;19;30;4259317N;07036903W;0.1
28;5;6;18;19;45;4259316N;07036893W;0.3
28;5;6;18;20;0;4259318N;07036917W;0.2
28;5;6;18;20;15;4259313N;07036895W;1.1
28;5;6;18;20;30;4259313N;07036907W;0.8
28;5;6;18;20;45;4259308N;07036882W;0.2
28;5;6;18;21;1;4259256N;07036764W;0.1
28;5;6;18;21;16;4259281N;07036909W;0.1
28;5;6;18;21;31;4259040N;07038884W;22.
28;5;6;18;21;46;4259272N;07036880W;0.5
28;5;6;18;22;2;4259283N;07036903W;0.2
28;5;6;18;22;17;4259283N;07036884W;1.7
28;5;6;18;22;32;4259279N;07036890W;0.1
28;5;6;18;22;47;4259292N;07036894W;0.1
28;5;6;18;23;2;4259257N;07036902W;0.1
28;5;6;18;23;18;4259296N;07036911W;0.1
28;5;6;18;23;18;4259296N;07036911W;0.1
28;5;6;18;23;18;4259296N;07036911W;0.1
28;5;6;18;23;33;4259316N;07036913W;0.8
28;5;6;18;23;49;4259313N;07036930W;0.4
28;5;6;18;23;49;4259313N;07036930W;0.4
28;6;6;18;0;4;4259314N;07036911W;0.7
28;6;6;18;0;19;4259338N;07036925W;0.4
28;6;6;18;0;34;4259299N;07036874W;0.3
28;6;6;18;0;50;4259345N;07036923W;0.3
28;6;6;18;1;5;4259341N;07036902W;0.3
28;6;6;18;1;5;4259341N;07036902W;0.3
28;6;6;18;1;20;4259338N;07036911W;0.3
28;6;6;18;1;35;4259327N;07036917W;0.0
28;6;6;18;1;35;4259327N;07036917W;0.0
28;6;6;18;1;35;4259327N;07036917W;0.0
28;6;6;18;1;51;4259334N;07036929W;0.2
28;6;6;18;1;51;4259334N;07036929W;0.2
28;6;6;18;1;51;4259334N;07036929W;0.2
28;6;6;18;2;6;4259321N;07036927W;0.3
28;6;6;18;2;6;4259321N;07036927W;0.3
28;6;6;18;2;6;4259321N;07036927W;0.3
28;6;6;18;2;6;4259321N;07036927W;0.3
28;6;6;18;2;6;4259321N;07036927W;0.3
28;6;6;18;2;21;4259333N;07036928W;0.2
28;6;6;18;2;36;4259326N;07036926W;0.1
28;6;6;18;2;52;4259329N;07036934W;0.1
28;6;6;18;3;7;4259329N;07036933W;0.1
28;6;6;18;3;7;4259329N;07036933W;0.1
28;6;6;18;3;7;4259329N;07036933W;0.1
28;6;6;18;3;22;4259304N;07036916W;0.3
28;6;6;18;3;22;4259304N;07036916W;0.3
28;6;6;18;3;38;4259320N;07036928W;0.1
28;6;6;18;3;38;4259320N;07036928W;0.1
28;6;6;18;3;38;4259320N;07036928W;0.1
28;6;6;18;3;53;4259323N;07036911W;0.5
28;6;6;18;4;9;4259325N;07036919W;0.6
28;6;6;18;4;9;4259325N;07036919W;0.6
28;6;6;18;4;24;4259324N;07036910W;0.7
28;6;6;18;4;39;4259297N;07036854W;1.2
28;6;6;18;4;54;4259328N;07036923W;0.3
28;6;6;18;5;9;4259331N;07036918W;0.2
28;6;6;18;5;24;4259327N;07036924W;1.1
28;6;6;18;5;39;4259328N;07036932W;0.2
28;6;6;18;5;54;4259322N;07036924W;2.0
28;6;6;18;6;9;4259349N;07036943W;0.4
28;6;6;18;6;25;4259337N;07036936W;0.9
28;6;6;18;6;40;4259313N;07036917W;0.7
28;6;6;18;6;55;4259307N;07036905W;0.3
28;6;6;18;7;10;4259285N;07036898W;10.
28;6;6;18;7;26;4259294N;07036886W;0.3
28;6;6;18;7;26;4259294N;07036886W;0.3
28;6;6;18;7;41;4259276N;07036887W;0.8
28;6;6;18;7;41;4259276N;07036887W;0.8
28;6;6;18;7;56;4259275N;07036906W;0.6
28;6;6;18;8;11;4259309N;07036904W;0.2
28;6;6;18;8;26;4259273N;07036878W;0.7
28;6;6;18;8;42;4259280N;07036881W;0.3
28;6;6;18;8;57;4259318N;07036909W;0.7
28;6;6;18;9;12;4259277N;07036926W;0.6
28;6;6;18;9;27;4256210N;07040572W;0.3
28;6;6;18;9;42;4256133N;07040660W;0.2
28;6;6;18;9;57;4256225N;07040801W;19.
28;6;6;18;10;12;4258334N;07037059W;21.
28;6;6;18;10;28;4259299N;07036870W;0.0
28;6;6;18;10;43;4259293N;07036881W;0.2
28;6;6;18;10;58;4259292N;07036881W;0.5
28;6;6;18;11;13;4259281N;07036896W;0.4
28;6;6;18;11;28;4259264N;07036875W;0.3
28;6;6;18;11;28;4259264N;07036875W;0.3
28;6;6;18;11;43;4259276N;07036882W;0.3
28;6;6;18;11;59;4259312N;07036921W;0.5
28;6;6;18;11;59;4259312N;07036921W;0.5
28;6;6;18;12;14;4259336N;07036925W;0.3
28;6;6;18;12;29;4259295N;07036912W;0.1
28;6;6;18;12;44;4259273N;07036930W;0.2
28;6;6;18;12;59;4259279N;07036917W;0.0
28;6;6;18;13;14;4259313N;07036879W;0.2
28;6;6;18;13;29;4259263N;07036898W;0.1
28;6;6;18;13;44;4259277N;07036880W;0.2
28;6;6;18;13;59;4257888N;07036894W;23.
28;6;6;18;14;15;4252656N;07038416W;0.5
28;6;6;18;14;30;4251920N;07039110W;0.5
28;6;6;18;14;45;4251865N;07039162W;1.1
28;6;6;18;15;0;4251823N;07039541W;0.3
28;6;6;18;15;15;4251881N;07039363W;0.7
28;6;6;18;15;30;4249830N;07039476W;23.
28;6;6;18;15;45;4247242N;07040690W;0.6
28;6;6;18;16;0;4247169N;07040742W;0.3
28;6;6;18;16;15;4246570N;07043845W;0.7
28;6;6;18;16;30;4246523N;07043962W;0.4
28;6;6;18;16;45;4246490N;07044093W;0.4
28;6;6;18;17;1;4246421N;07044255W;1.0
28;6;6;18;17;16;4246462N;07042386W;17.
28;6;6;18;17;31;4245261N;07041893W;17.
28;6;6;18;17;46;4244989N;07040778W;0.4
28;6;6;18;18;1;4245108N;07040521W;1.2
28;6;6;18;18;16;4242803N;07040440W;0.6
28;6;6;18;18;31;4242761N;07040381W;0.3
28;6;6;18;18;46;4243934N;07038043W;16.
28;6;6;18;18;46;4243934N;07038043W;16.
28;6;6;18;19;1;4243204N;07037003W;1.0
28;6;6;18;19;16;4243242N;07035565W;0.6
28;6;6;18;19;32;4243357N;07034992W;1.4
28;6;6;18;19;47;4243373N;07034160W;0.2
28;6;6;18;20;2;4243285N;07033123W;0.7
28;6;6;18;20;18;4243245N;07032937W;1.1
28;6;6;18;20;33;4243222N;07032741W;1.4
28;6;6;18;20;48;4242956N;07032862W;1.2
28;6;6;18;21;3;4242932N;07032564W;0.9
28;6;6;18;21;18;4242383N;07030733W;29.
28;6;6;18;21;33;4242288N;07030138W;1.5
28;6;6;18;21;48;4242282N;07029895W;2.3
28;6;6;18;22;4;4243899N;07028297W;0.9
28;6;6;18;22;19;4244469N;07025740W;0.3
28;6;6;18;22;34;4244775N;07026269W;1.0
28;6;6;18;22;49;4244657N;07027997W;1.6
28;6;6;18;23;4;4244683N;07029014W;31.
28;6;6;18;23;19;4245326N;07029286W;10.
28;6;6;18;23;34;4245461N;07028776W;0.5
28;6;6;18;23;49;4249766N;07028440W;28.
28;7;6;18;0;5;4249887N;07028148W;19.
28;7;6;18;0;20;4256197N;07032483W;31.
28;7;6;18;0;35;4259337N;07036897W;0.4
28;7;6;18;0;35;4259337N;07036897W;0.4
28;7;6;18;0;35;4259337N;07036897W;0.4
28;7;6;18;0;35;4259337N;07036897W;0.4
28;7;6;18;0;50;4259317N;07036899W;0.3
28;7;6;18;1;6;4259322N;07036906W;0.4
28;7;6;18;1;6;4259322N;07036906W;0.4
28;7;6;18;1;6;4259322N;07036906W;0.4
28;7;6;18;1;6;4259322N;07036906W;0.4
28;7;6;18;1;21;4259323N;07036912W;0.1
28;7;6;18;1;21;4259323N;07036912W;0.1
28;7;6;18;1;36;4259316N;07036921W;0.2
28;7;6;18;1;51;4259301N;07036917W;0.2
28;7;6;18;1;51;4259301N;07036917W;0.2
28;7;6;18;2;6;4259321N;07036912W;0.5
28;7;6;18;2;6;4259321N;07036912W;0.5
28;7;6;18;2;6;4259321N;07036912W;0.5
28;7;6;18;2;21;4259305N;07036905W;0.0
28;7;6;18;2;21;4259305N;07036905W;0.0
28;7;6;18;2;37;4259349N;07036928W;0.2
28;7;6;18;2;37;4259349N;07036928W;0.2
28;7;6;18;2;37;4259349N;07036928W;0.2
28;7;6;18;2;37;4259349N;07036928W;0.2
28;7;6;18;2;52;4259313N;07036903W;0.1
28;7;6;18;3;7;4259326N;07036915W;0.1
28;7;6;18;3;22;4259314N;07036904W;0.6
28;7;6;18;3;22;4259314N;07036904W;0.6
28;7;6;18;3;37;4259325N;07036923W;0.1
28;7;6;18;3;52;4259330N;07036918W;0.6
28;7;6;18;4;7;4259331N;07036912W;1.6
28;7;6;18;4;23;4259318N;07036898W;0.3
28;7;6;18;4;23;4259318N;07036898W;0.3
28;7;6;18;4;39;4259318N;07036887W;0.5
28;7;6;18;4;39;4259318N;07036887W;0.5
28;7;6;18;4;39;4259318N;07036887W;0.5
28;7;6;18;4;39;4259318N;07036887W;0.5
28;7;6;18;4;39;4259318N;07036887W;0.5
28;7;6;18;4;55;4259322N;07036911W;0.1
28;7;6;18;4;55;4259322N;07036911W;0.1
28;7;6;18;5;10;4259318N;07036911W;0.5
28;7;6;18;5;25;4259320N;07036915W;0.1
28;7;6;18;5;40;4259319N;07036915W;0.5
28;7;6;18;5;55;4259326N;07036911W;0.5
28;7;6;18;6;10;4259324N;07036918W;0.0
28;7;6;18;6;25;4259333N;07036923W;0.2
28;7;6;18;6;40;4259316N;07036911W;0.4
28;7;6;18;6;56;4259319N;07036913W;0.1
28;7;6;18;7;11;4259309N;07036885W;0.1
28;7;6;18;7;26;4259319N;07036912W;0.2
28;7;6;18;7;41;4259301N;07036844W;0.2
28;7;6;18;7;56;4259315N;07036910W;0.5
28;7;6;18;8;11;4259304N;07036890W;0.6
28;7;6;18;8;26;4259278N;07036860W;0.3
28;7;6;18;8;41;4259317N;07037308W;24.
28;7;6;18;8;57;4259478N;07039159W;0.6
28;7;6;18;9;12;4300972N;07042831W;27.
28;7;6;18;9;27;4301156N;07042786W;0.9
28;7;6;18;9;42;4301485N;07042822W;0.3
28;7;6;18;9;57;4301693N;07042730W;1.2
28;7;6;18;10;13;4301794N;07042623W;0.7
28;7;6;18;10;28;4301822N;07042487W;1.3
28;7;6;18;10;43;4302414N;07043144W;25.
28;7;6;18;10;58;4304672N;07044279W;0.4
28;7;6;18;11;13;4304676N;07044304W;0.4
28;7;6;18;11;28;4305409N;07046261W;20.
28;7;6;18;11;43;4305677N;07046730W;0.0
28;7;6;18;11;58;4305838N;07047003W;0.1
28;7;6;18;12;14;4305893N;07047042W;24.
28;7;6;18;12;29;4308055N;07053418W;21.
28;7;6;18;12;44;4308026N;07055754W;0.3
28;7;6;18;12;59;4307535N;07057182W;13.
28;7;6;18;13;14;4306371N;07100378W;15.
28;7;6;18;13;29;4306137N;07101063W;0.8
28;7;6;18;13;44;4306064N;07101128W;0.6
28;7;6;18;13;59;4306127N;07101084W;0.3
28;7;6;18;14;14;4306111N;07101031W;0.7
28;7;6;18;14;29;4306127N;07101013W;0.1
28;7;6;18;14;44;4306208N;07101091W;0.0
28;7;6;18;14;59;4305344N;07100593W;19.
28;7;6;18;15;15;4301652N;07101801W;0.3
28;7;6;18;15;30;4301662N;07101778W;0.6
28;7;6;18;15;45;4301671N;07101742W;0.6
28;7;6;18;16;0;4301661N;07101771W;0.1
28;7;6;18;16;15;4301646N;07101783W;0.5
28;7;6;18;16;30;4301635N;07101825W;0.1
28;7;6;18;16;45;4301691N;07101822W;0.5
28;7;6;18;17;0;4301667N;07101759W;0.3
28;7;6;18;17;15;4301658N;07101773W;0.8
28;7;6;18;17;31;4301577N;07101500W;0.2
28;7;6;18;17;46;4301249N;07100748W;19.
28;7;6;18;18;1;4302061N;07057707W;24.
28;7;6;18;18;16;4305842N;07051924W;19.
28;7;6;18;18;31;4307158N;07049760W;23.
28;7;6;18;18;46;4305600N;07046269W;1.1
28;7;6;18;19;1;4305611N;07046191W;0.6
28;7;6;18;19;16;4305734N;07046124W;0.6
28;7;6;18;19;32;4305736N;07046092W;0.0
28;7;6;18;19;47;4305767N;07046090W;2.7
28;7;6;18;20;2;4305739N;07046113W;0.8
28;7;6;18;20;17;4305405N;07045617W;0.3
28;7;6;18;20;32;4305418N;07045607W;0.8
28;7;6;18;20;47;4305413N;07045631W;0.5
28;7;6;18;21;2;4304845N;07045101W;6.7
28;7;6;18;21;17;4304730N;07044162W;0.3
28;7;6;18;21;32;4304730N;07044165W;0.4
28;7;6;18;21;48;4304731N;07044165W;0.3
28;7;6;18;22;3;4305123N;07045300W;31.
28;7;6;18;22;3;4305123N;07045300W;31.
28;7;6;18;22;18;4304677N;07044125W;0.6
28;7;6;18;22;33;4304692N;07044132W;0.2
28;7;6;18;22;48;4304669N;07044129W;0.9
28;7;6;18;23;3;4304680N;07044133W;0.5
28;7;6;18;23;18;4304748N;07044195W;0.3
28;7;6;18;23;18;4304748N;07044195W;0.3
28;7;6;18;23;18;4304748N;07044195W;0.3
28;7;6;18;23;33;4304701N;07044113W;0.4
28;7;6;18;23;48;4304681N;07044108W;0.4
28;7;6;18;23;48;4304681N;07044108W;0.4
28;7;6;18;23;48;4304681N;07044108W;0.4
28;7;6;18;23;48;4304681N;07044108W;0.4
28;8;6;18;0;3;4304732N;07044104W;1.3
28;8;6;18;0;18;4304755N;07044167W;0.2
28;8;6;18;0;33;4304760N;07044175W;0.7
28;8;6;18;0;48;4304765N;07044162W;0.1
28;8;6;18;1;3;4304764N;07044164W;0.1
28;8;6;18;1;18;4304751N;07044189W;0.3
28;8;6;18;1;34;4304746N;07044185W;0.1
28;8;6;18;1;49;4304740N;07044180W;0.1
28;8;6;18;2;4;4304744N;07044184W;0.3
28;8;6;18;2;19;4304745N;07044178W;0.5
28;8;6;18;2;34;4304749N;07044172W;0.1
28;8;6;18;2;49;4304751N;07044173W;0.2
28;8;6;18;3;4;4304700N;07044112W;0.5
28;8;6;18;3;19;4304767N;07044220W;0.2
28;8;6;18;3;19;4304767N;07044220W;0.2
28;8;6;18;3;34;4304784N;07044231W;0.6
28;8;6;18;3;49;4304782N;07044229W;0.2
28;8;6;18;4;4;4304770N;07044230W;0.1
28;8;6;18;4;19;4304758N;07044199W;0.2
28;8;6;18;4;19;4304758N;07044199W;0.2
28;8;6;18;4;34;4304783N;07044194W;0.7
28;8;6;18;4;49;4304797N;07044147W;0.2
28;8;6;18;5;5;4304749N;07044189W;0.4
28;8;6;18;5;20;4304745N;07044188W;0.4
28;8;6;18;5;35;4304750N;07044194W;0.2
28;8;6;18;5;50;4304751N;07044196W;0.5
28;8;6;18;6;6;4304748N;07044195W;0.1
28;8;6;18;6;21;4304741N;07044195W;0.4
28;8;6;18;6;36;4304742N;07044193W;1.7
28;8;6;18;6;36;4304742N;07044193W;1.7
28;8;6;18;6;36;4304742N;07044193W;1.7
28;8;6;18;6;51;4304741N;07044196W;1.3
28;8;6;18;7;6;4304745N;07044200W;1.9
28;8;6;18;7;6;4304745N;07044200W;1.9
28;8;6;18;7;21;4304724N;07044197W;2.4
28;8;6;18;7;36;4304740N;07044200W;0.3
28;8;6;18;7;51;4304744N;07044202W;0.4
28;8;6;18;7;51;4304744N;07044202W;0.4
28;8;6;18;8;6;4304740N;07044193W;0.4
28;8;6;18;8;6;4304740N;07044193W;0.4
28;8;6;18;8;21;4304740N;07044187W;0.8
28;8;6;18;8;21;4304740N;07044187W;0.8
28;8;6;18;8;21;4304740N;07044187W;0.8
28;8;6;18;8;36;4304677N;07044101W;0.3
28;8;6;18;8;36;4304677N;07044101W;0.3
28;8;6;18;8;36;4304677N;07044101W;0.3
28;8;6;18;8;36;4304677N;07044101W;0.3
28;8;6;18;8;51;4304682N;07044098W;0.1
28;8;6;18;9;6;4304690N;07044087W;0.5
28;8;6;18;9;6;4304690N;07044087W;0.5
28;8;6;18;9;6;4304690N;07044087W;0.5
28;8;6;18;9;6;4304690N;07044087W;0.5
28;8;6;18;9;21;4304728N;07044112W;0.7
28;8;6;18;9;36;4304754N;07044117W;0.3
28;8;6;18;9;36;4304754N;07044117W;0.3
28;8;6;18;9;52;4304697N;07044107W;0.5
28;8;6;18;9;52;4304697N;07044107W;0.5
28;8;6;18;10;7;4304674N;07044103W;0.8
28;8;6;18;10;22;4304696N;07044113W;1.5
28;8;6;18;10;37;4304718N;07044096W;0.8
28;8;6;18;10;37;4304718N;07044096W;0.8
28;8;6;18;10;37;4304718N;07044096W;0.8
28;8;6;18;10;52;4304725N;07044095W;1.3
28;8;6;18;10;52;4304725N;07044095W;1.3
28;8;6;18;11;8;4304758N;07044068W;0.1
28;8;6;18;11;23;4304691N;07044101W;0.2
28;8;6;18;11;23;4304691N;07044101W;0.2
28;8;6;18;11;23;4304691N;07044101W;0.2
28;8;6;18;11;23;4304691N;07044101W;0.2
28;8;6;18;11;23;4304691N;07044101W;0.2
28;8;6;18;11;23;4304691N;07044101W;0.2
28;8;6;18;11;23;4304691N;07044101W;0.2
28;8;6;18;11;23;4304691N;07044101W;0.2
28;8;6;18;11;38;4304695N;07044096W;1.8
28;8;6;18;11;53;4304687N;07044096W;0.6
28;8;6;18;12;8;4304677N;07044105W;0.3
28;8;6;18;12;23;4304699N;07044091W;0.4
28;8;6;18;12;38;4304650N;07044123W;0.1
28;8;6;18;12;53;4304714N;07044168W;0.1
28;8;6;18;13;9;4304680N;07044127W;0.7
28;8;6;18;13;24;4304700N;07044108W;15.
28;8;6;18;13;39;4304627N;07044066W;0.1
28;8;6;18;13;54;4304656N;07044049W;0.1
28;8;6;18;14;10;4303080N;07042571W;26.
28;8;6;18;14;25;4259049N;07041396W;3.3
28;8;6;18;14;40;4259072N;07041365W;1.3
28;8;6;18;14;55;4259190N;07038140W;28.
28;8;6;18;15;10;4259319N;07036905W;0.1
28;8;6;18;15;25;4259312N;07036896W;0.9
28;8;6;18;15;40;4259308N;07036895W;1.2
28;8;6;18;15;55;4259291N;07036879W;0.7
28;8;6;18;16;11;4259320N;07036912W;0.1
28;8;6;18;16;26;4259316N;07036913W;0.5
28;8;6;18;16;41;4259319N;07036913W;1.4
28;8;6;18;16;57;4259321N;07036914W;0.7
28;8;6;18;17;12;4259324N;07036912W;0.0
28;8;6;18;17;27;4259323N;07036915W;0.3
28;8;6;18;17;42;4259321N;07036910W;0.6
28;8;6;18;17;57;4259331N;07036904W;1.5
28;8;6;18;18;12;4259322N;07036916W;0.7
28;8;6;18;18;27;4259340N;07036921W;1.3
28;8;6;18;18;42;4259339N;07036926W;0.4
28;8;6;18;18;42;4259339N;07036926W;0.4
28;8;6;18;18;57;4259344N;07036918W;0.1
28;8;6;18;19;12;4259330N;07036921W;0.5
28;8;6;18;19;27;4259326N;07036911W;0.5
28;8;6;18;19;42;4259326N;07036907W;0.6
28;8;6;18;19;58;4259330N;07036905W;0.2
28;8;6;18;20;13;4259355N;07036911W;0.9
28;8;6;18;20;28;4259333N;07036897W;0.3
28;8;6;18;20;43;4259286N;07036849W;0.3
28;8;6;18;20;59;4259311N;07036896W;0.4
28;8;6;18;21;15;4259302N;07036880W;0.8
28;8;6;18;21;30;4259268N;07036857W;0.1
28;8;6;18;21;46;4259262N;07036856W;0.8
28;8;6;18;22;1;4259292N;07036896W;0.1
28;8;6;18;22;16;4259271N;07036855W;0.2
28;8;6;18;22;31;4259131N;07036887W;0.1
28;8;6;18;22;47;4259320N;07036912W;0.0
28;8;6;18;22;47;4259320N;07036912W;0.0
28;8;6;18;23;2;4259325N;07036913W;0.3
28;8;6;18;23;2;4259325N;07036913W;0.3
28;8;6;18;23;2;4259325N;07036913W;0.3
28;8;6;18;23;17;4259307N;07036904W;0.2
28;8;6;18;23;33;4259324N;07036916W;1.9
28;8;6;18;23;48;4259320N;07036917W;0.1
28;9;6;18;0;3;4259318N;07036914W;0.3
28;9;6;18;0;18;4259317N;07036920W;0.4
28;9;6;18;0;33;4259317N;07036912W;0.3
28;9;6;18;0;49;4259338N;07036916W;0.2
28;9;6;18;1;4;4259317N;07036908W;0.4
28;9;6;18;1;20;4259353N;07036905W;0.3
28;9;6;18;1;20;4259353N;07036905W;0.3
28;9;6;18;1;35;4259320N;07036938W;0.1
28;9;6;18;1;50;4259319N;07036930W;0.5
28;9;6;18;2;5;4259320N;07036928W;0.4
28;9;6;18;2;20;4259319N;07036925W;0.4
28;9;6;18;2;36;4259318N;07036918W;1.5
28;9;6;18;2;51;4259318N;07036916W;0.2
28;9;6;18;2;51;4259318N;07036916W;0.2
28;9;6;18;3;6;4259330N;07036926W;0.4
28;9;6;18;3;6;4259330N;07036926W;0.4
28;9;6;18;3;21;4259257N;07036835W;0.5
28;9;6;18;3;36;4259313N;07036897W;0.6
28;9;6;18;3;51;4259305N;07036871W;0.0
28;9;6;18;3;51;4259305N;07036871W;0.0
28;9;6;18;4;7;4259314N;07036910W;0.4
28;9;6;18;4;22;4259338N;07036891W;0.2
28;9;6;18;4;37;4259331N;07036906W;0.5
28;9;6;18;4;52;4259313N;07036908W;0.3
28;9;6;18;4;52;4259313N;07036908W;0.3
28;9;6;18;4;52;4259313N;07036908W;0.3
28;9;6;18;5;8;4259322N;07036929W;0.5
28;9;6;18;5;23;4259326N;07036931W;0.2
28;9;6;18;5;38;4259318N;07036935W;0.2
28;9;6;18;5;54;4259331N;07036957W;0.6
28;9;6;18;5;54;4259331N;07036957W;0.6
28;9;6;18;5;54;4259331N;07036957W;0.6
28;9;6;18;5;54;4259331N;07036957W;0.6
28;9;6;18;5;54;4259331N;07036957W;0.6
28;9;6;18;6;9;4259337N;07036970W;0.1
28;9;6;18;6;24;4259318N;07036927W;0.4
28;9;6;18;6;40;4259325N;07036951W;0.9
28;9;6;18;6;55;4259307N;07036911W;0.6
28;9;6;18;6;55;4259307N;07036911W;0.6
28;9;6;18;7;10;4259318N;07036909W;0.3
28;9;6;18;7;25;4259371N;07036892W;0.8
28;9;6;18;7;25;4259371N;07036892W;0.8
28;9;6;18;7;41;4259317N;07036929W;0.0
28;9;6;18;7;41;4259317N;07036929W;0.0
28;9;6;18;7;56;4259358N;07036900W;1.0
28;9;6;18;8;11;4259366N;07036924W;0.4
28;9;6;18;8;26;4259346N;07036910W;0.2
28;9;6;18;8;41;4259339N;07036923W;0.7
28;9;6;18;8;56;4259321N;07036901W;0.6
28;9;6;18;9;12;4259312N;07036918W;0.2
28;9;6;18;9;27;4259312N;07036914W;0.5
28;9;6;18;9;42;4259316N;07036904W;0.4
28;9;6;18;9;57;4259336N;07036904W;0.0
28;9;6;18;10;13;4259324N;07036915W;0.1
28;9;6;18;10;13;4259324N;07036915W;0.1
28;9;6;18;10;28;4259325N;07036916W;0.7
28;9;6;18;10;43;4259328N;07036906W;2.2
28;9;6;18;10;58;4259327N;07036902W;1.7
28;9;6;18;11;13;4259326N;07036907W;0.5
28;9;6;18;11;13;4259326N;07036907W;0.5
28;9;6;18;11;28;4259324N;07036910W;0.7
28;9;6;18;11;28;4259324N;07036910W;0.7
28;9;6;18;11;28;4259324N;07036910W;0.7
28;9;6;18;11;28;4259324N;07036910W;0.7
28;9;6;18;11;43;4259320N;07036906W;0.1
28;9;6;18;11;58;4259323N;07036908W;1.6
28;9;6;18;12;13;4259320N;07036908W;0.1
28;9;6;18;12;13;4259320N;07036908W;0.1
28;9;6;18;12;28;4259296N;07036897W;0.5
28;9;6;18;12;28;4259296N;07036897W;0.5
28;9;6;18;12;44;4259314N;07036911W;0.7
28;9;6;18;12;44;4259314N;07036911W;0.7
28;9;6;18;12;59;4259304N;07036919W;0.3
28;9;6;18;13;14;4259307N;07036913W;0.2
28;9;6;18;13;29;4259315N;07036914W;0.5
28;9;6;18;13;29;4259315N;07036914W;0.5
28;9;6;18;13;45;4259321N;07036905W;0.6
28;9;6;18;14;0;4259323N;07036914W;0.1
28;9;6;18;14;15;4259325N;07036906W;0.5
28;9;6;18;14;30;4259321N;07036899W;0.6
28;9;6;18;14;30;4259321N;07036899W;0.6
28;9;6;18;14;46;4259329N;07036914W;0.4
28;9;6;18;15;1;4259318N;07036905W;0.2
28;9;6;18;15;1;4259318N;07036905W;0.2
28;9;6;18;15;1;4259318N;07036905W;0.2
28;9;6;18;15;16;4259317N;07036905W;0.6
28;9;6;18;15;31;4259316N;07036894W;0.2
28;9;6;18;15;46;4259310N;07036908W;0.5
28;9;6;18;16;1;4259310N;07036902W;0.2
28;9;6;18;16;16;4259307N;07036897W;0.2
28;9;6;18;16;31;4259321N;07036884W;1.0
28;9;6;18;16;47;4259330N;07036890W;0.5
28;9;6;18;16;47;4259330N;07036890W;0.5
28;9;6;18;17;2;4259323N;07036891W;0.2
28;9;6;18;17;17;4259332N;07036894W;0.6
28;9;6;18;17;32;4259327N;07036907W;0.6
28;9;6;18;17;48;4259328N;07036907W;0.3
28;9;6;18;18;3;4259342N;07036942W;0.2
