29;1;6;18;15;39;4259322N;07036988W;0.4
29;1;6;18;15;54;4259311N;07036992W;0.3
29;1;6;18;16;9;4302466N;07040859W;28.
29;1;6;18;16;24;4306504N;07048100W;29.
29;1;6;18;16;40;4308281N;07052236W;27.
29;1;6;18;16;55;4311206N;07055996W;0.7
29;1;6;18;17;10;4311172N;07055850W;0.9
29;1;6;18;17;25;4311186N;07055870W;0.4
29;1;6;18;17;40;4314764N;07057684W;0.2
29;1;6;18;17;55;4314745N;07057657W;0.0
29;1;6;18;18;10;4314759N;07057677W;0.3
29;1;6;18;18;25;4314735N;07057635W;0.4
29;1;6;18;18;40;4315876N;07057963W;0.4
29;1;6;18;18;55;4316016N;07058043W;0.1
29;1;6;18;19;10;4315994N;07058059W;0.1
29;1;6;18;19;26;4315972N;07058058W;0.3
29;1;6;18;19;41;4315967N;07058039W;0.4
29;1;6;18;19;56;4314830N;07057779W;0.7
29;1;6;18;20;11;4314823N;07057792W;0.4
29;1;6;18;20;26;4314840N;07057797W;1.9
29;1;6;18;20;41;4314877N;07057958W;25.
29;1;6;18;20;56;4314946N;07057965W;1.1
29;1;6;18;21;12;4314829N;07057791W;1.0
29;1;6;18;21;27;4314837N;07057802W;0.9
29;1;6;18;21;42;4314821N;07057801W;0.3
29;1;6;18;21;57;4314803N;07057802W;0.3
29;1;6;18;22;12;4314834N;07057768W;0.0
29;1;6;18;22;27;4314959N;07057958W;0.4
29;1;6;18;22;42;4314716N;07057927W;0.5
29;1;6;18;22;57;4314747N;07057912W;0.6
29;1;6;18;23;12;4314731N;07057908W;0.4
29;1;6;18;23;28;4310834N;07052253W;25.
29;1;6;18;23;43;4306403N;07047305W;23.
29;1;6;18;23;58;4303315N;07042042W;23.
29;2;6;18;0;13;4259338N;07036929W;0.3
29;2;6;18;0;29;4259340N;07036926W;0.3
29;2;6;18;0;29;4259340N;07036926W;0.3
29;2;6;18;0;29;4259340N;07036926W;0.3
29;2;6;18;0;44;4259335N;07036926W;0.8
29;2;6;18;0;59;4259343N;07036929W;0.3
29;2;6;18;1;14;4259337N;07036926W;0.4
29;2;6;18;1;30;4259336N;07036924W;0.2
29;2;6;18;1;45;4259327N;07036925W;0.2
29;2;6;18;2;1;4259335N;07036924W;0.2
29;2;6;18;2;16;4259306N;07036903W;0.3
29;2;6;18;2;31;4259313N;07036917W;0.3
29;2;6;18;2;47;4259324N;07036919W;1.2
29;2;6;18;3;2;4259329N;07036921W;0.3
29;2;6;18;3;17;4259349N;07036931W;0.3
29;2;6;18;3;32;4259285N;07036886W;1.0
29;2;6;18;3;47;4259327N;07036914W;0.1
29;2;6;18;4;3;4259325N;07036913W;0.0
29;2;6;18;4;18;4259333N;07036914W;0.1
29;2;6;18;4;33;4259358N;07036914W;0.3
29;2;6;18;4;49;4259358N;07036912W;0.5
29;2;6;18;4;49;4259358N;07036912W;0.5
29;2;6;18;5;4;4259358N;07036924W;0.9
29;2;6;18;5;4;4259358N;07036924W;0.9
29;2;6;18;5;4;4259358N;07036924W;0.9
29;2;6;18;5;19;4259364N;07036935W;0.3
29;2;6;18;5;35;4259368N;07036928W;0.3
29;2;6;18;5;50;4259375N;07036946W;2.4
29;2;6;18;6;5;4259333N;07036973W;0.2
29;2;6;18;6;21;4259366N;07036931W;0.1
29;2;6;18;6;36;4259331N;07036918W;0.5
29;2;6;18;6;51;4259339N;07036935W;0.5
29;2;6;18;7;6;4259336N;07036924W;0.3
29;2;6;18;7;22;4259332N;07036921W;0.2
29;2;6;18;7;37;4259356N;07036951W;0.5
29;2;6;18;7;52;4259329N;07036914W;1.1
29;2;6;18;8;7;4259331N;07036938W;0.6
29;2;6;18;8;22;4259300N;07036922W;0.1
29;2;6;18;8;38;4259336N;07036932W;0.2
29;2;6;18;8;53;4259326N;07036943W;0.6
29;2;6;18;9;8;4259291N;07036970W;0.2
29;2;6;18;9;23;4259302N;07036958W;1.0
29;2;6;18;9;39;4259324N;07036972W;0.2
29;2;6;18;9;54;4259345N;07036970W;4.4
29;2;6;18;10;10;4259324N;07036952W;0.1
29;2;6;18;10;25;4259328N;07036939W;0.3
29;2;6;18;10;40;4259342N;07036924W;0.5
29;2;6;18;10;55;4259340N;07036918W;1.0
29;2;6;18;11;10;4259316N;07036916W;0.2
29;2;6;18;11;26;4259319N;07036907W;0.6
29;2;6;18;11;41;4259311N;07036904W;0.5
29;2;6;18;11;56;4259314N;07036913W;1.9
29;2;6;18;11;56;4259314N;07036913W;1.9
29;2;6;18;12;11;4259311N;07036906W;0.2
29;2;6;18;12;11;4259311N;07036906W;0.2
29;2;6;18;12;11;4259311N;07036906W;0.2
29;2;6;18;12;11;4259311N;07036906W;0.2
29;2;6;18;12;26;4259340N;07036932W;0.2
29;2;6;18;12;42;4259352N;07036943W;0.8
29;2;6;18;12;57;4259351N;07036948W;0.3
29;2;6;18;13;13;4259326N;07036928W;0.1
29;2;6;18;13;28;4259335N;07036929W;1.2
29;2;6;18;13;43;4259339N;07036936W;0.3
29;2;6;18;13;58;4259336N;07036932W;0.4
29;2;6;18;14;13;4259327N;07036916W;0.3
29;2;6;18;14;28;4259334N;07036919W;0.7
29;2;6;18;14;44;4259337N;07036925W;0.3
29;2;6;18;14;59;4259335N;07036923W;0.5
29;2;6;18;15;14;4259340N;07036927W;0.3
29;2;6;18;15;14;4259340N;07036927W;0.3
29;2;6;18;15;29;4259343N;07036930W;0.2
29;2;6;18;15;29;4259343N;07036930W;0.2
29;2;6;18;15;29;4259343N;07036930W;0.2
29;2;6;18;15;29;4259343N;07036930W;0.2
29;2;6;18;15;45;4259338N;07036924W;0.1
29;2;6;18;16;0;4259339N;07036924W;0.6
29;2;6;18;16;15;4259332N;07036924W;0.9
29;2;6;18;16;30;4259250N;07036783W;0.8
29;2;6;18;16;46;4259320N;07036898W;1.1
29;2;6;18;17;1;4259331N;07036927W;0.5
29;2;6;18;17;16;4259326N;07036910W;0.3
29;2;6;18;17;31;4300034N;07038021W;33.
29;2;6;18;17;46;4304428N;07043571W;24.
29;2;6;18;18;1;4306696N;07047077W;20.
29;2;6;18;18;16;4308659N;07051867W;20.
29;2;6;18;18;31;4311431N;07054780W;18.
29;2;6;18;18;46;4313920N;07057714W;11.
29;2;6;18;19;1;4315004N;07058036W;0.3
29;2;6;18;19;17;4314743N;07057944W;0.1
29;2;6;18;19;32;4314750N;07057816W;2.0
29;2;6;18;19;47;4314747N;07057816W;0.4
29;2;6;18;20;2;4314751N;07057818W;0.4
29;2;6;18;20;17;4314768N;07057813W;0.2
29;2;6;18;20;32;4314815N;07057824W;0.6
29;2;6;18;20;47;4314910N;07057867W;24.
29;2;6;18;21;2;4314797N;07057797W;0.7
29;2;6;18;21;18;4314801N;07057782W;0.4
29;2;6;18;21;33;4314798N;07057802W;0.3
29;2;6;18;21;48;4314129N;07057242W;11.
29;2;6;18;22;3;4311140N;07052297W;8.7
29;2;6;18;22;18;4308108N;07048204W;26.
29;2;6;18;22;33;4304424N;07043877W;24.
29;2;6;18;22;48;4259668N;07037954W;26.
29;2;6;18;23;4;4259333N;07036927W;0.5
29;2;6;18;23;19;4259333N;07036927W;0.3
29;2;6;18;23;34;4259337N;07036926W;0.6
29;2;6;18;23;49;4259325N;07036923W;0.1
29;3;6;18;0;5;4259321N;07036921W;0.3
29;3;6;18;0;20;4259331N;07036923W;0.6
29;3;6;18;0;35;4259353N;07036932W;0.9
29;3;6;18;0;35;4259353N;07036932W;0.9
29;3;6;18;0;35;4259353N;07036932W;0.9
29;3;6;18;0;35;4259353N;07036932W;0.9
29;3;6;18;0;50;4259313N;07037000W;0.9
29;3;6;18;1;5;4259312N;07036995W;0.6
29;3;6;18;1;21;4259304N;07036988W;0.6
29;3;6;18;1;36;4259337N;07036932W;0.6
29;3;6;18;1;51;4259335N;07036927W;0.6
29;3;6;18;2;6;4259336N;07036935W;0.2
29;3;6;18;2;21;4259329N;07036944W;0.4
29;3;6;18;2;37;4259347N;07036925W;0.2
29;3;6;18;2;52;4259322N;07036915W;0.2
29;3;6;18;3;7;4259332N;07036947W;0.2
29;3;6;18;3;22;4259309N;07036902W;0.2
29;3;6;18;3;37;4259333N;07036931W;0.2
29;3;6;18;3;53;4259343N;07036948W;0.1
29;3;6;18;4;8;4259337N;07036923W;0.1
29;3;6;18;4;24;4259338N;07036925W;0.4
29;3;6;18;4;39;4259337N;07036919W;0.0
29;3;6;18;4;54;4259329N;07036911W;0.7
29;3;6;18;5;9;4259339N;07036936W;0.1
29;3;6;18;5;24;4259341N;07036937W;0.5
29;3;6;18;5;39;4259342N;07036933W;0.6
29;3;6;18;5;55;4259350N;07036939W;0.6
29;3;6;18;6;10;4259337N;07036922W;0.0
29;3;6;18;6;25;4259339N;07036932W;0.4
29;3;6;18;6;40;4259339N;07036923W;0.2
29;3;6;18;6;55;4259336N;07036926W;0.5
29;3;6;18;7;11;4259335N;07036925W;0.8
29;3;6;18;7;26;4259339N;07036927W;0.9
29;3;6;18;7;41;4259339N;07036939W;0.2
29;3;6;18;7;56;4259330N;07036932W;0.7
29;3;6;18;8;11;4259334N;07036939W;0.7
29;3;6;18;8;26;4259338N;07036939W;0.1
29;3;6;18;8;42;4259335N;07036927W;0.2
29;3;6;18;8;57;4259336N;07036927W;0.3
29;3;6;18;9;12;4259319N;07036962W;0.2
29;3;6;18;9;27;4259346N;07036965W;0.2
29;3;6;18;9;43;4259307N;07036926W;0.1
29;3;6;18;9;58;4259348N;07036983W;0.6
29;3;6;18;10;13;4259330N;07036928W;1.7
29;3;6;18;10;29;4259338N;07036920W;0.2
29;3;6;18;10;44;4259337N;07036924W;0.6
29;3;6;18;10;59;4259335N;07036921W;0.3
29;3;6;18;11;14;4259328N;07036916W;0.3
29;3;6;18;11;29;4259325N;07036918W;0.2
29;3;6;18;11;44;4259330N;07036918W;0.8
29;3;6;18;12;0;4259335N;07036919W;1.3
29;3;6;18;12;15;4259346N;07036930W;0.1
29;3;6;18;12;30;4259338N;07036925W;0.6
29;3;6;18;12;45;4259343N;07036928W;0.2
29;3;6;18;13;0;4259341N;07036929W;0.3
29;3;6;18;13;16;4259341N;07036930W;0.6
29;3;6;18;13;31;4259337N;07036952W;0.3
29;3;6;18;13;46;4259339N;07036942W;0.6
29;3;6;18;14;1;4259333N;07036923W;0.2
29;3;6;18;14;17;4259333N;07036922W;0.0
29;3;6;18;14;32;4259329N;07036917W;0.8
29;3;6;18;14;47;4259329N;07036918W;0.3
29;3;6;18;15;2;4259331N;07036922W;0.4
29;3;6;18;15;18;4259319N;07036910W;0.3
29;3;6;18;15;33;4259338N;07036924W;0.0
29;3;6;18;15;48;4259339N;07036925W;0.4
29;3;6;18;16;4;4259077N;07036723W;0.5
29;3;6;18;16;19;4259089N;07036726W;0.2
29;3;6;18;16;34;4302800N;07042846W;33.
29;3;6;18;16;49;4306279N;07047024W;34.
29;3;6;18;17;10;4311209N;07055905W;34.
29;3;6;18;17;25;4311203N;07055907W;2.1
29;3;6;18;17;40;4311205N;07055899W;0.9
29;3;6;18;17;55;4311206N;07055899W;0.5
29;3;6;18;18;10;4314784N;07057846W;0.3
29;3;6;18;18;25;4314783N;07057834W;0.6
29;3;6;18;18;40;4315941N;07058063W;0.9
29;3;6;18;18;55;4315950N;07058064W;0.1
29;3;6;18;19;10;4315643N;07057850W;0.1
29;3;6;18;19;25;4315637N;07057865W;0.0
29;3;6;18;19;40;4315636N;07057868W;1.1
29;3;6;18;19;55;4315638N;07057870W;0.3
29;3;6;18;20;10;4315633N;07057876W;0.5
29;3;6;18;20;25;4315633N;07057866W;0.2
29;3;6;18;20;43;4314797N;07057799W;2.1
29;3;6;18;20;58;4314800N;07057781W;1.6
29;3;6;18;21;13;4314781N;07057801W;0.6
29;3;6;18;21;28;4314978N;07057932W;0.5
29;3;6;18;21;43;4314930N;07057936W;8.3
29;3;6;18;21;58;4314943N;07057965W;11.
29;3;6;18;22;13;4312286N;07056904W;21.
29;3;6;18;22;28;4311279N;07056053W;0.4
29;3;6;18;22;44;4310392N;07056400W;24.
29;3;6;18;22;59;4310563N;07055485W;18.
29;3;6;18;23;17;4307422N;07049106W;20.
29;3;6;18;23;32;4304750N;07044169W;3.4
29;3;6;18;23;47;4304753N;07044170W;0.1
29;4;6;18;0;2;4304751N;07044165W;0.5
29;4;6;18;0;17;4304748N;07044162W;1.3
29;4;6;18;0;32;4304752N;07044162W;4.7
29;4;6;18;0;47;4304746N;07044164W;0.2
29;4;6;18;1;2;4304748N;07044168W;0.7
29;4;6;18;1;18;4304754N;07044167W;0.5
29;4;6;18;1;33;4304747N;07044164W;0.2
29;4;6;18;1;48;4304732N;07044154W;0.2
29;4;6;18;2;3;4304662N;07044184W;0.2
29;4;6;18;2;18;4304721N;07044160W;0.1
29;4;6;18;2;33;4304731N;07044169W;0.3
29;4;6;18;2;48;4304714N;07044155W;0.2
29;4;6;18;3;3;4304710N;07044146W;0.3
29;4;6;18;3;18;4304707N;07044138W;0.7
29;4;6;18;3;33;4304734N;07044150W;0.3
29;4;6;18;3;48;4304738N;07044160W;0.4
29;4;6;18;4;3;4304694N;07044091W;0.9
29;4;6;18;4;18;4304750N;07044159W;0.6
29;4;6;18;4;33;4304756N;07044172W;0.1
29;4;6;18;4;48;4304752N;07044163W;0.4
29;4;6;18;5;4;4304757N;07044170W;0.2
29;4;6;18;5;19;4304743N;07044171W;0.3
29;4;6;18;5;34;4304739N;07044179W;0.3
29;4;6;18;5;49;4304742N;07044169W;1.0
29;4;6;18;6;4;4304734N;07044174W;0.2
29;4;6;18;6;19;4304723N;07044166W;0.3
29;4;6;18;6;34;4304723N;07044166W;0.1
29;4;6;18;6;49;4304730N;07044178W;0.8
29;4;6;18;7;4;4304736N;07044165W;0.6
29;4;6;18;7;19;4304739N;07044172W;0.2
29;4;6;18;7;34;4304747N;07044180W;0.1
29;4;6;18;7;49;4304735N;07044181W;0.3
29;4;6;18;8;4;4304728N;07044158W;0.2
29;4;6;18;8;20;4304725N;07044175W;0.1
29;4;6;18;8;35;4304738N;07044167W;0.4
29;4;6;18;8;50;4304738N;07044165W;1.2
29;4;6;18;9;5;4302668N;07042015W;15.
29;4;6;18;9;20;4259906N;07038803W;17.
29;4;6;18;9;35;4259365N;07036949W;0.2
29;4;6;18;9;51;4259379N;07036959W;0.4
29;4;6;18;10;6;4259330N;07036929W;0.9
29;4;6;18;10;21;4259341N;07036925W;1.0
29;4;6;18;10;36;4259338N;07036926W;0.7
29;4;6;18;10;52;4259338N;07036929W;0.1
29;4;6;18;11;7;4259323N;07036915W;0.3
29;4;6;18;11;22;4259328N;07036921W;0.7
29;4;6;18;11;37;4259323N;07036913W;0.5
29;4;6;18;11;52;4259320N;07036910W;0.8
29;4;6;18;12;7;4259324N;07036917W;0.2
29;4;6;18;12;22;4259334N;07036924W;0.2
29;4;6;18;12;38;4259348N;07036931W;0.2
29;4;6;18;12;53;4259357N;07036948W;0.0
29;4;6;18;13;8;4259324N;07036922W;0.3
29;4;6;18;13;23;4259340N;07036918W;0.5
29;4;6;18;13;38;4259326N;07036922W;0.3
29;4;6;18;13;53;4259331N;07036918W;0.4
29;4;6;18;14;8;4259337N;07036916W;0.2
29;4;6;18;14;24;4259338N;07036921W;0.4
29;4;6;18;14;39;4259338N;07036922W;0.4
29;4;6;18;14;54;4259338N;07036921W;0.4
29;4;6;18;15;9;4259347N;07036929W;0.1
29;4;6;18;15;24;4259349N;07036939W;0.2
29;4;6;18;15;40;4259345N;07036933W;0.3
29;4;6;18;15;55;4259354N;07036939W;0.8
29;4;6;18;16;10;4259347N;07036931W;0.3
29;4;6;18;16;25;4259524N;07037238W;31.
29;4;6;18;16;40;4304821N;07044449W;37.
29;4;6;18;16;55;4307074N;07050844W;0.8
29;4;6;18;17;10;4306256N;07051251W;0.3
29;4;6;18;17;25;4308119N;07053616W;34.
29;4;6;18;17;41;4310381N;07056370W;0.5
29;4;6;18;17;56;4311233N;07055900W;0.4
29;4;6;18;18;11;4311229N;07055877W;0.1
29;4;6;18;18;26;4311303N;07056043W;0.3
29;4;6;18;18;41;4311300N;07056047W;0.2
29;4;6;18;18;56;4311084N;07055896W;18.
29;4;6;18;19;11;4310352N;07056386W;0.5
29;4;6;18;19;26;4310363N;07056381W;0.7
29;4;6;18;19;41;4311296N;07056052W;0.3
29;4;6;18;19;56;4311293N;07056052W;0.3
29;4;6;18;20;11;4311300N;07056041W;0.4
29;4;6;18;20;27;4311302N;07056048W;0.4
29;4;6;18;20;42;4311292N;07056030W;0.1
29;4;6;18;20;57;4311289N;07056030W;0.3
29;4;6;18;21;12;4311285N;07056031W;0.1
29;4;6;18;21;27;4311295N;07056049W;0.5
29;4;6;18;21;42;4311214N;07055897W;0.2
29;4;6;18;21;57;4310387N;07056411W;0.4
29;4;6;18;22;12;4310358N;07056429W;0.3
29;4;6;18;22;27;4311042N;07056080W;23.
29;4;6;18;22;43;4309954N;07054175W;19.
29;4;6;18;22;58;4306774N;07048601W;27.
29;4;6;18;23;13;4304510N;07043754W;29.
29;4;6;18;23;28;4300029N;07039078W;19.
29;4;6;18;23;43;4259343N;07036928W;0.2
29;4;6;18;23;58;4259349N;07036930W;0.2
29;5;6;18;0;13;4259346N;07036929W;0.1
29;5;6;18;0;29;4259352N;07036930W;0.2
29;5;6;18;0;44;4259354N;07036933W;0.2
29;5;6;18;1;0;4259352N;07036900W;0.1
29;5;6;18;1;0;4259352N;07036900W;0.1
29;5;6;18;1;0;4259352N;07036900W;0.1
29;5;6;18;1;15;4259316N;07036925W;0.3
29;5;6;18;1;30;4259342N;07036912W;0.5
29;5;6;18;1;46;4259349N;07036914W;0.4
29;5;6;18;2;1;4259347N;07036908W;0.6
29;5;6;18;2;16;4259349N;07036928W;0.2
29;5;6;18;2;32;4259274N;07036911W;0.2
29;5;6;18;2;47;4259277N;07036894W;0.2
29;5;6;18;3;2;4259271N;07036878W;0.8
29;5;6;18;3;17;4259275N;07036865W;0.3
29;5;6;18;3;17;4259275N;07036865W;0.3
29;5;6;18;3;17;4259275N;07036865W;0.3
29;5;6;18;3;33;4259355N;07036941W;1.4
29;5;6;18;3;48;4259255N;07037296W;0.3
29;5;6;18;3;48;4259255N;07037296W;0.3
29;5;6;18;4;3;4259358N;07036940W;0.1
29;5;6;18;4;19;4259352N;07036924W;0.2
29;5;6;18;4;34;4259388N;07036887W;0.7
29;5;6;18;4;49;4259352N;07036898W;0.1
29;5;6;18;5;4;4259302N;07036874W;0.8
29;5;6;18;5;20;4259329N;07036933W;0.9
29;5;6;18;5;35;4259310N;07036928W;0.7
29;5;6;18;5;50;4259299N;07036868W;0.2
29;5;6;18;6;5;4259301N;07036905W;0.2
29;5;6;18;6;20;4259276N;07036887W;0.0
29;5;6;18;6;36;4259301N;07036921W;0.0
29;5;6;18;6;51;4259377N;07037032W;0.2
29;5;6;18;7;6;4259318N;07036951W;0.2
29;5;6;18;7;21;4259332N;07036921W;0.2
29;5;6;18;7;37;4259343N;07036926W;0.2
29;5;6;18;7;37;4259343N;07036926W;0.2
29;5;6;18;7;52;4259341N;07036917W;0.3
29;5;6;18;7;52;4259341N;07036917W;0.3
29;5;6;18;8;7;4259335N;07036929W;0.0
29;5;6;18;8;22;4259338N;07036945W;0.1
29;5;6;18;8;38;4259342N;07036922W;0.3
29;5;6;18;8;53;4259305N;07036963W;0.5
29;5;6;18;9;8;4259334N;07036932W;1.7
29;5;6;18;9;23;4259342N;07036944W;0.2
29;5;6;18;9;39;4259526N;07036919W;1.8
29;5;6;18;9;54;4259312N;07036951W;0.2
29;5;6;18;10;9;4259358N;07036901W;0.3
29;5;6;18;10;24;4259353N;07036923W;0.6
29;5;6;18;10;39;4259350N;07036919W;0.5
29;5;6;18;10;55;4259299N;07036903W;0.4
29;5;6;18;11;10;4259291N;07036889W;0.9
29;5;6;18;11;10;4259291N;07036889W;0.9
29;5;6;18;11;25;4259302N;07036898W;0.3
29;5;6;18;11;25;4259302N;07036898W;0.3
29;5;6;18;11;25;4259302N;07036898W;0.3
29;5;6;18;11;25;4259302N;07036898W;0.3
29;5;6;18;11;25;4259302N;07036898W;0.3
29;5;6;18;11;40;4259309N;07036923W;0.7
29;5;6;18;11;56;4259310N;07036899W;0.0
29;5;6;18;12;11;4259311N;07036889W;0.7
29;5;6;18;12;26;4259302N;07036875W;1.9
29;5;6;18;12;41;4259315N;07036897W;1.2
29;5;6;18;12;56;4259220N;07036873W;0.2
29;5;6;18;13;12;4259305N;07036897W;0.4
29;5;6;18;13;27;4259319N;07036921W;0.1
29;5;6;18;13;42;4259325N;07036913W;0.1
29;5;6;18;13;57;4259327N;07036914W;0.3
29;5;6;18;14;12;4259323N;07036905W;1.1
29;5;6;18;14;28;4259334N;07036916W;0.7
29;5;6;18;14;43;4259340N;07036924W;0.3
29;5;6;18;14;58;4259339N;07036929W;0.3
29;5;6;18;15;13;4259361N;07036948W;0.5
29;5;6;18;15;28;4300321N;07039331W;23.
29;5;6;18;15;43;4303212N;07045641W;24.
29;5;6;18;15;58;4305449N;07049053W;29.
29;5;6;18;16;14;4309743N;07055744W;28.
29;5;6;18;16;29;4311295N;07056043W;0.3
29;5;6;18;16;44;4310383N;07056386W;0.2
29;5;6;18;16;59;4311305N;07056026W;1.0
29;5;6;18;16;59;4311305N;07056026W;1.0
29;5;6;18;17;14;4311289N;07056041W;0.2
29;5;6;18;17;29;4311283N;07056033W;0.2
29;5;6;18;17;44;4311285N;07056019W;0.2
29;5;6;18;17;59;4311280N;07056018W;0.4
29;5;6;18;18;14;4311303N;07056048W;0.3
29;5;6;18;18;29;4311320N;07056048W;0.3
29;5;6;18;18;44;4310393N;07056403W;0.4
29;5;6;18;19;0;4310407N;07056403W;0.3
29;5;6;18;19;0;4310407N;07056403W;0.3
29;5;6;18;19;15;4311309N;07056069W;0.5
29;5;6;18;19;30;4311305N;07056067W;2.1
29;5;6;18;19;45;4311318N;07056046W;0.2
29;5;6;18;20;0;4311346N;07056023W;0.3
29;5;6;18;20;15;4311333N;07056016W;0.6
29;5;6;18;20;30;4311316N;07056009W;0.2
29;5;6;18;20;45;4311324N;07056029W;0.5
29;5;6;18;21;0;4311309N;07056009W;0.5
29;5;6;18;21;15;4311320N;07056045W;0.3
29;5;6;18;21;31;4311312N;07056046W;0.3
29;5;6;18;21;46;4311327N;07056051W;0.2
29;5;6;18;22;1;4311324N;07056049W;0.1
29;5;6;18;22;16;4311304N;07056061W;0.2
29;5;6;18;22;31;4310416N;07056391W;0.1
29;5;6;18;22;46;4310244N;07054608W;21.
29;5;6;18;23;1;4307369N;07048493W;22.
29;5;6;18;23;16;4304808N;07044407W;0.2
29;5;6;18;23;31;4303048N;07042040W;22.
29;5;6;18;23;46;4259548N;07037465W;18.
29;6;6;18;0;2;4259347N;07036922W;0.2
29;6;6;18;0;2;4259347N;07036922W;0.2
29;6;6;18;0;17;4259359N;07036929W;0.5
29;6;6;18;0;32;4259364N;07036934W;0.7
29;6;6;18;0;47;4259365N;07036936W;0.5
29;6;6;18;0;47;4259365N;07036936W;0.5
29;6;6;18;0;47;4259365N;07036936W;0.5
29;6;6;18;0;47;4259365N;07036936W;0.5
29;6;6;18;0;47;4259365N;07036936W;0.5
29;6;6;18;1;2;4259362N;07036935W;0.3
29;6;6;18;1;2;4259362N;07036935W;0.3
29;6;6;18;1;18;4259288N;07036954W;0.8
29;6;6;18;1;34;4259340N;07036935W;0.4
29;6;6;18;1;49;4259371N;07036917W;0.0
29;6;6;18;1;49;4259371N;07036917W;0.0
29;6;6;18;2;5;4259353N;07036908W;0.0
29;6;6;18;2;5;4259353N;07036908W;0.0
29;6;6;18;2;20;4259345N;07036905W;0.1
29;6;6;18;2;20;4259345N;07036905W;0.1
29;6;6;18;2;20;4259345N;07036905W;0.1
29;6;6;18;2;20;4259345N;07036905W;0.1
29;6;6;18;2;20;4259345N;07036905W;0.1
29;6;6;18;2;36;4259257N;07036898W;0.4
29;6;6;18;2;36;4259257N;07036898W;0.4
29;6;6;18;2;36;4259257N;07036898W;0.4
29;6;6;18;2;36;4259257N;07036898W;0.4
29;6;6;18;2;36;4259257N;07036898W;0.4
29;6;6;18;2;36;4259257N;07036898W;0.4
29;6;6;18;2;36;4259257N;07036898W;0.4
29;6;6;18;2;36;4259257N;07036898W;0.4
29;6;6;18;2;36;4259257N;07036898W;0.4
29;6;6;18;2;36;4259257N;07036898W;0.4
29;6;6;18;2;36;4259257N;07036898W;0.4
29;6;6;18;2;36;4259257N;07036898W;0.4
29;6;6;18;2;36;4259257N;07036898W;0.4
29;6;6;18;2;51;4259239N;07036853W;0.2
29;6;6;18;3;6;4259247N;07036848W;0.8
29;6;6;18;3;21;4259286N;07036888W;0.2
29;6;6;18;3;37;4259338N;07036888W;0.2
29;6;6;18;3;52;4259361N;07036890W;0.4
29;6;6;18;3;52;4259361N;07036890W;0.4
29;6;6;18;4;7;4259372N;07036879W;0.1
29;6;6;18;4;22;4259435N;07036856W;0.2
29;6;6;18;4;38;4259379N;07036896W;0.3
29;6;6;18;4;53;4259362N;07036908W;0.2
29;6;6;18;5;9;4259308N;07036880W;0.3
29;6;6;18;5;24;4259290N;07036912W;0.1
29;6;6;18;5;39;4259313N;07036921W;0.3
29;6;6;18;5;54;4259294N;07036933W;0.9
29;6;6;18;6;10;4259344N;07036923W;0.1
29;6;6;18;6;25;4259333N;07036930W;4.3
29;6;6;18;6;40;4259341N;07036924W;1.2
29;6;6;18;6;55;4259340N;07036924W;0.4
29;6;6;18;7;10;4259337N;07036923W;0.2
29;6;6;18;7;10;4259337N;07036923W;0.2
29;6;6;18;7;26;4259339N;07036921W;0.6
29;6;6;18;7;41;4259337N;07036921W;0.3
29;6;6;18;7;56;4259355N;07036902W;0.3
29;6;6;18;8;11;4259338N;07036922W;0.3
29;6;6;18;8;26;4259354N;07036923W;0.5
29;6;6;18;8;26;4259354N;07036923W;0.5
29;6;6;18;8;26;4259354N;07036923W;0.5
29;6;6;18;8;26;4259354N;07036923W;0.5
29;6;6;18;8;42;4259350N;07036934W;0.7
29;6;6;18;8;42;4259350N;07036934W;0.7
29;6;6;18;8;42;4259350N;07036934W;0.7
29;6;6;18;8;57;4259355N;07036927W;0.3
29;6;6;18;9;12;4259347N;07036935W;0.1
29;6;6;18;9;27;4259379N;07036898W;3.1
29;6;6;18;9;42;4259331N;07036862W;0.2
29;6;6;18;9;42;4259331N;07036862W;0.2
29;6;6;18;9;42;4259331N;07036862W;0.2
29;6;6;18;9;42;4259331N;07036862W;0.2
29;6;6;18;9;58;4259345N;07036908W;0.1
29;6;6;18;10;13;4259341N;07036910W;0.5
29;6;6;18;10;29;4259317N;07036924W;0.2
29;6;6;18;10;29;4259317N;07036924W;0.2
29;6;6;18;10;44;4259333N;07036914W;0.4
29;6;6;18;10;44;4259333N;07036914W;0.4
29;6;6;18;10;44;4259333N;07036914W;0.4
29;6;6;18;10;44;4259333N;07036914W;0.4
29;6;6;18;10;59;4259340N;07036898W;0.8
29;6;6;18;10;59;4259340N;07036898W;0.8
29;6;6;18;10;59;4259340N;07036898W;0.8
29;6;6;18;11;14;4259341N;07036906W;0.0
29;6;6;18;11;30;4259331N;07036914W;0.4
29;6;6;18;11;45;4259319N;07036898W;0.0
29;6;6;18;12;0;4259340N;07036920W;0.5
29;6;6;18;12;15;4259326N;07036919W;0.4
29;6;6;18;12;31;4259339N;07036929W;0.5
29;6;6;18;12;46;4259284N;07036907W;0.5
29;6;6;18;13;1;4259336N;07036884W;0.3
29;6;6;18;13;17;4259327N;07036903W;0.5
29;6;6;18;13;32;4259328N;07036922W;0.4
29;6;6;18;13;47;4259325N;07036890W;0.2
29;6;6;18;14;3;4259334N;07036916W;0.1
29;6;6;18;14;18;4259343N;07036870W;0.2
29;6;6;18;14;33;4259344N;07036848W;0.1
29;6;6;18;14;49;4259339N;07036943W;0.6
29;6;6;18;15;4;4259352N;07036946W;0.5
29;6;6;18;15;19;4259338N;07036926W;0.4
29;6;6;18;15;34;4259355N;07036975W;0.4
29;6;6;18;15;50;4259332N;07036940W;0.4
29;6;6;18;16;5;4259334N;07036923W;0.5
29;6;6;18;16;20;4259339N;07036927W;0.3
29;6;6;18;16;35;4259327N;07036922W;0.4
29;6;6;18;16;51;4259333N;07036924W;0.3
29;6;6;18;17;6;4259340N;07036925W;0.3
29;6;6;18;17;21;4259339N;07036917W;0.3
29;6;6;18;17;37;4259338N;07036916W;0.4
29;6;6;18;17;52;4259348N;07036937W;0.5
29;6;6;18;18;7;4259338N;07036920W;0.2
29;6;6;18;18;22;4259334N;07036914W;0.7
29;6;6;18;18;38;4259338N;07036920W;0.1
29;6;6;18;18;53;4259340N;07036927W;1.8
29;6;6;18;19;8;4259349N;07036917W;0.2
29;6;6;18;19;23;4259339N;07036924W;0.8
29;6;6;18;19;39;4259341N;07036922W;0.2
29;6;6;18;19;54;4259344N;07036915W;0.2
29;6;6;18;20;10;4259339N;07036923W;0.1
29;6;6;18;20;25;4259339N;07036923W;0.8
29;6;6;18;20;40;4259340N;07036926W;0.1
29;6;6;18;20;55;4259344N;07036933W;3.7
29;6;6;18;21;10;4259344N;07036946W;0.2
29;6;6;18;21;26;4259343N;07036920W;1.1
29;6;6;18;21;41;4259336N;07036923W;0.8
29;6;6;18;21;56;4259341N;07036922W;0.5
29;6;6;18;22;11;4259334N;07036929W;0.5
29;6;6;18;22;26;4259336N;07036926W;0.4
29;6;6;18;22;42;4259347N;07036923W;0.2
29;6;6;18;22;57;4259323N;07036925W;0.4
29;6;6;18;23;12;4259334N;07036924W;0.7
29;6;6;18;23;28;4259336N;07036926W;0.1
29;6;6;18;23;43;4259336N;07036926W;0.2
29;6;6;18;23;58;4259337N;07036925W;0.4
29;7;6;18;0;13;4259335N;07036924W;0.9
29;7;6;18;0;28;4259331N;07036923W;0.0
29;7;6;18;0;43;4259335N;07036925W;0.5
29;7;6;18;0;59;4259336N;07036923W;0.6
29;7;6;18;1;14;4259337N;07036923W;0.6
29;7;6;18;1;29;4259353N;07036925W;0.6
29;7;6;18;1;44;4259339N;07036927W;1.6
29;7;6;18;2;0;4259334N;07036919W;0.2
29;7;6;18;2;15;4259343N;07037002W;4.3
29;7;6;18;2;30;4259338N;07036923W;0.3
29;7;6;18;2;45;4259342N;07036925W;0.4
29;7;6;18;3;1;4259336N;07036922W;0.1
29;7;6;18;3;16;4259338N;07036924W;0.3
29;7;6;18;3;31;4259338N;07036923W;0.9
29;7;6;18;3;46;4259359N;07036938W;0.5
29;7;6;18;4;1;4259341N;07036927W;0.1
29;7;6;18;4;16;4259339N;07036925W;0.4
29;7;6;18;4;31;4259333N;07036923W;0.1
29;7;6;18;4;47;4259333N;07036928W;0.1
29;7;6;18;5;2;4259330N;07036920W;0.4
29;7;6;18;5;17;4259346N;07036936W;0.6
29;7;6;18;5;32;4259345N;07036925W;0.3
29;7;6;18;5;48;4259358N;07036946W;1.4
29;7;6;18;6;3;4259339N;07036915W;0.4
29;7;6;18;6;18;4259346N;07036927W;0.1
29;7;6;18;6;33;4259346N;07036931W;0.9
29;7;6;18;6;49;4259342N;07036926W;0.8
29;7;6;18;7;4;4259333N;07036928W;0.5
29;7;6;18;7;19;4259325N;07036929W;0.3
29;7;6;18;7;34;4259326N;07036928W;0.4
29;7;6;18;7;49;4259323N;07036925W;0.3
29;7;6;18;8;4;4259327N;07036919W;0.5
29;7;6;18;8;19;4259332N;07036923W;0.7
29;7;6;18;8;35;4259335N;07036929W;0.3
29;7;6;18;8;50;4259339N;07036930W;0.1
29;7;6;18;9;5;4259334N;07036927W;1.5
29;7;6;18;9;20;4259311N;07036931W;0.0
29;7;6;18;9;35;4259386N;07036928W;0.9
29;7;6;18;9;51;4259360N;07036928W;0.1
29;7;6;18;10;6;4259354N;07036924W;0.1
29;7;6;18;10;21;4259344N;07036922W;1.0
29;7;6;18;10;37;4259345N;07036922W;0.2
29;7;6;18;10;52;4259352N;07036922W;0.9
29;7;6;18;11;7;4259354N;07036928W;1.1
29;7;6;18;11;22;4259330N;07036922W;0.5
29;7;6;18;11;38;4259339N;07036926W;0.0
29;7;6;18;11;53;4259341N;07036925W;0.6
29;7;6;18;12;8;4259295N;07036951W;9.0
29;7;6;18;12;24;4259336N;07036923W;0.1
29;7;6;18;12;39;4259332N;07036913W;1.3
29;7;6;18;12;39;4259332N;07036913W;1.3
29;7;6;18;12;54;4259331N;07036921W;1.2
29;7;6;18;13;9;4259320N;07036939W;0.1
29;7;6;18;13;24;4259334N;07036933W;0.2
29;7;6;18;13;40;4259340N;07036930W;0.9
29;7;6;18;13;55;4259339N;07036931W;0.3
29;7;6;18;14;10;4259340N;07036929W;0.9
29;7;6;18;14;25;4259328N;07036917W;0.6
29;7;6;18;14;40;4259332N;07036922W;0.4
29;7;6;18;14;56;4259327N;07036922W;0.3
29;7;6;18;15;11;4259322N;07036924W;0.2
29;7;6;18;15;26;4259329N;07036909W;0.2
29;7;6;18;15;41;4259324N;07036917W;0.7
29;7;6;18;15;56;4259331N;07036896W;0.2
29;7;6;18;16;12;4259327N;07036904W;0.2
29;7;6;18;16;27;4259325N;07036902W;1.3
29;7;6;18;16;42;4259315N;07036920W;0.7
29;7;6;18;16;57;4259329N;07036922W;1.2
29;7;6;18;17;13;4259334N;07036923W;0.2
29;7;6;18;17;28;4259333N;07036929W;0.7
29;7;6;18;17;43;4259339N;07036925W;0.1
29;7;6;18;17;58;4259338N;07036924W;0.4
29;7;6;18;18;13;4259339N;07036926W;0.2
29;7;6;18;18;28;4259341N;07036927W;0.1
29;7;6;18;18;28;4259341N;07036927W;0.1
29;7;6;18;18;28;4259341N;07036927W;0.1
29;7;6;18;18;44;4259338N;07036925W;0.5
29;7;6;18;18;59;4259305N;07037003W;0.2
29;7;6;18;19;14;4259340N;07036928W;1.0
29;7;6;18;19;29;4259344N;07036929W;1.2
29;7;6;18;19;44;4259337N;07036932W;0.1
29;7;6;18;20;0;4259333N;07036942W;0.7
29;7;6;18;20;15;4259337N;07036913W;0.4
29;7;6;18;20;31;4259333N;07036920W;0.2
29;7;6;18;20;46;4259338N;07036927W;0.2
29;7;6;18;21;1;4259346N;07036925W;0.7
29;7;6;18;21;16;4259342N;07036918W;0.1
29;7;6;18;21;31;4259329N;07036923W;4.5
29;7;6;18;21;47;4259334N;07036917W;0.4
29;7;6;18;22;2;4259340N;07036924W;0.4
29;7;6;18;22;17;4259327N;07036932W;0.2
29;7;6;18;22;32;4259336N;07036923W;0.4
29;7;6;18;22;47;4259313N;07036906W;1.0
29;7;6;18;23;3;4259337N;07036926W;1.0
29;7;6;18;23;19;4259335N;07036925W;0.0
29;7;6;18;23;34;4259336N;07036925W;0.1
29;7;6;18;23;49;4259336N;07036924W;0.1
29;8;6;18;0;4;4259338N;07036927W;1.5
29;8;6;18;0;20;4259335N;07036924W;0.2
29;8;6;18;0;35;4259348N;07036933W;0.8
29;8;6;18;0;50;4259308N;07036990W;0.1
29;8;6;18;1;5;4259330N;07036924W;0.3
29;8;6;18;1;20;4259318N;07036924W;1.2
29;8;6;18;1;36;4259336N;07036925W;0.5
29;8;6;18;1;51;4259338N;07036923W;0.4
29;8;6;18;2;6;4259340N;07036926W;0.1
29;8;6;18;2;21;4259341N;07036925W;0.0
29;8;6;18;2;37;4259338N;07036922W;0.0
29;8;6;18;2;52;4259338N;07036923W;0.4
29;8;6;18;3;7;4259342N;07036923W;0.6
29;8;6;18;3;22;4259334N;07036903W;4.5
29;8;6;18;3;37;4259337N;07036924W;0.3
29;8;6;18;3;52;4259340N;07036924W;0.5
29;8;6;18;4;7;4259333N;07036924W;0.5
29;8;6;18;4;23;4259343N;07036923W;0.3
29;8;6;18;4;38;4259370N;07036943W;0.3
29;8;6;18;4;54;4259339N;07036922W;0.5
29;8;6;18;5;9;4259340N;07036923W;0.2
29;8;6;18;5;24;4259339N;07036926W;0.2
29;8;6;18;5;39;4259356N;07036947W;0.9
29;8;6;18;5;54;4259358N;07036951W;0.2
29;8;6;18;6;10;4259378N;07036974W;0.3
29;8;6;18;6;25;4259352N;07036944W;0.3
29;8;6;18;6;40;4259349N;07036934W;0.2
29;8;6;18;6;55;4259356N;07036938W;0.3
29;8;6;18;7;10;4259348N;07036904W;0.3
29;8;6;18;7;26;4259348N;07036902W;0.4
29;8;6;18;7;42;4259335N;07036924W;0.1
29;8;6;18;7;57;4259337N;07036926W;0.1
29;8;6;18;8;12;4259335N;07036926W;0.4
29;8;6;18;8;27;4259337N;07036926W;0.2
29;8;6;18;8;42;4259338N;07036926W;0.3
29;8;6;18;8;57;4259334N;07036917W;0.4
29;8;6;18;9;13;4259338N;07036924W;0.2
29;8;6;18;9;28;4259339N;07036927W;0.1
29;8;6;18;9;43;4259337N;07036929W;0.2
29;8;6;18;9;58;4259341N;07036944W;0.1
29;8;6;18;10;14;4259334N;07036927W;0.5
29;8;6;18;10;29;4259347N;07036917W;0.5
29;8;6;18;10;44;4259348N;07036919W;0.3
29;8;6;18;10;59;4259342N;07036922W;0.5
29;8;6;18;11;14;4259335N;07036923W;0.4
29;8;6;18;11;30;4259346N;07036923W;0.3
29;8;6;18;11;45;4259341N;07036921W;0.4
29;8;6;18;12;0;4259339N;07036920W;0.0
29;8;6;18;12;16;4259339N;07036922W;0.3
29;8;6;18;12;31;4259335N;07036919W;0.1
29;8;6;18;12;46;4259338N;07036923W;0.2
29;8;6;18;13;2;4259331N;07036926W;0.2
29;8;6;18;13;17;4259336N;07036917W;0.8
29;8;6;18;13;32;4259325N;07036907W;0.2
29;8;6;18;13;47;4259334N;07036921W;0.1
29;8;6;18;14;3;4259323N;07036910W;0.9
29;8;6;18;14;18;4259330N;07036916W;0.4
29;8;6;18;14;33;4259338N;07036927W;0.6
29;8;6;18;14;48;4259326N;07036915W;0.0
29;8;6;18;15;4;4259323N;07036910W;5.0
29;8;6;18;15;19;4259333N;07036917W;0.8
29;8;6;18;15;34;4259331N;07036912W;1.5
29;8;6;18;15;50;4259336N;07036920W;0.2
29;8;6;18;16;5;4259336N;07036922W;0.1
29;8;6;18;16;21;4259227N;07036961W;0.4
29;8;6;18;16;36;4259341N;07036919W;0.2
29;8;6;18;16;51;4259333N;07036928W;0.3
29;8;6;18;17;6;4259331N;07036914W;0.7
29;8;6;18;17;21;4259330N;07036920W;1.7
29;8;6;18;17;36;4259333N;07036919W;0.0
29;8;6;18;17;51;4259340N;07036921W;1.0
29;8;6;18;18;7;4259296N;07036885W;0.3
29;8;6;18;18;22;4259334N;07036917W;0.5
29;8;6;18;18;37;4259334N;07036917W;4.7
29;8;6;18;18;52;4259342N;07036930W;0.2
29;8;6;18;19;7;4301162N;07042522W;27.
29;8;6;18;19;22;4301992N;07047530W;21.
29;8;6;18;19;37;4303105N;07051238W;13.
29;8;6;18;19;52;4304513N;07054051W;28.
29;8;6;18;20;8;4304901N;07053529W;0.6
29;8;6;18;20;23;4303843N;07051432W;19.
29;8;6;18;20;38;4303328N;07050316W;1.7
29;8;6;18;20;53;4303309N;07050279W;0.2
29;8;6;18;21;8;4301779N;07045799W;21.
29;8;6;18;21;23;4259646N;07038071W;32.
29;8;6;18;21;38;4259321N;07036932W;0.9
29;8;6;18;21;53;4259304N;07036939W;1.2
29;8;6;18;22;8;4259332N;07036930W;0.6
29;8;6;18;22;24;4259359N;07036917W;0.6
29;8;6;18;22;39;4259344N;07036907W;1.1
29;8;6;18;22;54;4259365N;07036922W;1.3
29;8;6;18;23;9;4259359N;07036928W;0.2
29;8;6;18;23;24;4259353N;07036931W;0.2
29;8;6;18;23;39;4259356N;07036933W;0.6
29;8;6;18;23;54;4259347N;07036935W;0.3
29;9;6;18;0;10;4259337N;07036897W;0.4
29;9;6;18;0;25;4259339N;07036925W;0.5
29;9;6;18;0;40;4259342N;07036928W;0.0
29;9;6;18;0;56;4259344N;07036925W;0.0
29;9;6;18;1;11;4259356N;07036920W;0.0
29;9;6;18;1;27;4259362N;07036919W;0.4
29;9;6;18;1;42;4259348N;07036931W;0.4
29;9;6;18;1;57;4259343N;07036943W;0.2
29;9;6;18;2;12;4259349N;07036939W;0.5
29;9;6;18;2;27;4259347N;07036931W;0.5
29;9;6;18;2;42;4259344N;07036933W;0.4
29;9;6;18;2;58;4259341N;07036927W;0.2
29;9;6;18;3;13;4259349N;07036930W;0.1
29;9;6;18;3;28;4259344N;07036922W;0.1
29;9;6;18;3;43;4259379N;07036947W;0.6
29;9;6;18;3;58;4259344N;07036922W;0.6
29;9;6;18;4;13;4259348N;07036922W;0.8
29;9;6;18;4;29;4259342N;07036917W;0.5
29;9;6;18;4;44;4259364N;07036892W;0.4
29;9;6;18;4;59;4259351N;07036923W;0.3
29;9;6;18;5;14;4259352N;07036918W;0.2
29;9;6;18;5;29;4259356N;07036916W;0.4
29;9;6;18;5;45;4259336N;07036922W;0.0
29;9;6;18;6;0;4259340N;07036916W;0.6
29;9;6;18;6;15;4259336N;07036913W;0.2
29;9;6;18;6;30;4259331N;07036919W;0.3
29;9;6;18;6;46;4259335N;07036921W;0.6
29;9;6;18;7;1;4259337N;07036929W;0.3
29;9;6;18;7;16;4259332N;07036922W;0.4
29;9;6;18;7;31;4259338N;07036919W;2.8
29;9;6;18;7;46;4259336N;07036920W;0.6
29;9;6;18;8;1;4259336N;07036921W;0.4
29;9;6;18;8;16;4259331N;07036916W;0.1
29;9;6;18;8;32;4259339N;07036931W;0.2
29;9;6;18;8;47;4259327N;07036917W;0.1
29;9;6;18;9;2;4259329N;07036915W;0.8
29;9;6;18;9;17;4259320N;07036909W;0.4
29;9;6;18;9;33;4259336N;07036915W;1.0
29;9;6;18;9;48;4259300N;07036942W;0.4
29;9;6;18;10;4;4259338N;07036928W;0.0
29;9;6;18;10;19;4259336N;07036925W;0.7
29;9;6;18;10;34;4259341N;07036925W;0.3
29;9;6;18;10;49;4259337N;07036923W;0.6
29;9;6;18;11;4;4259340N;07036928W;0.2
29;9;6;18;11;19;4259342N;07036928W;0.2
29;9;6;18;11;34;4259305N;07036933W;0.8
29;9;6;18;11;49;4259328N;07036914W;0.2
29;9;6;18;12;5;4259339N;07036921W;0.3
29;9;6;18;12;5;4259339N;07036921W;0.3
29;9;6;18;12;5;4259339N;07036921W;0.3
29;9;6;18;12;5;4259339N;07036921W;0.3
29;9;6;18;12;20;4259332N;07036920W;0.8
29;9;6;18;12;35;4259327N;07036920W;0.4
29;9;6;18;12;50;4259328N;07036920W;0.7
29;9;6;18;13;5;4259313N;07036920W;0.5
29;9;6;18;13;20;4259327N;07036923W;0.1
29;9;6;18;13;36;4259331N;07036919W;0.3
29;9;6;18;13;51;4259329N;07036916W;0.9
29;9;6;18;14;6;4259326N;07036915W;1.1
29;9;6;18;14;21;4259344N;07036907W;0.8
29;9;6;18;14;37;4259341N;07036928W;0.2
29;9;6;18;14;52;4259323N;07036912W;0.2
29;9;6;18;15;7;4259321N;07036910W;1.0
29;9;6;18;15;22;4259323N;07036915W;1.2
29;9;6;18;15;37;4259326N;07036915W;1.5
29;9;6;18;15;52;4259327N;07036916W;1.2
29;9;6;18;16;8;4259330N;07036918W;1.1
29;9;6;18;16;23;4259331N;07036912W;0.8
29;9;6;18;16;38;4259327N;07036921W;0.3
29;9;6;18;16;53;4259333N;07036911W;0.4
29;9;6;18;17;8;4259316N;07036908W;0.5
29;9;6;18;17;24;4259323N;07036912W;0.2
29;9;6;18;17;39;4259306N;07036891W;0.1
29;9;6;18;17;54;4259330N;07036935W;0.3
29;9;6;18;18;10;4259189N;07036894W;0.2
29;9;6;18;18;25;4259420N;07036980W;0.2
29;9;6;18;18;41;4259362N;07036960W;0.2
29;9;6;18;18;56;4259420N;07036932W;0.2
29;9;6;18;19;11;4259348N;07036950W;0.3
29;9;6;18;19;26;4259351N;07036960W;0.4
29;9;6;18;19;41;4259381N;07036933W;0.2
29;9;6;18;19;57;4259372N;07036938W;0.2
29;9;6;18;20;12;4259423N;07037032W;0.2
29;9;6;18;20;27;4259311N;07036899W;0.1
29;9;6;18;20;42;4259310N;07036888W;1.1
29;9;6;18;20;58;4259307N;07036902W;0.1
29;9;6;18;21;13;4259315N;07036925W;0.2
29;9;6;18;21;28;4259319N;07036918W;0.8
29;9;6;18;21;43;4259299N;07036938W;0.1
29;9;6;18;21;58;4259304N;07036942W;0.2
29;9;6;18;22;13;4259315N;07036931W;0.3
29;9;6;18;22;29;4259357N;07036920W;1.3
29;9;6;18;22;44;4259350N;07036927W;0.2
29;9;6;18;22;59;4259357N;07036930W;0.6
29;9;6;18;23;14;4259342N;07036930W;0.7
