28;13;7;18;17;31;4259298N;07036925W;0.4
28;13;7;18;17;47;4259281N;07036941W;0.9
28;13;7;18;17;47;4259281N;07036941W;0.9
28;13;7;18;17;47;4259281N;07036941W;0.9
28;13;7;18;17;47;4259281N;07036941W;0.9
28;13;7;18;18;2;4259277N;07036941W;0.1
28;13;7;18;18;17;4259284N;07036937W;0.8
28;13;7;18;18;32;4259281N;07036903W;0.2
28;13;7;18;18;47;4259298N;07036862W;0.1
28;13;7;18;19;2;4259341N;07036885W;0.4
28;13;7;18;19;17;4259273N;07036893W;0.4
28;13;7;18;19;33;4259342N;07036887W;0.5
28;13;7;18;19;48;4259326N;07036906W;0.4
28;13;7;18;20;3;4259305N;07036910W;0.3
28;13;7;18;20;18;4259306N;07036914W;0.2
28;13;7;18;20;34;4259332N;07036944W;0.5
28;13;7;18;20;49;4259333N;07036904W;0.1
28;13;7;18;21;4;4259324N;07036953W;0.0
28;13;7;18;21;19;4259105N;07036699W;0.2
28;13;7;18;21;34;4259112N;07036705W;0.1
28;13;7;18;21;49;4259085N;07036716W;0.2
28;13;7;18;22;4;4259372N;07036940W;0.7
28;13;7;18;22;19;4259334N;07036888W;0.4
28;13;7;18;22;35;4259322N;07036908W;0.3
28;13;7;18;22;50;4259218N;07036761W;0.5
28;13;7;18;23;5;4259282N;07036969W;0.4
28;13;7;18;23;20;4259263N;07036935W;0.3
28;13;7;18;23;35;4259261N;07036920W;1.1
28;13;7;18;23;50;4259260N;07036902W;0.3
28;14;7;18;0;6;4259282N;07036924W;0.3
28;14;7;18;0;21;4259278N;07036899W;0.0
28;14;7;18;0;36;4259277N;07036883W;0.1
28;14;7;18;0;51;4259295N;07036893W;0.3
28;14;7;18;1;6;4259310N;07036918W;0.4
28;14;7;18;1;21;4259317N;07036916W;0.5
28;14;7;18;1;36;4259323N;07036923W;0.1
28;14;7;18;1;52;4259325N;07036918W;0.6
28;14;7;18;2;7;4259327N;07036920W;0.2
28;14;7;18;2;22;4259323N;07036922W;0.1
28;14;7;18;2;37;4259327N;07036921W;0.2
28;14;7;18;2;53;4259325N;07036917W;0.6
28;14;7;18;3;8;4259321N;07036916W;0.0
28;14;7;18;3;23;4259324N;07036917W;0.2
28;14;7;18;3;38;4259328N;07036925W;0.2
28;14;7;18;3;53;4259328N;07036926W;0.4
28;14;7;18;4;9;4259329N;07036924W;0.3
28;14;7;18;4;24;4259320N;07036929W;0.1
28;14;7;18;4;39;4259367N;07036971W;0.5
28;14;7;18;4;54;4259371N;07036975W;1.0
28;14;7;18;5;9;4259280N;07036952W;0.4
28;14;7;18;5;24;4259301N;07036939W;1.1
28;14;7;18;5;39;4259307N;07036938W;0.5
28;14;7;18;5;54;4259312N;07036938W;4.6
28;14;7;18;6;9;4259328N;07036936W;0.6
28;14;7;18;6;24;4259324N;07036937W;0.3
28;14;7;18;6;40;4259342N;07036952W;0.0
28;14;7;18;6;55;4259309N;07036956W;0.1
28;14;7;18;7;10;4259326N;07036927W;0.2
28;14;7;18;7;25;4259303N;07036926W;0.2
28;14;7;18;7;40;4259319N;07036924W;0.1
28;14;7;18;7;55;4259317N;07036916W;0.9
28;14;7;18;8;10;4259314N;07036916W;0.3
28;14;7;18;8;25;4259303N;07036903W;0.3
28;14;7;18;8;40;4259282N;07036885W;0.6
28;14;7;18;8;40;4259282N;07036885W;0.6
28;14;7;18;8;40;4259282N;07036885W;0.6
28;14;7;18;8;40;4259282N;07036885W;0.6
28;14;7;18;8;40;4259282N;07036885W;0.6
28;14;7;18;8;40;4259282N;07036885W;0.6
28;14;7;18;8;40;4259282N;07036885W;0.6
28;14;7;18;8;40;4259282N;07036885W;0.6
28;14;7;18;8;56;4259275N;07036893W;0.6
28;14;7;18;9;11;4259306N;07036896W;0.4
28;14;7;18;9;26;4259298N;07036873W;1.1
28;14;7;18;9;41;4259276N;07036930W;1.5
28;14;7;18;9;56;4259349N;07036937W;0.0
28;14;7;18;10;11;4259323N;07036951W;0.2
28;14;7;18;10;26;4259279N;07036940W;0.2
28;14;7;18;10;41;4259255N;07036895W;0.3
28;14;7;18;10;56;4259326N;07036888W;0.1
28;14;7;18;11;12;4259337N;07036869W;1.0
28;14;7;18;11;27;4259311N;07036839W;0.3
28;14;7;18;11;42;4259300N;07036855W;0.5
28;14;7;18;11;57;4259335N;07036915W;0.5
28;14;7;18;12;12;4259292N;07036887W;0.7
28;14;7;18;12;27;4259081N;07036703W;0.5
28;14;7;18;12;42;4259049N;07036697W;0.4
28;14;7;18;12;57;4259046N;07036692W;0.3
28;14;7;18;13;13;4259278N;07036987W;0.7
28;14;7;18;13;28;4259263N;07036970W;0.3
28;14;7;18;13;43;4259468N;07037485W;0.6
28;14;7;18;13;58;4259304N;07036930W;20.
28;14;7;18;14;13;4259257N;07036910W;23.
28;14;7;18;14;28;4259276N;07036895W;0.1
28;14;7;18;14;43;4259167N;07038031W;20.
28;14;7;18;14;58;4256476N;07038478W;1.2
28;14;7;18;15;14;4256586N;07038574W;0.1
28;14;7;18;15;29;4255294N;07038404W;21.
28;14;7;18;15;29;4255294N;07038404W;21.
28;14;7;18;15;44;4250500N;07039659W;16.
28;14;7;18;15;44;4250500N;07039659W;16.
28;14;7;18;15;59;4250250N;07039482W;0.1
28;14;7;18;15;59;4250250N;07039482W;0.1
28;14;7;18;15;59;4250250N;07039482W;0.1
28;14;7;18;16;14;4250330N;07039564W;0.1
28;14;7;18;16;29;4250429N;07039576W;0.5
28;14;7;18;16;44;4250041N;07039833W;0.4
28;14;7;18;16;59;4249682N;07039988W;36.
28;14;7;18;17;14;4249333N;07039985W;0.6
28;14;7;18;17;29;4249468N;07039733W;26.
28;14;7;18;17;44;4256901N;07038165W;30.
28;14;7;18;18;0;4259326N;07036882W;0.4
28;14;7;18;18;15;4259297N;07036907W;0.5
28;14;7;18;18;31;4259389N;07036841W;0.2
28;14;7;18;18;46;4259399N;07036847W;0.4
28;14;7;18;19;1;4259371N;07036870W;0.9
28;14;7;18;19;17;4259319N;07036920W;0.0
28;14;7;18;19;32;4259333N;07036901W;0.3
28;14;7;18;19;47;4259310N;07036928W;0.2
28;14;7;18;20;2;4259321N;07036916W;0.4
28;14;7;18;20;17;4259089N;07036705W;0.6
28;14;7;18;20;32;4259090N;07036707W;0.2
28;14;7;18;20;47;4259094N;07036707W;0.2
28;14;7;18;21;2;4259086N;07036707W;0.1
28;14;7;18;21;17;4259094N;07036706W;0.5
28;14;7;18;21;32;4259088N;07036707W;6.0
28;14;7;18;21;47;4259114N;07036711W;0.4
28;14;7;18;22;3;4259102N;07036714W;0.0
28;14;7;18;22;18;4259120N;07036711W;0.5
28;14;7;18;22;33;4259314N;07036898W;1.3
28;14;7;18;22;48;4259318N;07036938W;0.6
28;14;7;18;23;3;4259291N;07036910W;0.1
28;14;7;18;23;18;4259273N;07036923W;0.2
28;14;7;18;23;33;4259317N;07036933W;0.2
28;14;7;18;23;49;4259337N;07036941W;0.5
28;15;7;18;0;4;4259290N;07036893W;0.3
28;15;7;18;0;19;4259271N;07036890W;0.5
28;15;7;18;0;34;4259320N;07036911W;0.2
28;15;7;18;0;34;4259320N;07036911W;0.2
28;15;7;18;0;49;4259302N;07036913W;0.1
28;15;7;18;0;49;4259302N;07036913W;0.1
28;15;7;18;0;49;4259302N;07036913W;0.1
28;15;7;18;1;4;4259336N;07036910W;0.1
28;15;7;18;1;20;4259324N;07036932W;0.3
28;15;7;18;1;20;4259324N;07036932W;0.3
28;15;7;18;1;20;4259324N;07036932W;0.3
28;15;7;18;1;20;4259324N;07036932W;0.3
28;15;7;18;1;20;4259324N;07036932W;0.3
28;15;7;18;1;20;4259324N;07036932W;0.3
28;15;7;18;1;20;4259324N;07036932W;0.3
28;15;7;18;1;20;4259324N;07036932W;0.3
28;15;7;18;1;35;4259362N;07036929W;0.2
28;15;7;18;1;50;4259321N;07036919W;0.4
28;15;7;18;2;6;4259320N;07036915W;0.4
28;15;7;18;2;21;4259317N;07036923W;2.1
28;15;7;18;2;36;4259318N;07036910W;0.7
28;15;7;18;2;36;4259318N;07036910W;0.7
28;15;7;18;2;51;4259325N;07036916W;0.6
28;15;7;18;3;6;4259325N;07036928W;2.1
28;15;7;18;3;21;4259321N;07036913W;0.1
28;15;7;18;3;21;4259321N;07036913W;0.1
28;15;7;18;3;21;4259321N;07036913W;0.1
28;15;7;18;3;36;4259339N;07036949W;0.0
28;15;7;18;3;52;4259288N;07036883W;0.4
28;15;7;18;4;7;4259323N;07036920W;1.4
28;15;7;18;4;22;4259317N;07036927W;0.9
28;15;7;18;4;37;4259313N;07036923W;0.5
28;15;7;18;4;52;4259314N;07036944W;0.4
28;15;7;18;5;7;4259315N;07036944W;0.3
28;15;7;18;5;22;4259316N;07036938W;0.0
28;15;7;18;5;37;4259323N;07036938W;0.2
28;15;7;18;5;52;4259325N;07036937W;1.0
28;15;7;18;6;8;4259301N;07036901W;0.2
28;15;7;18;6;23;4259323N;07036923W;0.2
28;15;7;18;6;38;4259315N;07036918W;0.1
28;15;7;18;6;53;4259315N;07036919W;1.4
28;15;7;18;7;9;4259317N;07036921W;0.1
28;15;7;18;7;24;4259313N;07036922W;0.7
28;15;7;18;7;39;4259318N;07036910W;1.2
28;15;7;18;7;54;4259317N;07036946W;0.2
28;15;7;18;8;9;4259322N;07036820W;0.1
28;15;7;18;8;24;4259312N;07036886W;0.0
28;15;7;18;8;39;4259300N;07036922W;0.9
28;15;7;18;8;54;4259304N;07036918W;0.8
28;15;7;18;9;9;4259305N;07036907W;0.3
28;15;7;18;9;24;4259311N;07036893W;0.6
28;15;7;18;9;39;4259291N;07036891W;1.7
28;15;7;18;9;55;4259279N;07036877W;0.6
28;15;7;18;10;10;4259090N;07036704W;0.5
28;15;7;18;10;25;4259242N;07036893W;1.1
28;15;7;18;10;40;4259309N;07036908W;0.1
28;15;7;18;10;55;4259300N;07036916W;0.4
28;15;7;18;11;10;4259319N;07036934W;0.1
28;15;7;18;11;26;4259325N;07036954W;0.1
28;15;7;18;11;41;4259302N;07036922W;0.1
28;15;7;18;11;56;4259312N;07036942W;0.5
28;15;7;18;12;11;4259335N;07036771W;0.3
28;15;7;18;12;26;4259300N;07036904W;0.6
28;15;7;18;12;41;4259286N;07036844W;0.2
28;15;7;18;12;57;4259280N;07036887W;0.6
28;15;7;18;13;12;4259289N;07036859W;0.1
28;15;7;18;13;27;4259310N;07036826W;0.1
28;15;7;18;13;42;4259305N;07036831W;0.1
28;15;7;18;13;57;4259265N;07036905W;0.4
28;15;7;18;14;13;4259323N;07036918W;0.0
28;15;7;18;14;28;4259320N;07036922W;3.9
28;15;7;18;14;44;4259326N;07036916W;0.2
28;15;7;18;14;59;4259331N;07036919W;3.6
28;15;7;18;15;14;4259327N;07036914W;1.7
28;15;7;18;15;29;4259325N;07036914W;3.8
28;15;7;18;15;44;4259327N;07036918W;0.5
28;15;7;18;15;59;4259295N;07036954W;11.
28;15;7;18;16;14;4259326N;07036923W;0.5
28;15;7;18;16;30;4259322N;07036917W;0.1
28;15;7;18;16;45;4259291N;07036886W;0.6
28;15;7;18;17;0;4259284N;07036878W;0.1
28;15;7;18;17;15;4259328N;07036915W;0.1
28;15;7;18;17;30;4259326N;07036918W;0.8
28;15;7;18;17;45;4259325N;07036904W;0.1
28;15;7;18;18;0;4259319N;07036915W;0.1
28;15;7;18;18;16;4259332N;07036924W;0.1
28;15;7;18;18;31;4259315N;07036928W;0.1
28;15;7;18;18;46;4259315N;07036930W;0.2
28;15;7;18;19;1;4259295N;07036935W;0.8
28;15;7;18;19;16;4259277N;07036914W;0.2
28;15;7;18;19;31;4259321N;07036921W;0.2
28;15;7;18;19;46;4259314N;07036920W;0.5
28;15;7;18;20;1;4259341N;07036903W;0.1
28;15;7;18;20;16;4259342N;07036918W;0.5
28;15;7;18;20;31;4259347N;07036922W;0.3
28;15;7;18;20;47;4259351N;07036928W;0.3
28;15;7;18;21;2;4259347N;07036928W;0.2
28;15;7;18;21;17;4259340N;07036939W;0.5
28;15;7;18;21;32;4259345N;07036945W;0.5
28;15;7;18;21;47;4259303N;07036859W;0.1
28;15;7;18;22;3;4259306N;07036904W;0.4
28;15;7;18;22;18;4259337N;07036897W;0.2
28;15;7;18;22;33;4259317N;07036917W;0.5
28;15;7;18;22;49;4259305N;07036946W;0.3
28;15;7;18;23;4;4259061N;07036708W;0.3
28;15;7;18;23;19;4259075N;07036690W;0.3
28;15;7;18;23;34;4259297N;07036915W;0.2
28;15;7;18;23;49;4259335N;07036911W;0.1
28;16;7;18;0;4;4259312N;07036911W;0.0
28;16;7;18;0;4;4259312N;07036911W;0.0
28;16;7;18;0;19;4259314N;07036915W;0.2
28;16;7;18;0;35;4259314N;07036911W;0.4
28;16;7;18;0;50;4259306N;07036903W;0.1
28;16;7;18;1;5;4259311N;07036906W;0.6
28;16;7;18;1;5;4259311N;07036906W;0.6
28;16;7;18;1;5;4259311N;07036906W;0.6
28;16;7;18;1;5;4259311N;07036906W;0.6
28;16;7;18;1;5;4259311N;07036906W;0.6
28;16;7;18;1;20;4259333N;07036920W;1.2
28;16;7;18;1;35;4259322N;07036913W;0.7
28;16;7;18;1;35;4259322N;07036913W;0.7
28;16;7;18;1;50;4259346N;07036915W;0.0
28;16;7;18;2;5;4259322N;07036923W;0.6
28;16;7;18;2;5;4259322N;07036923W;0.6
28;16;7;18;2;21;4259317N;07036933W;1.2
28;16;7;18;2;36;4259315N;07036942W;1.3
28;16;7;18;2;36;4259315N;07036942W;1.3
28;16;7;18;2;36;4259315N;07036942W;1.3
28;16;7;18;2;51;4259318N;07036935W;0.2
28;16;7;18;2;51;4259318N;07036935W;0.2
28;16;7;18;2;51;4259318N;07036935W;0.2
28;16;7;18;3;6;4259351N;07036948W;0.3
28;16;7;18;3;21;4259324N;07036930W;0.5
28;16;7;18;3;21;4259324N;07036930W;0.5
28;16;7;18;3;21;4259324N;07036930W;0.5
28;16;7;18;3;21;4259324N;07036930W;0.5
28;16;7;18;3;36;4259310N;07036931W;0.2
28;16;7;18;3;36;4259310N;07036931W;0.2
28;16;7;18;3;51;4259300N;07036926W;0.3
28;16;7;18;4;6;4259321N;07036914W;0.3
28;16;7;18;4;6;4259321N;07036914W;0.3
28;16;7;18;4;21;4259301N;07036928W;0.1
28;16;7;18;4;37;4259304N;07036924W;0.6
28;16;7;18;4;52;4259304N;07036917W;0.4
28;16;7;18;5;7;4259299N;07036905W;0.5
28;16;7;18;5;7;4259299N;07036905W;0.5
28;16;7;18;5;7;4259299N;07036905W;0.5
28;16;7;18;5;7;4259299N;07036905W;0.5
28;16;7;18;5;7;4259299N;07036905W;0.5
28;16;7;18;5;22;4259309N;07036907W;0.1
28;16;7;18;5;37;4259302N;07036881W;0.1
28;16;7;18;5;52;4259317N;07036909W;0.2
28;16;7;18;5;52;4259317N;07036909W;0.2
28;16;7;18;6;7;4259323N;07036905W;0.1
28;16;7;18;6;7;4259323N;07036905W;0.1
28;16;7;18;6;7;4259323N;07036905W;0.1
28;16;7;18;6;7;4259323N;07036905W;0.1
28;16;7;18;6;7;4259323N;07036905W;0.1
28;16;7;18;6;22;4259327N;07036912W;0.2
28;16;7;18;6;22;4259327N;07036912W;0.2
28;16;7;18;6;22;4259327N;07036912W;0.2
28;16;7;18;6;22;4259327N;07036912W;0.2
28;16;7;18;6;22;4259327N;07036912W;0.2
28;16;7;18;6;22;4259327N;07036912W;0.2
28;16;7;18;6;22;4259327N;07036912W;0.2
28;16;7;18;6;37;4259311N;07036938W;0.4
28;16;7;18;6;53;4259331N;07036903W;0.2
28;16;7;18;7;8;4259324N;07036918W;0.3
28;16;7;18;7;8;4259324N;07036918W;0.3
28;16;7;18;7;8;4259324N;07036918W;0.3
28;16;7;18;7;23;4259321N;07036919W;1.5
28;16;7;18;7;23;4259321N;07036919W;1.5
28;16;7;18;7;38;4259327N;07036909W;0.8
28;16;7;18;7;38;4259327N;07036909W;0.8
28;16;7;18;7;53;4259323N;07036912W;0.3
28;16;7;18;7;53;4259323N;07036912W;0.3
28;16;7;18;8;8;4259323N;07036909W;0.4
28;16;7;18;8;8;4259323N;07036909W;0.4
28;16;7;18;8;8;4259323N;07036909W;0.4
28;16;7;18;8;8;4259323N;07036909W;0.4
28;16;7;18;8;8;4259323N;07036909W;0.4
28;16;7;18;8;8;4259323N;07036909W;0.4
28;16;7;18;8;8;4259323N;07036909W;0.4
28;16;7;18;8;8;4259323N;07036909W;0.4
28;16;7;18;8;8;4259323N;07036909W;0.4
28;16;7;18;8;8;4259323N;07036909W;0.4
28;16;7;18;8;23;4259323N;07036907W;0.4
28;16;7;18;8;38;4259321N;07036919W;0.8
28;16;7;18;8;38;4259321N;07036919W;0.8
28;16;7;18;8;53;4259246N;07036888W;0.3
28;16;7;18;8;53;4259246N;07036888W;0.3
28;16;7;18;9;9;4259288N;07036814W;0.1
28;16;7;18;9;24;4259316N;07036891W;0.2
28;16;7;18;9;39;4259312N;07036917W;0.3
28;16;7;18;9;54;4259291N;07036908W;0.2
28;16;7;18;9;54;4259291N;07036908W;0.2
28;16;7;18;9;54;4259291N;07036908W;0.2
28;16;7;18;9;54;4259291N;07036908W;0.2
28;16;7;18;10;9;4259363N;07036901W;0.2
28;16;7;18;10;25;4259385N;07036916W;0.3
28;16;7;18;10;40;4259327N;07036922W;0.2
28;16;7;18;10;55;4259295N;07036920W;0.1
28;16;7;18;11;10;4259341N;07036954W;1.3
28;16;7;18;11;25;4259305N;07036895W;0.8
28;16;7;18;11;25;4259305N;07036895W;0.8
28;16;7;18;11;40;4259273N;07036873W;0.2
28;16;7;18;11;56;4259371N;07037000W;0.3
28;16;7;18;12;11;4259335N;07036847W;17.
28;16;7;18;12;26;4259302N;07036957W;0.2
28;16;7;18;12;41;4259308N;07036944W;0.2
28;16;7;18;12;56;4259313N;07036962W;0.6
28;16;7;18;13;11;4259270N;07037010W;0.8
28;16;7;18;13;26;4259308N;07036897W;0.3
28;16;7;18;13;42;4259302N;07036901W;0.1
28;16;7;18;13;57;4259302N;07036901W;0.2
28;16;7;18;14;12;4259295N;07036909W;0.3
28;16;7;18;14;27;4259303N;07036899W;0.4
28;16;7;18;14;42;4259302N;07036894W;0.6
28;16;7;18;14;57;4259206N;07037001W;22.
28;16;7;18;15;12;4255193N;07038971W;0.5
28;16;7;18;15;27;4251912N;07039557W;24.
28;16;7;18;15;42;4252000N;07039431W;1.8
28;16;7;18;15;57;4251963N;07039943W;1.9
28;16;7;18;16;12;4251904N;07040318W;13.
28;16;7;18;16;27;4249937N;07040273W;0.7
28;16;7;18;16;43;4248276N;07039907W;0.8
28;16;7;18;16;58;4248001N;07040521W;0.8
28;16;7;18;17;13;4248186N;07040434W;9.8
28;16;7;18;17;28;4248254N;07040559W;1.2
28;16;7;18;17;44;4248307N;07040622W;0.3
28;16;7;18;17;59;4248500N;07040670W;0.3
28;16;7;18;18;14;4250006N;07040145W;0.4
28;16;7;18;18;29;4252107N;07041072W;0.3
28;16;7;18;18;45;4252117N;07040400W;1.2
28;16;7;18;19;0;4252935N;07039150W;21.
28;16;7;18;19;15;4254631N;07037126W;1.6
28;16;7;18;19;30;4254712N;07033932W;0.4
28;16;7;18;19;45;4254761N;07033861W;0.3
28;16;7;18;20;0;4254769N;07033756W;1.4
28;16;7;18;20;15;4254825N;07033500W;0.6
28;16;7;18;20;30;4254868N;07033468W;0.7
28;16;7;18;20;45;4255169N;07033584W;26.
28;16;7;18;21;0;4259164N;07036717W;21.
28;16;7;18;21;15;4259333N;07036928W;0.9
28;16;7;18;21;31;4259307N;07036939W;0.7
28;16;7;18;21;46;4259324N;07036932W;0.8
28;16;7;18;22;1;4259355N;07036945W;0.7
28;16;7;18;22;16;4259335N;07037008W;0.2
28;16;7;18;22;31;4259387N;07037050W;0.3
28;16;7;18;22;46;4259332N;07036971W;0.2
28;16;7;18;22;46;4259332N;07036971W;0.2
28;16;7;18;22;46;4259332N;07036971W;0.2
28;16;7;18;23;2;4259345N;07036962W;0.3
28;16;7;18;23;17;4259327N;07037099W;0.4
28;16;7;18;23;17;4259327N;07037099W;0.4
28;16;7;18;23;32;4259360N;07036872W;0.1
28;16;7;18;23;47;4259270N;07036948W;0.2
28;17;7;18;0;2;4259222N;07036951W;0.4
28;17;7;18;0;17;4259316N;07036834W;0.2
28;17;7;18;0;33;4259325N;07036867W;0.2
28;17;7;18;0;48;4259275N;07037042W;0.2
28;17;7;18;1;3;4259404N;07036811W;0.4
28;17;7;18;1;18;4259356N;07036937W;0.3
28;17;7;18;1;33;4259271N;07036993W;0.5
28;17;7;18;1;33;4259271N;07036993W;0.5
28;17;7;18;1;49;4259279N;07036982W;0.6
28;17;7;18;2;4;4259289N;07036928W;0.2
28;17;7;18;2;19;4259191N;07036789W;0.0
28;17;7;18;2;34;4259715N;07036920W;0.4
28;17;7;18;2;50;4259326N;07036916W;0.1
28;17;7;18;3;5;4259316N;07036912W;0.5
28;17;7;18;3;20;4259328N;07036916W;0.4
28;17;7;18;3;36;4259314N;07036908W;0.6
28;17;7;18;3;51;4259313N;07036906W;1.0
28;17;7;18;4;6;4259324N;07036920W;1.2
28;17;7;18;4;22;4259315N;07036922W;0.8
28;17;7;18;4;37;4259320N;07036933W;0.4
28;17;7;18;4;52;4259326N;07036911W;0.4
28;17;7;18;5;7;4259311N;07036921W;0.6
28;17;7;18;5;22;4259322N;07036930W;0.6
28;17;7;18;5;37;4259325N;07036939W;0.8
28;17;7;18;5;52;4259328N;07036938W;0.3
28;17;7;18;6;7;4259320N;07036924W;0.5
28;17;7;18;6;22;4259323N;07036931W;0.5
28;17;7;18;6;38;4259306N;07036924W;0.5
28;17;7;18;6;53;4259324N;07036915W;0.7
28;17;7;18;6;53;4259324N;07036915W;0.7
28;17;7;18;7;8;4259309N;07036927W;0.4
28;17;7;18;7;23;4259312N;07036919W;0.2
28;17;7;18;7;39;4259323N;07036916W;0.2
28;17;7;18;7;54;4259282N;07037081W;0.2
28;17;7;18;8;9;4259322N;07036915W;1.5
28;17;7;18;8;24;4259326N;07036909W;0.7
28;17;7;18;8;24;4259326N;07036909W;0.7
28;17;7;18;8;24;4259326N;07036909W;0.7
28;17;7;18;8;39;4259316N;07036909W;0.5
28;17;7;18;8;54;4259317N;07036913W;0.3
28;17;7;18;9;9;4259310N;07036892W;0.8
28;17;7;18;9;24;4259363N;07036790W;17.
28;17;7;18;9;39;4259323N;07036915W;0.5
28;17;7;18;9;54;4259319N;07036916W;0.5
28;17;7;18;9;54;4259319N;07036916W;0.5
28;17;7;18;9;54;4259319N;07036916W;0.5
28;17;7;18;10;9;4259314N;07036917W;0.8
28;17;7;18;10;9;4259314N;07036917W;0.8
28;17;7;18;10;25;4259295N;07036909W;0.5
28;17;7;18;10;40;4259309N;07036919W;0.5
28;17;7;18;10;55;4259313N;07037003W;1.1
28;17;7;18;11;10;4259285N;07036967W;0.4
28;17;7;18;11;26;4259291N;07036976W;0.2
28;17;7;18;11;41;4259342N;07036955W;0.3
28;17;7;18;11;56;4255057N;07037693W;21.
28;17;7;18;12;11;4251458N;07038530W;25.
28;17;7;18;12;26;4251709N;07038346W;10.
28;17;7;18;12;41;4251864N;07038100W;0.8
28;17;7;18;12;56;4252594N;07037335W;1.3
28;17;7;18;13;11;4253434N;07037045W;0.8
28;17;7;18;13;26;4253263N;07037819W;19.
28;17;7;18;13;42;4255671N;07037238W;38.
28;17;7;18;13;57;4259036N;07036678W;0.6
28;17;7;18;14;12;4259060N;07036702W;0.3
28;17;7;18;14;27;4259057N;07036711W;0.2
28;17;7;18;14;42;4259059N;07036710W;0.4
28;17;7;18;14;57;4259058N;07036713W;0.1
28;17;7;18;15;12;4259057N;07036749W;0.2
28;17;7;18;15;27;4259045N;07036703W;0.4
28;17;7;18;15;43;4259071N;07036721W;0.7
28;17;7;18;15;58;4259080N;07036726W;0.2
28;17;7;18;16;13;4259080N;07036719W;0.2
28;17;7;18;16;28;4259328N;07036918W;0.3
28;17;7;18;16;43;4259314N;07036917W;0.5
28;17;7;18;16;59;4259310N;07036907W;0.6
28;17;7;18;17;14;4259312N;07036915W;2.1
28;17;7;18;17;29;4259323N;07036885W;0.2
28;17;7;18;17;44;4259305N;07036895W;0.2
28;17;7;18;17;59;4259313N;07036894W;0.4
28;17;7;18;18;14;4259319N;07036914W;0.4
28;17;7;18;18;29;4259317N;07036914W;0.2
28;17;7;18;18;45;4259311N;07036918W;0.4
28;17;7;18;19;0;4259328N;07036915W;0.1
28;17;7;18;19;15;4259340N;07036912W;0.5
28;17;7;18;19;30;4259342N;07036909W;0.2
28;17;7;18;19;45;4259353N;07036908W;0.2
28;17;7;18;20;0;4255731N;07038008W;18.
28;17;7;18;20;16;4253134N;07038139W;0.8
28;17;7;18;20;31;4251212N;07040157W;31.
28;17;7;18;20;46;4253698N;07043336W;0.1
28;17;7;18;21;1;4258016N;07037739W;35.
28;17;7;18;21;17;4259319N;07036914W;0.3
28;17;7;18;21;32;4259313N;07036912W;0.4
28;17;7;18;21;47;4259318N;07036912W;0.5
28;17;7;18;22;2;4259316N;07036912W;0.7
28;17;7;18;22;17;4259320N;07036910W;0.4
28;17;7;18;22;32;4259315N;07036922W;0.2
28;17;7;18;22;47;4259310N;07036929W;0.3
28;17;7;18;23;2;4259297N;07036921W;0.2
28;17;7;18;23;17;4259384N;07036884W;0.2
28;17;7;18;23;32;4259387N;07036900W;0.8
28;17;7;18;23;47;4259341N;07036902W;0.8
28;18;7;18;0;2;4259297N;07036963W;0.4
28;18;7;18;0;18;4259277N;07036986W;0.5
28;18;7;18;0;33;4259287N;07036907W;0.5
28;18;7;18;0;33;4259287N;07036907W;0.5
28;18;7;18;0;48;4259280N;07036858W;0.4
28;18;7;18;1;3;4259297N;07036983W;0.9
28;18;7;18;1;18;4259287N;07036956W;0.0
28;18;7;18;1;33;4259300N;07036911W;1.3
28;18;7;18;1;49;4259297N;07036994W;0.6
28;18;7;18;2;4;4259281N;07037006W;0.1
28;18;7;18;2;19;4259295N;07036991W;0.9
28;18;7;18;2;34;4259293N;07037000W;0.3
28;18;7;18;2;34;4259293N;07037000W;0.3
28;18;7;18;2;34;4259293N;07037000W;0.3
28;18;7;18;2;34;4259293N;07037000W;0.3
28;18;7;18;2;34;4259293N;07037000W;0.3
28;18;7;18;2;34;4259293N;07037000W;0.3
28;18;7;18;2;50;4259271N;07036996W;0.2
28;18;7;18;2;50;4259271N;07036996W;0.2
28;18;7;18;2;50;4259271N;07036996W;0.2
28;18;7;18;3;6;4259277N;07037013W;0.2
28;18;7;18;3;21;4259287N;07037005W;0.3
28;18;7;18;3;36;4259274N;07036997W;0.1
28;18;7;18;3;36;4259274N;07036997W;0.1
28;18;7;18;3;51;4259277N;07036997W;0.4
28;18;7;18;4;6;4259282N;07037006W;0.5
28;18;7;18;4;22;4259306N;07036921W;0.6
28;18;7;18;4;37;4259302N;07036918W;0.1
28;18;7;18;4;37;4259302N;07036918W;0.1
28;18;7;18;4;52;4259303N;07036925W;0.1
28;18;7;18;4;52;4259303N;07036925W;0.1
28;18;7;18;4;52;4259303N;07036925W;0.1
28;18;7;18;4;52;4259303N;07036925W;0.1
28;18;7;18;5;7;4259301N;07036923W;0.3
28;18;7;18;5;22;4259303N;07036922W;0.2
28;18;7;18;5;37;4259304N;07036925W;0.6
28;18;7;18;5;37;4259304N;07036925W;0.6
28;18;7;18;5;52;4259308N;07036923W;0.2
28;18;7;18;5;52;4259308N;07036923W;0.2
28;18;7;18;5;52;4259308N;07036923W;0.2
28;18;7;18;6;7;4259311N;07036926W;0.3
28;18;7;18;6;22;4259308N;07036930W;1.2
28;18;7;18;6;37;4259313N;07036927W;0.8
28;18;7;18;6;52;4259311N;07036925W;0.4
28;18;7;18;6;52;4259311N;07036925W;0.4
28;18;7;18;6;52;4259311N;07036925W;0.4
28;18;7;18;7;7;4259311N;07036922W;0.6
28;18;7;18;7;7;4259311N;07036922W;0.6
28;18;7;18;7;22;4259306N;07036906W;0.4
28;18;7;18;7;37;4259310N;07036914W;0.0
28;18;7;18;7;53;4259311N;07036915W;0.5
28;18;7;18;8;8;4259310N;07036914W;0.2
28;18;7;18;8;23;4259308N;07036907W;0.4
28;18;7;18;8;38;4259326N;07036917W;1.2
28;18;7;18;8;38;4259326N;07036917W;1.2
28;18;7;18;8;53;4259308N;07036909W;0.2
28;18;7;18;9;8;4259314N;07036911W;0.0
28;18;7;18;9;24;4259336N;07036931W;0.0
28;18;7;18;9;39;4259314N;07036918W;0.5
28;18;7;18;9;54;4259336N;07036931W;0.3
28;18;7;18;10;9;4259315N;07036925W;0.4
28;18;7;18;10;24;4259330N;07036932W;0.1
28;18;7;18;10;39;4259321N;07036937W;0.3
28;18;7;18;10;54;4259313N;07036876W;0.5
28;18;7;18;11;10;4252716N;07038381W;25.
28;18;7;18;11;25;4252122N;07038754W;0.7
28;18;7;18;11;40;4251948N;07038676W;0.5
28;18;7;18;11;55;4252445N;07038049W;1.1
28;18;7;18;12;10;4252552N;07038489W;0.5
28;18;7;18;12;25;4252872N;07038263W;0.3
28;18;7;18;12;40;4252276N;07038387W;0.1
28;18;7;18;12;55;4252204N;07038404W;0.8
28;18;7;18;13;10;4252094N;07038437W;0.3
28;18;7;18;13;25;4251843N;07039030W;0.6
28;18;7;18;13;40;4251836N;07039031W;0.3
28;18;7;18;13;56;4251822N;07039018W;0.1
28;18;7;18;14;11;4252468N;07038649W;0.5
28;18;7;18;14;26;4252417N;07038715W;0.5
28;18;7;18;14;41;4251798N;07039126W;0.0
28;18;7;18;14;56;4251759N;07039276W;1.0
28;18;7;18;15;11;4252550N;07039193W;18.
28;18;7;18;15;26;4257659N;07037586W;23.
28;18;7;18;15;41;4259064N;07036728W;0.6
28;18;7;18;15;56;4259108N;07036722W;0.5
28;18;7;18;16;11;4259085N;07036737W;0.1
28;18;7;18;16;26;4259290N;07036894W;0.7
28;18;7;18;16;42;4259299N;07036881W;0.1
28;18;7;18;16;42;4259299N;07036881W;0.1
28;18;7;18;16;57;4259332N;07036919W;1.3
28;18;7;18;16;57;4259332N;07036919W;1.3
28;18;7;18;17;13;4259325N;07036926W;0.2
28;18;7;18;17;28;4259324N;07036914W;0.2
28;18;7;18;17;43;4259316N;07036913W;0.1
28;18;7;18;17;58;4259318N;07036920W;16.
28;18;7;18;18;13;4259307N;07036901W;17.
28;18;7;18;18;28;4259321N;07036919W;0.6
28;18;7;18;18;28;4259321N;07036919W;0.6
28;18;7;18;18;43;4259331N;07036914W;0.6
28;18;7;18;18;58;4259331N;07036901W;0.2
28;18;7;18;18;58;4259331N;07036901W;0.2
28;18;7;18;18;58;4259331N;07036901W;0.2
28;18;7;18;19;14;4259331N;07036917W;0.3
28;18;7;18;19;14;4259331N;07036917W;0.3
28;18;7;18;19;14;4259331N;07036917W;0.3
28;18;7;18;19;14;4259331N;07036917W;0.3
28;18;7;18;19;29;4259306N;07036932W;0.3
28;18;7;18;19;29;4259306N;07036932W;0.3
28;18;7;18;19;29;4259306N;07036932W;0.3
28;18;7;18;19;44;4259336N;07036917W;1.4
28;18;7;18;19;59;4259340N;07036923W;0.2
28;18;7;18;19;59;4259340N;07036923W;0.2
28;18;7;18;20;15;4259338N;07036921W;0.7
28;18;7;18;20;30;4259329N;07036923W;0.3
28;18;7;18;20;45;4259184N;07036828W;0.5
28;18;7;18;21;1;4259334N;07036921W;0.1
28;18;7;18;21;16;4259313N;07036906W;0.5
28;18;7;18;21;31;4259304N;07036902W;0.2
28;18;7;18;21;46;4259320N;07036934W;0.4
28;18;7;18;22;1;4259330N;07036925W;0.0
28;18;7;18;22;17;4259389N;07036815W;0.3
28;18;7;18;22;33;4259306N;07036984W;0.0
28;18;7;18;22;48;4259453N;07037044W;0.1
28;18;7;18;23;3;4259457N;07037040W;0.1
28;18;7;18;23;18;4259457N;07037038W;0.3
28;18;7;18;23;33;4259280N;07036984W;0.2
28;18;7;18;23;48;4259311N;07036997W;0.5
28;19;7;18;0;3;4259310N;07036992W;0.1
28;19;7;18;0;18;4259307N;07036991W;0.1
28;19;7;18;0;33;4259318N;07036913W;0.1
28;19;7;18;0;48;4259290N;07036895W;0.3
28;19;7;18;1;4;4259283N;07036956W;0.1
28;19;7;18;1;19;4259295N;07036983W;0.4
28;19;7;18;1;34;4259299N;07036989W;0.3
28;19;7;18;1;50;4259301N;07036992W;0.5
28;19;7;18;2;6;4259305N;07037013W;0.5
28;19;7;18;2;21;4259323N;07037034W;0.0
28;19;7;18;2;36;4259312N;07037042W;0.7
28;19;7;18;2;52;4259307N;07037001W;0.5
28;19;7;18;3;7;4259314N;07037008W;0.8
28;19;7;18;3;22;4259304N;07037004W;0.3
28;19;7;18;3;37;4259306N;07037004W;0.1
28;19;7;18;3;52;4259309N;07037006W;0.2
28;19;7;18;4;7;4259304N;07036990W;0.5
28;19;7;18;4;22;4259298N;07036911W;0.6
28;19;7;18;4;37;4259317N;07036905W;2.0
28;19;7;18;4;52;4259280N;07036916W;0.4
28;19;7;18;5;7;4259285N;07036930W;1.1
28;19;7;18;5;22;4259294N;07036940W;0.2
28;19;7;18;5;38;4259314N;07036940W;0.5
28;19;7;18;5;53;4259320N;07036945W;0.2
28;19;7;18;6;8;4259311N;07036932W;0.1
28;19;7;18;6;23;4259308N;07036924W;0.5
28;19;7;18;6;38;4259320N;07036945W;1.5
28;19;7;18;6;53;4259313N;07036927W;0.1
28;19;7;18;7;8;4259325N;07036926W;0.6
28;19;7;18;7;23;4259322N;07036929W;1.6
28;19;7;18;7;38;4259318N;07036918W;0.4
28;19;7;18;7;53;4259300N;07036918W;0.5
28;19;7;18;8;8;4259305N;07036919W;0.0
28;19;7;18;8;23;4259297N;07036905W;0.3
28;19;7;18;8;39;4259301N;07036961W;0.2
28;19;7;18;8;54;4259321N;07036919W;0.3
28;19;7;18;9;9;4259319N;07036916W;0.3
28;19;7;18;9;24;4259331N;07036953W;0.6
28;19;7;18;9;39;4258299N;07037027W;29.
28;19;7;18;9;54;4252259N;07038764W;0.5
28;19;7;18;10;9;4252199N;07038812W;0.6
28;19;7;18;10;25;4252991N;07038051W;0.1
28;19;7;18;10;40;4253638N;07037513W;20.
28;19;7;18;10;55;4253844N;07036935W;13.
28;19;7;18;11;10;4256760N;07036320W;19.
28;19;7;18;11;25;4259328N;07036936W;1.3
28;19;7;18;11;40;4259320N;07036918W;0.3
28;19;7;18;11;55;4259322N;07036922W;0.4
28;19;7;18;12;10;4259311N;07036910W;0.5
28;19;7;18;12;25;4259288N;07036891W;0.5
28;19;7;18;12;41;4259277N;07036888W;0.3
28;19;7;18;12;56;4259335N;07036878W;0.3
28;19;7;18;13;11;4259415N;07036889W;0.2
28;19;7;18;13;26;4259365N;07036902W;0.3
28;19;7;18;13;41;4253013N;07038219W;22.
28;19;7;18;13;57;4248185N;07039318W;0.6
28;19;7;18;14;12;4248170N;07039409W;0.6
28;19;7;18;14;27;4246670N;07039635W;0.1
28;19;7;18;14;42;4246783N;07039951W;0.0
28;19;7;18;14;57;4246765N;07039912W;0.5
28;19;7;18;15;12;4247977N;07040297W;0.3
28;19;7;18;15;27;4249272N;07039629W;23.
28;19;7;18;15;44;4256002N;07038289W;25.
28;19;7;18;16;3;4259056N;07036714W;2.1
28;19;7;18;16;18;4259079N;07036723W;0.4
28;19;7;18;16;33;4259073N;07036712W;0.8
28;19;7;18;16;48;4259075N;07036722W;1.4
28;19;7;18;17;3;4259070N;07036726W;2.5
28;19;7;18;17;18;4259076N;07036720W;0.1
28;19;7;18;17;33;4259075N;07036728W;0.5
28;19;7;18;17;48;4259075N;07036706W;4.0
28;19;7;18;18;3;4259079N;07036733W;0.8
28;19;7;18;18;18;4259325N;07036917W;0.2
28;19;7;18;18;33;4259325N;07036915W;0.5
28;19;7;18;18;48;4259323N;07036922W;0.6
28;19;7;18;19;4;4259322N;07036910W;1.3
28;19;7;18;19;19;4259334N;07036900W;0.4
28;19;7;18;19;34;4259339N;07036878W;3.6
28;19;7;18;19;49;4259333N;07036887W;2.5
28;19;7;18;20;4;4259334N;07036889W;0.2
28;19;7;18;20;20;4259328N;07036889W;0.1
28;19;7;18;20;35;4259327N;07036892W;0.3
28;19;7;18;20;50;4259339N;07036894W;0.1
28;19;7;18;21;5;4259337N;07036906W;0.2
28;19;7;18;21;21;4259322N;07036919W;0.2
28;19;7;18;21;36;4259092N;07037033W;0.8
28;19;7;18;21;51;4259322N;07036920W;0.4
28;19;7;18;22;7;4259317N;07036917W;0.1
28;19;7;18;22;22;4259315N;07036917W;0.6
28;19;7;18;22;37;4259307N;07036983W;2.6
28;19;7;18;22;52;4259230N;07036952W;0.0
28;19;7;18;23;7;4259309N;07036917W;0.6
28;19;7;18;23;22;4259319N;07036921W;0.5
28;19;7;18;23;38;4259317N;07036905W;0.9
28;19;7;18;23;53;4259286N;07036893W;0.4
28;20;7;18;0;8;4259299N;07036898W;0.1
28;20;7;18;0;8;4259299N;07036898W;0.1
28;20;7;18;0;8;4259299N;07036898W;0.1
28;20;7;18;0;8;4259299N;07036898W;0.1
28;20;7;18;0;8;4259299N;07036898W;0.1
28;20;7;18;0;8;4259299N;07036898W;0.1
28;20;7;18;0;8;4259299N;07036898W;0.1
28;20;7;18;0;23;4259285N;07036895W;1.0
28;20;7;18;0;38;4259281N;07036888W;0.2
28;20;7;18;0;53;4259284N;07036890W;0.1
28;20;7;18;1;8;4259293N;07036899W;0.5
28;20;7;18;1;23;4259297N;07036899W;0.0
28;20;7;18;1;23;4259297N;07036899W;0.0
28;20;7;18;1;38;4259291N;07036973W;0.4
28;20;7;18;1;54;4259476N;07037021W;0.7
28;20;7;18;2;9;4259474N;07037032W;0.4
28;20;7;18;2;24;4259468N;07037019W;0.7
28;20;7;18;2;39;4259478N;07037033W;0.9
28;20;7;18;2;39;4259478N;07037033W;0.9
28;20;7;18;2;54;4259484N;07037037W;0.6
28;20;7;18;3;9;4259464N;07037035W;0.1
28;20;7;18;3;24;4259475N;07037030W;0.3
28;20;7;18;3;39;4259487N;07037044W;0.4
28;20;7;18;3;55;4259481N;07037036W;0.6
28;20;7;18;4;10;4259480N;07037048W;0.3
28;20;7;18;4;25;4259496N;07037029W;0.5
28;20;7;18;4;40;4259485N;07037041W;0.0
28;20;7;18;4;55;4259326N;07036948W;0.0
28;20;7;18;5;10;4259301N;07036913W;0.4
28;20;7;18;5;25;4259341N;07036958W;0.6
28;20;7;18;5;40;4259338N;07036963W;0.8
28;20;7;18;5;55;4259334N;07036948W;0.4
28;20;7;18;6;11;4259324N;07036920W;0.2
28;20;7;18;6;26;4259317N;07036920W;0.5
28;20;7;18;6;42;4259324N;07036921W;0.2
28;20;7;18;6;57;4259324N;07036917W;1.5
28;20;7;18;7;12;4259320N;07036920W;0.6
28;20;7;18;7;27;4259324N;07036909W;0.3
28;20;7;18;7;42;4259322N;07036921W;0.5
28;20;7;18;7;57;4259323N;07036927W;0.1
28;20;7;18;8;12;4259322N;07036910W;0.3
28;20;7;18;8;27;4259321N;07036905W;0.5
28;20;7;18;8;42;4259318N;07036921W;1.2
28;20;7;18;8;58;4259311N;07036897W;0.3
28;20;7;18;9;13;4259303N;07036903W;0.5
28;20;7;18;9;28;4259324N;07036911W;1.5
28;20;7;18;9;43;4259296N;07036907W;0.1
28;20;7;18;9;59;4259327N;07036911W;1.4
28;20;7;18;10;14;4259321N;07036919W;0.6
28;20;7;18;10;30;4259312N;07036922W;1.1
28;20;7;18;10;45;4259326N;07036930W;0.2
28;20;7;18;11;0;4259325N;07036923W;1.0
28;20;7;18;11;15;4259300N;07036888W;27.
28;20;7;18;11;30;4259308N;07036910W;0.9
28;20;7;18;11;45;4259327N;07036922W;0.5
28;20;7;18;12;0;4259327N;07036922W;0.2
28;20;7;18;12;15;4259315N;07036912W;0.3
28;20;7;18;12;31;4259310N;07036927W;0.6
28;20;7;18;12;46;4259320N;07036920W;0.6
28;20;7;18;13;1;4257601N;07037392W;23.
28;20;7;18;13;16;4252333N;07038761W;0.3
28;20;7;18;13;31;4252498N;07038450W;0.7
28;20;7;18;13;46;4252889N;07037907W;0.3
28;20;7;18;14;1;4249678N;07039864W;21.
28;20;7;18;14;16;4246651N;07039593W;0.8
28;20;7;18;14;31;4246617N;07039567W;0.6
28;20;7;18;14;46;4247617N;07040643W;0.7
28;20;7;18;15;2;4247617N;07040631W;0.4
28;20;7;18;15;17;4248293N;07040145W;15.
28;20;7;18;15;32;4248185N;07040095W;0.7
28;20;7;18;15;47;4248141N;07040131W;0.2
28;20;7;18;16;2;4249138N;07039986W;19.
28;20;7;18;16;17;4249114N;07040073W;0.3
28;20;7;18;16;36;4254613N;07038906W;21.
28;20;7;18;16;53;4259065N;07036735W;0.2
28;20;7;18;17;8;4259072N;07036727W;1.7
28;20;7;18;17;23;4259072N;07036737W;1.0
28;20;7;18;17;38;4259073N;07036738W;0.5
28;20;7;18;17;53;4259078N;07036729W;0.6
28;20;7;18;18;8;4259077N;07036739W;1.3
28;20;7;18;18;23;4259077N;07036729W;0.3
28;20;7;18;18;38;4259048N;07036684W;0.4
28;20;7;18;18;53;4259321N;07036920W;2.6
28;20;7;18;19;8;4259302N;07037006W;0.3
28;20;7;18;19;24;4259319N;07036921W;0.1
28;20;7;18;19;39;4259316N;07036914W;0.0
28;20;7;18;19;54;4259317N;07036924W;0.1
28;20;7;18;20;9;4259315N;07036919W;0.4
28;20;7;18;20;24;4259319N;07036899W;0.9
28;20;7;18;20;39;4259312N;07036915W;0.6
28;20;7;18;20;55;4259316N;07036914W;0.3
28;20;7;18;21;10;4259330N;07036914W;0.7
28;20;7;18;21;25;4259318N;07036914W;0.3
28;20;7;18;21;40;4259321N;07036916W;0.7
28;20;7;18;21;40;4259321N;07036916W;0.7
28;20;7;18;21;55;4259310N;07036907W;0.2
28;20;7;18;21;55;4259310N;07036907W;0.2
28;20;7;18;22;11;4259308N;07036913W;0.2
28;20;7;18;22;26;4259329N;07036914W;0.1
28;20;7;18;22;41;4259297N;07036906W;0.2
28;20;7;18;22;56;4259323N;07036916W;0.2
28;20;7;18;23;12;4259331N;07036808W;25.
28;20;7;18;23;27;4259340N;07036927W;0.7
28;20;7;18;23;42;4259274N;07036897W;0.7
28;20;7;18;23;57;4259272N;07036910W;0.4
28;21;7;18;0;12;4259456N;07037003W;0.5
28;21;7;18;0;27;4259461N;07037026W;0.4
28;21;7;18;0;43;4259450N;07037011W;0.5
28;21;7;18;0;58;4259470N;07037031W;0.9
28;21;7;18;1;13;4259489N;07037047W;0.4
28;21;7;18;1;28;4259472N;07037013W;0.1
28;21;7;18;1;43;4259480N;07037032W;0.2
28;21;7;18;1;58;4259468N;07037039W;0.2
28;21;7;18;2;13;4259471N;07037031W;0.5
28;21;7;18;2;28;4259460N;07037040W;0.0
28;21;7;18;2;43;4259456N;07037049W;0.4
28;21;7;18;2;59;4259441N;07037031W;0.2
28;21;7;18;3;14;4259467N;07037047W;0.5
28;21;7;18;3;29;4259446N;07037039W;0.6
28;21;7;18;3;44;4259464N;07037037W;1.3
28;21;7;18;3;59;4259459N;07037035W;0.5
28;21;7;18;4;14;4259469N;07037043W;0.5
28;21;7;18;4;29;4259474N;07037035W;0.3
28;21;7;18;4;44;4259469N;07037038W;0.5
28;21;7;18;4;59;4259473N;07037034W;0.2
28;21;7;18;5;14;4259473N;07037038W;0.2
28;21;7;18;5;29;4259472N;07037041W;0.8
28;21;7;18;5;44;4259472N;07037040W;0.1
28;21;7;18;5;59;4259467N;07037025W;1.3
28;21;7;18;6;14;4259469N;07037037W;0.3
28;21;7;18;6;29;4259474N;07037046W;0.9
28;21;7;18;6;45;4259474N;07037044W;0.5
28;21;7;18;7;0;4259475N;07037044W;0.3
28;21;7;18;7;15;4259472N;07037041W;0.3
28;21;7;18;7;30;4259474N;07037036W;0.1
28;21;7;18;7;45;4259472N;07037040W;0.5
28;21;7;18;8;0;4259469N;07037029W;0.3
28;21;7;18;8;15;4259479N;07037035W;0.1
28;21;7;18;8;30;4259463N;07037029W;0.5
28;21;7;18;8;45;4259317N;07036917W;0.3
28;21;7;18;9;0;4259304N;07036903W;0.5
28;21;7;18;9;16;4259300N;07036886W;0.1
28;21;7;18;9;31;4259314N;07036913W;0.4
28;21;7;18;9;46;4259311N;07036914W;0.1
28;21;7;18;10;1;4259316N;07036916W;0.1
28;21;7;18;10;16;4259312N;07036913W;0.2
28;21;7;18;10;31;4259309N;07036908W;0.2
28;21;7;18;10;47;4259321N;07036915W;0.1
28;21;7;18;11;2;4259323N;07036918W;0.2
28;21;7;18;11;17;4259324N;07036919W;0.3
28;21;7;18;11;32;4259335N;07036918W;0.0
28;21;7;18;11;47;4259306N;07036905W;0.5
28;21;7;18;12;3;4259304N;07036905W;0.6
28;21;7;18;12;18;4255767N;07037709W;25.
28;21;7;18;12;33;4253379N;07037634W;0.5
28;21;7;18;12;48;4253238N;07036920W;0.2
28;21;7;18;13;3;4252704N;07036747W;0.7
28;21;7;18;13;18;4249206N;07039223W;2.2
28;21;7;18;13;33;4248884N;07038953W;1.0
28;21;7;18;13;48;4248734N;07038344W;0.1
28;21;7;18;14;3;4248699N;07038332W;0.2
28;21;7;18;14;18;4247873N;07038760W;24.
28;21;7;18;14;33;4245500N;07038262W;0.8
28;21;7;18;14;49;4246787N;07037689W;0.2
28;21;7;18;15;4;4248316N;07039028W;25.
28;21;7;18;15;23;4250770N;07037928W;24.
28;21;7;18;15;38;4256856N;07037162W;26.
28;21;7;18;15;57;4259072N;07036738W;0.1
28;21;7;18;16;12;4259078N;07036728W;0.9
28;21;7;18;16;27;4259080N;07036727W;0.3
28;21;7;18;16;42;4259076N;07036730W;1.9
28;21;7;18;16;57;4259075N;07036737W;1.9
28;21;7;18;17;12;4259075N;07036725W;0.8
28;21;7;18;17;27;4259076N;07036725W;0.6
28;21;7;18;17;42;4259081N;07036742W;1.7
28;21;7;18;17;58;4259071N;07036723W;0.4
28;21;7;18;18;13;4259071N;07036721W;0.1
28;21;7;18;18;28;4259310N;07037005W;0.6
28;21;7;18;18;43;4259308N;07036994W;0.1
28;21;7;18;18;58;4259331N;07036909W;1.2
28;21;7;18;19;14;4259341N;07036875W;0.2
28;21;7;18;19;29;4259320N;07036951W;0.4
28;21;7;18;19;44;4259294N;07036922W;0.2
28;21;7;18;19;59;4259057N;07036711W;0.4
28;21;7;18;20;14;4259316N;07036917W;0.1
28;21;7;18;20;29;4259303N;07036920W;0.6
28;21;7;18;20;44;4259302N;07036925W;0.7
28;21;7;18;20;59;4259305N;07036919W;0.3
