25;16;6;18;15;58;4259350N;07036961W;0.0
25;16;6;18;16;58;4259357N;07036952W;0.8
25;16;6;18;17;59;4259355N;07036959W;0.4
25;16;6;18;19;0;4259361N;07036954W;0.1
25;16;6;18;20;1;4259359N;07036948W;0.0
25;16;6;18;21;1;4259353N;07036958W;0.2
25;16;6;18;22;1;4259348N;07036961W;1.1
25;16;6;18;23;1;4259349N;07036957W;1.0
25;17;6;18;0;2;4259354N;07036958W;0.1
25;19;6;18;19;55;4259356N;07036961W;0.2
25;19;6;18;20;56;4259350N;07036956W;0.1
25;19;6;18;21;56;4259345N;07036958W;0.1
25;19;6;18;22;57;4259346N;07036958W;0.3
25;19;6;18;23;57;4259355N;07036957W;0.3
25;20;6;18;0;58;4259357N;07036947W;1.0
25;20;6;18;1;59;4259352N;07036956W;0.4
25;20;6;18;16;33;4244051N;06959804W;0.6
25;20;6;18;17;4;4245001N;07009041W;27.
25;20;6;18;17;19;4248982N;07016818W;27.
25;20;6;18;17;34;4252016N;07025552W;27.
25;20;6;18;17;50;4257257N;07033525W;34.
25;20;6;18;18;5;4259351N;07036957W;0.4
25;20;6;18;18;21;4259340N;07036953W;0.6
25;20;6;18;18;36;4259346N;07036944W;0.4
25;20;6;18;18;51;4259347N;07036955W;0.1
25;20;6;18;19;6;4259352N;07036964W;0.2
25;20;6;18;19;21;4259351N;07036964W;0.1
25;20;6;18;19;37;4259354N;07036956W;0.1
25;20;6;18;19;52;4259346N;07036959W;2.6
25;20;6;18;20;7;4259347N;07036944W;0.3
25;20;6;18;20;23;4259355N;07036961W;0.2
25;20;6;18;20;38;4259352N;07036959W;0.1
25;20;6;18;20;53;4259298N;07037019W;1.9
25;20;6;18;21;8;4259358N;07036951W;0.3
25;20;6;18;21;23;4259344N;07036951W;2.7
25;20;6;18;21;39;4259355N;07036956W;0.4
25;20;6;18;21;54;4259353N;07036958W;0.2
25;20;6;18;22;9;4259351N;07036946W;0.2
25;20;6;18;22;24;4259357N;07036958W;0.2
25;20;6;18;22;39;4259356N;07036944W;0.4
25;20;6;18;22;54;4259351N;07036956W;0.4
25;20;6;18;23;10;4259331N;07036952W;0.2
25;20;6;18;23;25;4259325N;07036965W;0.4
25;20;6;18;23;40;4259320N;07036943W;0.3
25;20;6;18;23;55;4259341N;07036955W;0.2
25;21;6;18;0;10;4259365N;07036946W;0.3
25;21;6;18;0;26;4259368N;07036956W;0.6
25;21;6;18;0;41;4259370N;07036955W;0.5
25;21;6;18;0;56;4259372N;07036965W;0.2
25;21;6;18;1;12;4259352N;07036961W;1.1
25;21;6;18;1;27;4259356N;07036978W;0.7
25;21;6;18;1;42;4259340N;07036963W;0.2
25;21;6;18;1;57;4259336N;07036963W;0.2
25;21;6;18;2;13;4259406N;07037023W;0.2
25;21;6;18;3;14;4259355N;07036956W;0.3
25;21;6;18;4;14;4259348N;07036951W;5.7
25;21;6;18;5;14;4259349N;07036953W;0.8
25;21;6;18;6;15;4259355N;07036967W;0.6
25;21;6;18;7;15;4259360N;07036975W;0.1
25;21;6;18;8;16;4256814N;07020671W;33.
25;21;6;18;9;17;4256286N;07024382W;23.
25;21;6;18;10;17;4259358N;07036957W;0.2
25;21;6;18;11;17;4259357N;07036955W;0.7
25;21;6;18;12;18;4259340N;07036946W;0.2
25;21;6;18;13;18;4259333N;07036930W;0.2
25;21;6;18;14;18;4251765N;07024605W;28.
25;21;6;18;15;18;4235534N;07002774W;27.
25;21;6;18;15;34;4230553N;06955427W;31.
25;21;6;18;15;49;4229354N;06952450W;15.
25;21;6;18;16;4;4228775N;06952590W;0.4
25;21;6;18;16;19;4228151N;06953474W;2.9
25;21;6;18;16;34;4227642N;06954141W;11.
25;21;6;18;16;49;4227475N;06954359W;0.5
25;21;6;18;17;4;4227328N;06954554W;0.1
25;21;6;18;17;19;4227304N;06954523W;22.
25;21;6;18;17;34;4227254N;06954538W;4.1
25;21;6;18;17;50;4227341N;06954585W;0.1
25;21;6;18;18;5;4227394N;06954635W;0.6
25;21;6;18;18;20;4227454N;06954701W;0.0
25;21;6;18;18;35;4229263N;06956902W;2.4
25;21;6;18;18;50;4229930N;06957154W;3.1
25;21;6;18;19;5;4233152N;07001788W;28.
25;21;6;18;19;20;4237235N;07009587W;30.
25;21;6;18;19;35;4241964N;07017092W;28.
25;21;6;18;19;50;4243717N;07020959W;1.4
25;21;6;18;20;5;4248633N;07027561W;29.
25;21;6;18;20;20;4254162N;07032573W;33.
25;21;6;18;20;35;4259349N;07036980W;0.5
25;21;6;18;20;51;4259346N;07036949W;0.8
25;21;6;18;21;6;4259327N;07036970W;0.5
25;21;6;18;21;21;4259339N;07036962W;0.6
25;21;6;18;21;36;4259322N;07036937W;0.1
25;21;6;18;21;52;4259351N;07036969W;0.0
25;21;6;18;22;7;4259353N;07036971W;0.1
25;21;6;18;22;22;4259356N;07036956W;0.4
25;21;6;18;22;37;4259360N;07036952W;0.8
25;21;6;18;22;52;4259356N;07036975W;0.2
25;21;6;18;23;8;4259360N;07036978W;0.0
25;21;6;18;23;23;4259348N;07036967W;0.2
25;21;6;18;23;38;4259368N;07036975W;0.5
25;21;6;18;23;53;4259342N;07036945W;0.6
25;22;6;18;0;9;4259366N;07036952W;2.2
25;22;6;18;0;24;4259338N;07036963W;0.0
25;22;6;18;0;39;4259340N;07036945W;0.6
25;22;6;18;0;55;4259328N;07036933W;0.1
25;22;6;18;1;10;4259331N;07036936W;0.0
25;22;6;18;1;25;4259333N;07036931W;0.1
25;22;6;18;2;25;4259312N;07036922W;0.6
25;22;6;18;3;26;4259329N;07036944W;1.4
25;22;6;18;4;27;4259353N;07036955W;0.0
25;22;6;18;5;27;4259354N;07036954W;0.1
25;22;6;18;6;27;4259373N;07036959W;0.2
25;22;6;18;7;28;4259349N;07036963W;0.0
25;22;6;18;8;28;4252681N;07025264W;21.
25;22;6;18;9;28;4234980N;07007340W;25.
25;22;6;18;10;28;4226441N;06955966W;2.6
25;22;6;18;11;29;4223727N;06956596W;1.9
25;22;6;18;12;29;4221836N;06957589W;3.7
25;22;6;18;13;29;4219048N;06958607W;3.1
25;22;6;18;14;29;4216730N;06959617W;1.3
25;22;6;18;15;29;4218302N;06959033W;3.1
25;22;6;18;16;30;4221062N;06958169W;3.1
25;22;6;18;17;30;4228695N;07009901W;32.
25;22;6;18;17;45;4233743N;07018449W;33.
25;22;6;18;18;0;4237238N;07023923W;29.
25;22;6;18;18;15;4244497N;07028943W;34.
25;22;6;18;18;30;4251807N;07034602W;34.
25;22;6;18;18;46;4259363N;07036968W;0.1
25;22;6;18;19;1;4259362N;07036976W;0.0
25;22;6;18;19;16;4259356N;07036956W;0.3
25;22;6;18;19;31;4259415N;07036946W;0.6
25;22;6;18;19;47;4259389N;07036975W;0.3
25;22;6;18;20;2;4259348N;07036930W;0.1
25;22;6;18;20;17;4259360N;07036915W;0.2
25;22;6;18;20;32;4259334N;07036942W;0.7
25;22;6;18;20;48;4259328N;07036941W;0.6
25;22;6;18;21;3;4259338N;07036937W;1.4
25;22;6;18;21;18;4259325N;07036938W;0.3
25;22;6;18;21;33;4259342N;07036930W;0.1
25;22;6;18;21;48;4259036N;07036712W;0.7
25;22;6;18;22;4;4259349N;07036954W;0.1
25;22;6;18;22;19;4259406N;07036946W;0.8
25;22;6;18;23;19;4259329N;07036953W;0.1
25;23;6;18;0;20;4259323N;07036941W;0.3
25;23;6;18;1;20;4259288N;07036935W;0.0
25;23;6;18;2;20;4259596N;07037154W;0.2
