28;15;6;18;19;28;4259326N;07036905W;0.4
28;15;6;18;19;43;4258583N;07036630W;17.
28;15;6;18;19;58;4253808N;07035371W;22.
28;15;6;18;20;13;4251120N;07036408W;23.
28;15;6;18;20;28;4250967N;07037528W;21.
28;15;6;18;20;28;4250967N;07037528W;21.
28;15;6;18;20;43;4250568N;07038115W;19.
28;15;6;18;20;43;4250568N;07038115W;19.
28;15;6;18;20;58;4249944N;07039134W;21.
28;15;6;18;21;13;4249868N;07041175W;17.
28;15;6;18;21;28;4247989N;07041485W;24.
28;15;6;18;21;44;4249857N;07036523W;25.
28;15;6;18;21;59;4249983N;07036483W;0.2
28;15;6;18;22;14;4249543N;07031316W;28.
28;15;6;18;22;29;4252130N;07027274W;23.
28;15;6;18;22;44;4252221N;07027927W;0.7
28;15;6;18;22;59;4253103N;07028433W;1.7
28;15;6;18;23;14;4253538N;07027152W;0.5
28;15;6;18;23;29;4254769N;07024513W;28.
28;15;6;18;23;44;4253536N;07018407W;21.
28;15;6;18;23;59;4254919N;07022901W;23.
28;16;6;18;0;14;4258707N;07029069W;24.
28;16;6;18;0;30;4259275N;07036125W;25.
28;16;6;18;0;45;4259295N;07036894W;0.6
28;16;6;18;1;0;4259276N;07036889W;0.1
28;16;6;18;1;15;4259277N;07036887W;0.1
28;16;6;18;1;31;4259319N;07036914W;0.0
28;16;6;18;1;46;4259339N;07036916W;0.8
28;16;6;18;2;2;4259321N;07036908W;0.0
28;16;6;18;2;17;4259313N;07036914W;0.7
28;16;6;18;2;17;4259313N;07036914W;0.7
28;16;6;18;2;17;4259313N;07036914W;0.7
28;16;6;18;2;17;4259313N;07036914W;0.7
28;16;6;18;2;17;4259313N;07036914W;0.7
28;16;6;18;2;17;4259313N;07036914W;0.7
28;16;6;18;2;17;4259313N;07036914W;0.7
28;16;6;18;2;32;4259326N;07036920W;0.3
28;16;6;18;2;47;4259321N;07036915W;0.3
28;16;6;18;3;2;4259317N;07036908W;0.4
28;16;6;18;3;17;4259317N;07036915W;0.6
28;16;6;18;3;32;4259320N;07036913W;0.7
28;16;6;18;3;47;4259318N;07036921W;0.5
28;16;6;18;4;3;4259333N;07036920W;0.4
28;16;6;18;4;18;4259331N;07036929W;0.7
28;16;6;18;4;34;4259322N;07036915W;0.4
28;16;6;18;4;49;4259323N;07036912W;0.9
28;16;6;18;5;4;4259323N;07036912W;0.2
28;16;6;18;5;19;4259328N;07036916W;2.9
28;16;6;18;5;34;4259336N;07036928W;0.5
28;16;6;18;5;49;4259323N;07036921W;0.9
28;16;6;18;6;4;4259315N;07036906W;0.5
28;16;6;18;6;19;4259309N;07036897W;0.7
28;16;6;18;6;34;4259313N;07036890W;0.8
28;16;6;18;6;50;4259315N;07036891W;0.3
28;16;6;18;7;5;4259321N;07036919W;0.2
28;16;6;18;7;20;4259319N;07036913W;1.3
28;16;6;18;7;35;4259322N;07036918W;1.0
28;16;6;18;7;50;4259325N;07036921W;0.2
28;16;6;18;8;5;4259322N;07036916W;2.1
28;16;6;18;8;20;4259314N;07036910W;0.1
28;16;6;18;8;36;4259298N;07036896W;0.7
28;16;6;18;8;51;4259295N;07036899W;0.2
28;16;6;18;9;6;4259292N;07036900W;0.5
28;16;6;18;9;21;4259294N;07036883W;1.4
28;16;6;18;9;36;4259288N;07036883W;0.4
28;16;6;18;9;51;4259293N;07036882W;1.1
28;16;6;18;10;7;4259295N;07036892W;0.9
28;16;6;18;10;22;4256355N;07035963W;37.
28;16;6;18;10;37;4253069N;07036758W;0.3
28;16;6;18;10;52;4251978N;07037202W;0.4
28;16;6;18;10;52;4251978N;07037202W;0.4
28;16;6;18;11;7;4250596N;07037836W;0.8
28;16;6;18;11;22;4247630N;07036511W;0.3
28;16;6;18;11;38;4246946N;07036099W;1.3
28;16;6;18;11;53;4246247N;07035559W;0.7
28;16;6;18;12;8;4245950N;07035277W;8.7
28;16;6;18;12;23;4246328N;07035878W;19.
28;16;6;18;12;38;4247294N;07036211W;0.2
28;16;6;18;12;53;4248049N;07036943W;17.
28;16;6;18;13;8;4248183N;07038106W;0.4
28;16;6;18;13;8;4248183N;07038106W;0.4
28;16;6;18;13;24;4247506N;07037583W;1.0
28;16;6;18;13;24;4247506N;07037583W;1.0
28;16;6;18;13;39;4247434N;07036590W;1.4
28;16;6;18;13;39;4247434N;07036590W;1.4
28;16;6;18;13;39;4247434N;07036590W;1.4
28;16;6;18;13;39;4247434N;07036590W;1.4
28;16;6;18;13;54;4246427N;07036648W;0.9
28;16;6;18;13;54;4246427N;07036648W;0.9
28;16;6;18;13;54;4246427N;07036648W;0.9
28;16;6;18;14;9;4245229N;07035100W;28.
28;16;6;18;14;9;4245229N;07035100W;28.
28;16;6;18;14;9;4245229N;07035100W;28.
28;16;6;18;14;24;4245188N;07035065W;0.8
28;16;6;18;14;24;4245188N;07035065W;0.8
28;16;6;18;14;39;4245159N;07035360W;0.3
28;16;6;18;14;54;4245107N;07035323W;0.4
28;16;6;18;15;9;4245066N;07035294W;0.3
28;16;6;18;15;24;4245010N;07035277W;0.3
28;16;6;18;15;39;4244972N;07035258W;0.0
28;16;6;18;15;54;4244928N;07035250W;0.6
28;16;6;18;15;54;4244928N;07035250W;0.6
28;16;6;18;15;54;4244928N;07035250W;0.6
28;16;6;18;16;10;4244918N;07035231W;0.5
28;16;6;18;16;10;4244918N;07035231W;0.5
28;16;6;18;16;10;4244918N;07035231W;0.5
28;16;6;18;16;25;4244864N;07035271W;0.2
28;16;6;18;16;40;4244876N;07035269W;0.7
28;16;6;18;16;55;4244820N;07035274W;0.1
28;16;6;18;17;10;4244754N;07035276W;0.1
28;16;6;18;17;10;4244754N;07035276W;0.1
28;16;6;18;17;10;4244754N;07035276W;0.1
28;16;6;18;17;25;4246424N;07036058W;0.5
28;16;6;18;17;40;4246430N;07036176W;0.5
28;16;6;18;17;55;4246420N;07035959W;6.7
28;16;6;18;17;55;4246420N;07035959W;6.7
28;16;6;18;18;11;4246384N;07036159W;0.5
28;16;6;18;18;26;4246566N;07035109W;0.5
28;16;6;18;18;26;4246566N;07035109W;0.5
28;16;6;18;18;41;4246493N;07035085W;1.1
28;16;6;18;18;56;4247041N;07035806W;25.
28;16;6;18;19;11;4247018N;07036107W;0.2
28;16;6;18;19;11;4247018N;07036107W;0.2
28;16;6;18;19;27;4247253N;07035957W;0.6
28;16;6;18;19;42;4247501N;07037167W;0.8
28;16;6;18;19;57;4250445N;07038243W;0.3
28;16;6;18;20;12;4251318N;07038157W;0.9
28;16;6;18;20;27;4251378N;07038031W;1.1
28;16;6;18;20;27;4251378N;07038031W;1.1
28;16;6;18;20;27;4251378N;07038031W;1.1
28;16;6;18;20;42;4251414N;07038059W;0.6
28;16;6;18;20;57;4251375N;07038182W;20.
28;16;6;18;21;13;4250691N;07039168W;0.9
28;16;6;18;21;13;4250691N;07039168W;0.9
28;16;6;18;21;13;4250691N;07039168W;0.9
28;16;6;18;21;28;4250586N;07039086W;0.8
28;16;6;18;21;43;4249604N;07039490W;0.7
28;16;6;18;21;59;4250323N;07038982W;0.0
28;16;6;18;22;15;4250023N;07039171W;20.
28;16;6;18;22;30;4250256N;07039723W;0.4
28;16;6;18;22;45;4250322N;07039753W;1.5
28;16;6;18;23;0;4249800N;07040897W;17.
28;16;6;18;23;15;4250038N;07037913W;0.3
28;16;6;18;23;15;4250038N;07037913W;0.3
28;16;6;18;23;30;4251341N;07037775W;25.
28;16;6;18;23;45;4251780N;07029359W;27.
28;17;6;18;0;0;4251985N;07029108W;25.
28;17;6;18;0;0;4251985N;07029108W;25.
28;17;6;18;0;15;4252545N;07029500W;21.
28;17;6;18;0;30;4253109N;07029551W;0.7
28;17;6;18;0;45;4254934N;07030616W;26.
28;17;6;18;0;45;4254934N;07030616W;26.
28;17;6;18;0;45;4254934N;07030616W;26.
28;17;6;18;0;45;4254934N;07030616W;26.
28;17;6;18;0;45;4254934N;07030616W;26.
28;17;6;18;1;1;4259339N;07036758W;23.
28;17;6;18;1;17;4259302N;07036925W;0.5
28;17;6;18;1;32;4259311N;07036910W;0.2
28;17;6;18;1;47;4259321N;07036916W;0.5
28;17;6;18;2;3;4259318N;07036909W;0.4
28;17;6;18;2;18;4259312N;07036899W;5.6
28;17;6;18;2;33;4259317N;07036899W;0.5
28;17;6;18;2;48;4259324N;07036908W;0.4
28;17;6;18;3;3;4259318N;07036918W;1.7
28;17;6;18;3;19;4259317N;07036948W;1.0
28;17;6;18;3;34;4259328N;07036913W;0.3
28;17;6;18;3;49;4259332N;07036914W;0.1
28;17;6;18;4;4;4259326N;07036923W;0.2
28;17;6;18;4;20;4259325N;07036912W;0.4
28;17;6;18;4;35;4259333N;07036921W;0.4
28;17;6;18;4;50;4259337N;07036936W;0.6
28;17;6;18;5;6;4259332N;07036939W;0.9
28;17;6;18;5;21;4259384N;07036938W;3.2
28;17;6;18;5;36;4259422N;07037042W;0.1
28;17;6;18;5;51;4259241N;07036820W;0.0
28;17;6;18;5;51;4259241N;07036820W;0.0
28;17;6;18;6;6;4259223N;07036799W;0.3
28;17;6;18;6;6;4259223N;07036799W;0.3
28;17;6;18;6;21;4259260N;07036849W;0.2
28;17;6;18;6;21;4259260N;07036849W;0.2
28;17;6;18;6;37;4259306N;07036908W;0.4
28;17;6;18;6;37;4259306N;07036908W;0.4
28;17;6;18;6;37;4259306N;07036908W;0.4
28;17;6;18;6;37;4259306N;07036908W;0.4
28;17;6;18;6;52;4259370N;07037097W;0.0
28;17;6;18;7;7;4259380N;07037101W;0.4
28;17;6;18;7;22;4259163N;07037134W;0.2
28;17;6;18;7;38;4259321N;07036912W;0.1
28;17;6;18;7;53;4259326N;07036914W;1.5
28;17;6;18;8;8;4259317N;07036921W;0.2
28;17;6;18;8;23;4259325N;07036915W;0.7
28;17;6;18;8;39;4259304N;07036915W;1.7
28;17;6;18;8;54;4259302N;07036913W;0.3
28;17;6;18;9;9;4259318N;07036931W;0.3
28;17;6;18;9;24;4254270N;07034789W;27.
28;17;6;18;9;39;4254114N;07035396W;19.
28;17;6;18;9;54;4250662N;07035663W;25.
28;17;6;18;10;9;4249281N;07035586W;0.6
28;17;6;18;10;24;4248083N;07035190W;14.
28;17;6;18;10;39;4249024N;07034096W;25.
28;17;6;18;10;54;4249626N;07033375W;18.
28;17;6;18;11;9;4249373N;07033399W;0.5
28;17;6;18;11;25;4249613N;07033545W;2.6
28;17;6;18;11;40;4249809N;07033326W;0.3
28;17;6;18;11;55;4249860N;07033289W;0.4
28;17;6;18;12;11;4249909N;07033321W;0.2
28;17;6;18;12;26;4249915N;07033305W;0.0
28;17;6;18;12;41;4249973N;07033207W;0.9
28;17;6;18;12;56;4249834N;07033282W;1.2
28;17;6;18;13;11;4248972N;07034241W;0.4
28;17;6;18;13;26;4248878N;07034288W;0.2
28;17;6;18;13;41;4247960N;07035219W;1.0
28;17;6;18;13;56;4247179N;07035778W;0.8
28;17;6;18;14;11;4247250N;07036705W;2.5
28;17;6;18;14;26;4247403N;07037017W;0.7
28;17;6;18;14;41;4247388N;07037158W;0.3
28;17;6;18;14;56;4247370N;07037308W;0.5
28;17;6;18;15;11;4247641N;07036387W;24.
28;17;6;18;15;27;4247748N;07035536W;0.9
28;17;6;18;15;42;4247277N;07035963W;0.6
28;17;6;18;15;57;4247305N;07036284W;1.2
28;17;6;18;16;12;4247340N;07036590W;0.5
28;17;6;18;16;27;4247390N;07036810W;0.6
28;17;6;18;16;43;4247465N;07037077W;1.1
28;17;6;18;16;58;4247404N;07037369W;1.2
28;17;6;18;17;13;4247357N;07037681W;0.6
28;17;6;18;17;28;4247396N;07037907W;0.6
28;17;6;18;17;43;4247464N;07038077W;0.5
28;17;6;18;17;58;4246730N;07038939W;0.2
28;17;6;18;18;13;4246523N;07039376W;0.6
28;17;6;18;18;28;4246529N;07039486W;0.4
28;17;6;18;18;43;4245680N;07040267W;26.
28;17;6;18;18;58;4245756N;07040422W;1.3
28;17;6;18;19;13;4245443N;07038628W;0.5
28;17;6;18;19;28;4250949N;07038411W;23.
28;17;6;18;19;47;4258328N;07037460W;22.
28;17;6;18;20;3;4259294N;07036893W;0.4
28;17;6;18;20;18;4259310N;07036851W;5.1
28;17;6;18;20;18;4259310N;07036851W;5.1
28;17;6;18;20;18;4259310N;07036851W;5.1
28;17;6;18;20;33;4259310N;07036870W;4.4
28;17;6;18;20;33;4259310N;07036870W;4.4
28;17;6;18;20;48;4259312N;07036894W;1.0
28;17;6;18;20;48;4259312N;07036894W;1.0
28;17;6;18;20;48;4259312N;07036894W;1.0
28;17;6;18;21;3;4259309N;07036908W;0.4
28;17;6;18;21;19;4259317N;07036914W;0.4
28;17;6;18;21;34;4259316N;07036921W;0.4
28;17;6;18;21;49;4259314N;07036924W;0.8
28;17;6;18;22;4;4259321N;07036911W;1.4
28;17;6;18;22;19;4259318N;07036913W;0.2
28;17;6;18;22;34;4259316N;07036911W;0.3
28;17;6;18;22;34;4259316N;07036911W;0.3
28;17;6;18;22;34;4259316N;07036911W;0.3
28;17;6;18;22;34;4259316N;07036911W;0.3
28;17;6;18;22;50;4259319N;07036908W;0.1
28;17;6;18;22;50;4259319N;07036908W;0.1
28;17;6;18;22;50;4259319N;07036908W;0.1
28;17;6;18;23;5;4259328N;07036902W;0.1
28;17;6;18;23;21;4259328N;07036908W;0.7
28;17;6;18;23;21;4259328N;07036908W;0.7
28;17;6;18;23;21;4259328N;07036908W;0.7
28;17;6;18;23;21;4259328N;07036908W;0.7
28;17;6;18;23;37;4259328N;07036904W;0.0
28;17;6;18;23;52;4259332N;07036909W;0.2
28;17;6;18;23;52;4259332N;07036909W;0.2
28;17;6;18;23;52;4259332N;07036909W;0.2
28;18;6;18;0;8;4259320N;07036911W;0.5
28;18;6;18;0;8;4259320N;07036911W;0.5
28;18;6;18;0;23;4259320N;07036909W;0.2
28;18;6;18;0;38;4259309N;07036907W;0.3
28;18;6;18;0;53;4259169N;07036850W;0.6
28;18;6;18;1;8;4259274N;07036897W;0.8
28;18;6;18;1;24;4259278N;07036893W;0.4
28;18;6;18;1;24;4259278N;07036893W;0.4
28;18;6;18;1;39;4259314N;07036919W;0.2
28;18;6;18;1;39;4259314N;07036919W;0.2
28;18;6;18;1;39;4259314N;07036919W;0.2
28;18;6;18;1;54;4259318N;07036916W;0.6
28;18;6;18;1;54;4259318N;07036916W;0.6
28;18;6;18;1;54;4259318N;07036916W;0.6
28;18;6;18;1;54;4259318N;07036916W;0.6
28;18;6;18;2;9;4259312N;07036910W;0.5
28;18;6;18;2;24;4259313N;07036909W;1.4
28;18;6;18;2;39;4259315N;07036908W;0.5
28;18;6;18;2;54;4259338N;07036927W;0.7
28;18;6;18;2;54;4259338N;07036927W;0.7
28;18;6;18;2;54;4259338N;07036927W;0.7
28;18;6;18;2;54;4259338N;07036927W;0.7
28;18;6;18;3;9;4259345N;07036930W;0.9
28;18;6;18;3;25;4259334N;07036915W;0.1
28;18;6;18;3;40;4259358N;07036919W;0.6
28;18;6;18;3;56;4259322N;07036909W;1.2
28;18;6;18;4;11;4259324N;07036927W;0.6
28;18;6;18;4;26;4259329N;07036928W;0.7
28;18;6;18;4;41;4259341N;07036937W;0.7
28;18;6;18;4;56;4259335N;07036930W;0.7
28;18;6;18;4;56;4259335N;07036930W;0.7
28;18;6;18;5;11;4259339N;07036938W;0.3
28;18;6;18;5;11;4259339N;07036938W;0.3
28;18;6;18;5;27;4259325N;07036918W;1.0
28;18;6;18;5;42;4259305N;07036920W;0.4
28;18;6;18;5;57;4259320N;07036919W;1.1
28;18;6;18;6;12;4259323N;07036919W;1.0
28;18;6;18;6;27;4259329N;07036925W;0.5
28;18;6;18;6;43;4259316N;07036919W;0.0
28;18;6;18;6;58;4259316N;07036922W;4.7
28;18;6;18;7;13;4259320N;07036910W;1.6
28;18;6;18;7;28;4259325N;07036923W;0.5
28;18;6;18;7;43;4259315N;07036901W;2.3
28;18;6;18;7;58;4259316N;07036899W;0.6
28;18;6;18;8;13;4259321N;07036909W;0.1
28;18;6;18;8;28;4259318N;07036910W;0.6
28;18;6;18;8;43;4259326N;07036912W;0.3
28;18;6;18;8;58;4259316N;07036912W;0.3
28;18;6;18;9;14;4259300N;07036912W;1.7
28;18;6;18;9;29;4259313N;07036901W;1.1
28;18;6;18;9;44;4259278N;07036887W;1.2
28;18;6;18;9;59;4259380N;07037500W;25.
28;18;6;18;10;14;4254486N;07038964W;21.
28;18;6;18;10;29;4255630N;07037837W;40.
28;18;6;18;10;44;4259303N;07036886W;0.1
28;18;6;18;11;0;4259329N;07036914W;0.6
28;18;6;18;11;15;4259327N;07036909W;0.1
28;18;6;18;11;30;4259319N;07036903W;0.4
28;18;6;18;11;45;4259320N;07036905W;0.3
28;18;6;18;12;0;4259319N;07036903W;0.8
28;18;6;18;12;16;4259319N;07036910W;0.5
28;18;6;18;12;31;4259319N;07036908W;0.3
28;18;6;18;12;47;4259325N;07036917W;0.3
28;18;6;18;13;2;4259319N;07036917W;0.9
28;18;6;18;13;17;4259312N;07036907W;2.3
28;18;6;18;13;33;4259315N;07036919W;0.5
28;18;6;18;13;48;4259329N;07036928W;0.4
28;18;6;18;14;3;4259319N;07036919W;0.2
28;18;6;18;14;18;4259255N;07036854W;20.
28;18;6;18;14;33;4259304N;07036901W;0.3
28;18;6;18;14;48;4259297N;07036838W;0.3
28;18;6;18;15;3;4259272N;07036875W;0.1
28;18;6;18;15;19;4259236N;07036928W;0.4
28;18;6;18;15;34;4259271N;07036889W;0.9
28;18;6;18;15;49;4259268N;07036880W;0.9
28;18;6;18;16;4;4258884N;07036679W;20.
28;18;6;18;16;19;4255489N;07038167W;21.
28;18;6;18;16;34;4251555N;07041183W;17.
28;18;6;18;16;49;4248051N;07040200W;16.
28;18;6;18;17;4;4248202N;07039667W;1.1
28;18;6;18;17;19;4248221N;07040987W;0.8
28;18;6;18;17;34;4248847N;07039720W;35.
28;18;6;18;17;49;4249088N;07039517W;0.7
28;18;6;18;18;5;4249249N;07039355W;0.5
28;18;6;18;18;20;4249282N;07039283W;0.7
28;18;6;18;18;20;4249282N;07039283W;0.7
28;18;6;18;18;35;4249370N;07039103W;1.4
28;18;6;18;18;50;4248455N;07040001W;0.3
28;18;6;18;18;50;4248455N;07040001W;0.3
28;18;6;18;18;50;4248455N;07040001W;0.3
28;18;6;18;18;50;4248455N;07040001W;0.3
28;18;6;18;18;50;4248455N;07040001W;0.3
28;18;6;18;19;5;4248392N;07039979W;0.6
28;18;6;18;19;5;4248392N;07039979W;0.6
28;18;6;18;19;5;4248392N;07039979W;0.6
28;18;6;18;19;20;4247806N;07039996W;0.5
28;18;6;18;19;20;4247806N;07039996W;0.5
28;18;6;18;19;20;4247806N;07039996W;0.5
28;18;6;18;19;36;4247766N;07039881W;0.5
28;18;6;18;19;36;4247766N;07039881W;0.5
28;18;6;18;19;51;4247987N;07039359W;12.
28;18;6;18;19;51;4247987N;07039359W;12.
28;18;6;18;20;6;4247673N;07039421W;2.8
28;18;6;18;20;21;4248582N;07041312W;12.
28;18;6;18;20;21;4248582N;07041312W;12.
28;18;6;18;20;36;4247441N;07042780W;17.
28;18;6;18;20;36;4247441N;07042780W;17.
28;18;6;18;20;51;4247282N;07043501W;1.2
28;18;6;18;20;51;4247282N;07043501W;1.2
28;18;6;18;21;6;4249863N;07040988W;0.1
28;18;6;18;21;21;4249573N;07040099W;0.8
28;18;6;18;21;36;4249563N;07039063W;1.0
28;18;6;18;21;36;4249563N;07039063W;1.0
28;18;6;18;21;51;4252595N;07038955W;57.
28;18;6;18;21;51;4252595N;07038955W;57.
28;18;6;18;21;51;4252595N;07038955W;57.
28;18;6;18;22;7;4259307N;07036918W;1.5
28;18;6;18;22;7;4259307N;07036918W;1.5
28;18;6;18;22;22;4259306N;07036914W;0.3
28;18;6;18;22;38;4259279N;07036914W;0.2
28;18;6;18;22;53;4259319N;07036914W;0.4
28;18;6;18;23;8;4259313N;07036916W;0.3
28;18;6;18;23;8;4259313N;07036916W;0.3
28;18;6;18;23;23;4259326N;07036915W;0.1
28;18;6;18;23;39;4259326N;07036923W;0.3
28;18;6;18;23;39;4259326N;07036923W;0.3
28;18;6;18;23;39;4259326N;07036923W;0.3
28;18;6;18;23;54;4259342N;07036915W;0.2
28;19;6;18;0;9;4259322N;07036907W;0.2
28;19;6;18;0;9;4259322N;07036907W;0.2
28;19;6;18;0;9;4259322N;07036907W;0.2
28;19;6;18;0;9;4259322N;07036907W;0.2
28;19;6;18;0;25;4259325N;07036904W;0.6
28;19;6;18;0;40;4259332N;07036902W;0.3
28;19;6;18;0;55;4259322N;07036907W;0.1
28;19;6;18;1;10;4259319N;07036921W;0.2
28;19;6;18;1;10;4259319N;07036921W;0.2
28;19;6;18;1;25;4259320N;07036920W;0.5
28;19;6;18;1;41;4259314N;07036921W;0.6
28;19;6;18;1;56;4259309N;07036906W;0.6
28;19;6;18;2;11;4259307N;07036912W;0.4
28;19;6;18;2;26;4259289N;07036882W;0.4
28;19;6;18;2;41;4259307N;07036901W;0.7
28;19;6;18;2;57;4259317N;07036907W;0.4
28;19;6;18;3;12;4259336N;07036931W;0.0
28;19;6;18;3;27;4259331N;07036917W;0.3
28;19;6;18;3;27;4259331N;07036917W;0.3
28;19;6;18;3;27;4259331N;07036917W;0.3
28;19;6;18;3;42;4259326N;07036913W;0.5
28;19;6;18;3;58;4259315N;07036923W;0.6
28;19;6;18;4;13;4259316N;07036924W;0.4
28;19;6;18;4;28;4259312N;07036938W;0.5
28;19;6;18;4;43;4259314N;07036929W;0.3
28;19;6;18;4;58;4259314N;07036933W;0.1
28;19;6;18;5;14;4259297N;07036930W;0.3
28;19;6;18;5;29;4259301N;07036915W;0.7
28;19;6;18;5;44;4259326N;07036896W;0.8
28;19;6;18;5;59;4259330N;07036947W;2.0
28;19;6;18;6;14;4259314N;07036923W;0.0
28;19;6;18;6;30;4259322N;07036922W;0.0
28;19;6;18;6;45;4259322N;07036919W;0.1
28;19;6;18;7;0;4259321N;07036910W;0.1
28;19;6;18;7;15;4259321N;07036913W;1.0
28;19;6;18;7;30;4259312N;07036903W;0.4
28;19;6;18;7;46;4259329N;07036895W;0.5
28;19;6;18;8;1;4259320N;07036909W;1.4
28;19;6;18;8;16;4259322N;07036926W;4.9
28;19;6;18;8;31;4259320N;07036923W;1.3
28;19;6;18;8;46;4259319N;07036921W;0.3
28;19;6;18;9;1;4259338N;07036907W;1.5
28;19;6;18;9;16;4259316N;07036916W;0.4
28;19;6;18;9;31;4259317N;07036906W;1.7
28;19;6;18;9;47;4259313N;07036908W;0.3
28;19;6;18;10;2;4259318N;07036921W;0.2
28;19;6;18;10;2;4259318N;07036921W;0.2
28;19;6;18;10;17;4259318N;07036902W;0.2
28;19;6;18;10;17;4259318N;07036902W;0.2
28;19;6;18;10;32;4259327N;07036909W;0.1
28;19;6;18;10;47;4259321N;07036903W;0.2
28;19;6;18;11;3;4259327N;07036911W;0.4
28;19;6;18;11;18;4259324N;07036908W;0.0
28;19;6;18;11;33;4259351N;07036910W;0.2
28;19;6;18;11;48;4259335N;07036912W;0.4
28;19;6;18;11;48;4259335N;07036912W;0.4
28;19;6;18;11;48;4259335N;07036912W;0.4
28;19;6;18;11;48;4259335N;07036912W;0.4
28;19;6;18;12;4;4259309N;07036925W;0.3
28;19;6;18;12;20;4259330N;07036916W;0.3
28;19;6;18;12;35;4259368N;07036928W;0.6
28;19;6;18;12;50;4259301N;07036910W;0.3
28;19;6;18;13;5;4259284N;07036886W;0.0
28;19;6;18;13;20;4252575N;07037592W;37.
28;19;6;18;13;35;4247624N;07036551W;1.1
28;19;6;18;13;50;4246527N;07035178W;0.8
28;19;6;18;14;5;4246538N;07035267W;15.
28;19;6;18;14;21;4249094N;07038291W;0.5
28;19;6;18;14;36;4249361N;07038502W;0.5
28;19;6;18;14;36;4249361N;07038502W;0.5
28;19;6;18;14;36;4249361N;07038502W;0.5
28;19;6;18;14;36;4249361N;07038502W;0.5
28;19;6;18;14;51;4249359N;07038605W;0.5
28;19;6;18;14;51;4249359N;07038605W;0.5
28;19;6;18;15;6;4250177N;07039450W;1.0
28;19;6;18;15;21;4249683N;07039462W;0.8
28;19;6;18;15;36;4248858N;07039359W;1.1
28;19;6;18;15;36;4248858N;07039359W;1.1
28;19;6;18;15;36;4248858N;07039359W;1.1
28;19;6;18;15;36;4248858N;07039359W;1.1
28;19;6;18;15;51;4247291N;07036579W;0.5
28;19;6;18;16;6;4247449N;07038012W;0.6
28;19;6;18;16;21;4247838N;07039207W;22.
28;19;6;18;16;42;4248842N;07039701W;0.6
28;19;6;18;16;57;4248946N;07039661W;0.6
28;19;6;18;17;12;4248942N;07039681W;2.0
28;19;6;18;17;27;4248915N;07039668W;2.1
28;19;6;18;17;42;4248873N;07039666W;0.7
28;19;6;18;17;57;4248824N;07039597W;0.8
28;19;6;18;17;57;4248824N;07039597W;0.8
28;19;6;18;17;57;4248824N;07039597W;0.8
28;19;6;18;18;12;4248811N;07039508W;0.6
28;19;6;18;18;27;4248755N;07039346W;0.4
28;19;6;18;18;42;4248650N;07039287W;0.1
28;19;6;18;18;57;4248523N;07039161W;1.2
28;19;6;18;19;13;4248401N;07039000W;0.6
28;19;6;18;19;28;4248258N;07038923W;0.9
28;19;6;18;19;43;4248224N;07037434W;22.
28;19;6;18;19;43;4248224N;07037434W;22.
28;19;6;18;19;43;4248224N;07037434W;22.
28;19;6;18;19;58;4247461N;07034847W;29.
28;19;6;18;20;13;4246078N;07029253W;23.
28;19;6;18;20;28;4240939N;07028095W;23.
28;19;6;18;20;45;4237095N;07022293W;22.
28;19;6;18;21;2;4231149N;07018547W;24.
28;19;6;18;21;19;4229611N;07009452W;21.
28;19;6;18;21;34;4228143N;07001280W;28.
28;19;6;18;21;34;4228143N;07001280W;28.
28;19;6;18;21;55;4226905N;06959641W;6.2
28;19;6;18;21;55;4226905N;06959641W;6.2
28;19;6;18;22;10;4225520N;06959267W;1.0
28;19;6;18;22;10;4225520N;06959267W;1.0
28;19;6;18;22;25;4225398N;06959045W;0.5
28;19;6;18;22;40;4225796N;06956996W;0.9
28;19;6;18;22;55;4224906N;06957064W;1.0
28;19;6;18;22;55;4224906N;06957064W;1.0
28;19;6;18;23;10;4223858N;06957442W;1.7
28;19;6;18;23;25;4223273N;06957629W;2.9
28;19;6;18;23;40;4222819N;06957818W;1.0
28;19;6;18;23;55;4222642N;06957582W;1.6
28;20;6;18;0;11;4222562N;06957307W;1.2
28;20;6;18;0;26;4222601N;06957188W;0.9
28;20;6;18;0;41;4225027N;06956658W;24.
28;20;6;18;0;41;4225027N;06956658W;24.
28;20;6;18;0;56;4225112N;06956519W;0.9
28;20;6;18;1;11;4225145N;06956424W;0.8
28;20;6;18;1;26;4224965N;06956293W;1.3
28;20;6;18;1;41;4224860N;06956198W;0.9
28;20;6;18;1;56;4224739N;06956008W;0.5
28;20;6;18;2;11;4224680N;06955919W;0.2
28;20;6;18;2;26;4224577N;06955847W;0.4
28;20;6;18;2;26;4224577N;06955847W;0.4
28;20;6;18;2;41;4224517N;06955742W;0.2
28;20;6;18;2;56;4224446N;06955675W;0.8
28;20;6;18;3;11;4224393N;06955587W;0.3
28;20;6;18;3;27;4224356N;06955496W;1.1
28;20;6;18;3;42;4224367N;06955320W;0.5
28;20;6;18;3;57;4224347N;06955184W;1.3
28;20;6;18;4;12;4222768N;06954109W;1.1
28;20;6;18;4;27;4222591N;06954188W;0.3
28;20;6;18;4;42;4221700N;06955185W;1.4
28;20;6;18;4;42;4221700N;06955185W;1.4
28;20;6;18;4;57;4221855N;06956366W;0.8
28;20;6;18;5;12;4221446N;06957792W;0.5
28;20;6;18;5;28;4221303N;06958782W;0.5
28;20;6;18;5;43;4220982N;06959261W;0.4
28;20;6;18;5;43;4220982N;06959261W;0.4
28;20;6;18;5;43;4220982N;06959261W;0.4
28;20;6;18;5;43;4220982N;06959261W;0.4
28;20;6;18;5;43;4220982N;06959261W;0.4
28;20;6;18;5;58;4220754N;06959485W;23.
28;20;6;18;6;13;4220051N;06959212W;0.6
28;20;6;18;6;28;4220062N;06959191W;0.3
28;20;6;18;6;43;4220094N;06959231W;3.0
28;20;6;18;6;58;4220086N;06959185W;0.0
28;20;6;18;7;13;4220070N;06959179W;1.1
28;20;6;18;7;28;4218499N;06959448W;0.6
28;20;6;18;7;43;4218427N;06959553W;0.8
28;20;6;18;7;58;4218385N;06959667W;0.9
28;20;6;18;7;58;4218385N;06959667W;0.9
28;20;6;18;8;14;4218100N;06956756W;0.3
28;20;6;18;8;14;4218100N;06956756W;0.3
28;20;6;18;8;29;4218094N;06956758W;0.6
28;20;6;18;8;44;4218554N;06958352W;24.
28;20;6;18;8;59;4218856N;06958587W;16.
28;20;6;18;9;14;4219535N;06958233W;22.
28;20;6;18;9;14;4219535N;06958233W;22.
28;20;6;18;9;29;4220241N;06958538W;0.5
28;20;6;18;9;44;4221142N;06958299W;0.6
28;20;6;18;9;59;4221092N;06958274W;0.4
28;20;6;18;10;14;4221851N;06958766W;1.9
28;20;6;18;10;29;4221842N;06958774W;0.8
28;20;6;18;10;44;4223780N;06959032W;24.
28;20;6;18;10;59;4225895N;06959668W;0.5
28;20;6;18;11;14;4227145N;06959728W;29.
28;20;6;18;11;14;4227145N;06959728W;29.
28;20;6;18;11;30;4229732N;06959831W;0.2
28;20;6;18;11;45;4229766N;06959672W;0.5
28;20;6;18;11;45;4229766N;06959672W;0.5
28;20;6;18;11;45;4229766N;06959672W;0.5
28;20;6;18;12;0;4229821N;06959515W;0.5
28;20;6;18;12;0;4229821N;06959515W;0.5
28;20;6;18;12;15;4234951N;06959762W;24.
28;20;6;18;12;15;4234951N;06959762W;24.
28;20;6;18;12;15;4234951N;06959762W;24.
28;20;6;18;12;15;4234951N;06959762W;24.
28;20;6;18;12;30;4236091N;06959881W;24.
28;20;6;18;12;45;4236510N;06959822W;0.6
28;20;6;18;12;45;4236510N;06959822W;0.6
28;20;6;18;12;45;4236510N;06959822W;0.6
28;20;6;18;13;0;4236474N;06959695W;1.5
28;20;6;18;13;15;4236560N;06959584W;0.7
28;20;6;18;13;30;4236680N;06959471W;0.4
28;20;6;18;13;45;4238732N;06957359W;0.7
28;20;6;18;14;0;4238811N;06957322W;0.4
28;20;6;18;14;0;4238811N;06957322W;0.4
28;20;6;18;14;15;4240108N;06958365W;1.8
28;20;6;18;14;15;4240108N;06958365W;1.8
28;20;6;18;14;15;4240108N;06958365W;1.8
28;20;6;18;14;31;4241003N;06957034W;9.6
28;20;6;18;14;46;4240942N;06956304W;0.6
28;20;6;18;15;1;4240237N;06957667W;0.5
28;20;6;18;15;16;4240145N;06957633W;0.4
28;20;6;18;15;31;4240026N;06957659W;0.3
28;20;6;18;15;46;4240180N;06958094W;0.3
28;20;6;18;16;1;4241028N;06956748W;0.6
28;20;6;18;16;16;4240207N;06957770W;1.1
28;20;6;18;16;31;4239880N;06958633W;1.4
28;20;6;18;16;46;4239881N;06958692W;0.8
28;20;6;18;17;1;4239487N;06959279W;22.
28;20;6;18;17;17;4237981N;06959952W;0.6
28;20;6;18;17;32;4237369N;06959831W;0.9
28;20;6;18;17;32;4237369N;06959831W;0.9
28;20;6;18;17;32;4237369N;06959831W;0.9
28;20;6;18;17;32;4237369N;06959831W;0.9
28;20;6;18;17;47;4237260N;06959781W;1.1
28;20;6;18;18;2;4237112N;06959729W;1.8
28;20;6;18;18;17;4236972N;06959662W;3.7
28;20;6;18;18;32;4235607N;06959203W;26.
28;20;6;18;18;47;4236415N;06959361W;0.0
28;20;6;18;19;2;4236918N;06959512W;0.9
28;20;6;18;19;18;4242416N;07007133W;34.
28;20;6;18;19;33;4244710N;07014660W;27.
28;20;6;18;19;49;4246379N;07017565W;35.
28;20;6;18;20;9;4255615N;07027641W;30.
28;20;6;18;20;24;4259131N;07036727W;20.
28;20;6;18;20;40;4259330N;07036901W;0.9
28;20;6;18;20;55;4259315N;07036908W;0.1
28;20;6;18;21;10;4259308N;07036994W;1.5
28;20;6;18;21;25;4259316N;07036923W;2.0
28;20;6;18;21;40;4259324N;07036907W;0.2
28;20;6;18;21;55;4259312N;07036908W;1.5
28;20;6;18;22;10;4259322N;07036911W;1.5
28;20;6;18;22;26;4259313N;07036911W;0.1
28;20;6;18;22;41;4259316N;07036916W;0.6
28;20;6;18;22;56;4259319N;07036912W;1.0
28;20;6;18;23;12;4259304N;07036912W;0.2
28;20;6;18;23;27;4259298N;07036892W;0.7
28;20;6;18;23;42;4259291N;07036894W;0.9
28;20;6;18;23;57;4259308N;07036899W;0.2
28;21;6;18;0;13;4259343N;07036918W;0.0
28;21;6;18;0;13;4259343N;07036918W;0.0
28;21;6;18;0;13;4259343N;07036918W;0.0
28;21;6;18;0;28;4259371N;07036886W;0.3
28;21;6;18;0;28;4259371N;07036886W;0.3
28;21;6;18;0;28;4259371N;07036886W;0.3
28;21;6;18;0;28;4259371N;07036886W;0.3
28;21;6;18;0;28;4259371N;07036886W;0.3
28;21;6;18;0;28;4259371N;07036886W;0.3
28;21;6;18;0;28;4259371N;07036886W;0.3
28;21;6;18;0;43;4259246N;07037013W;2.1
28;21;6;18;0;43;4259246N;07037013W;2.1
28;21;6;18;0;58;4259341N;07036926W;0.1
28;21;6;18;0;58;4259341N;07036926W;0.1
28;21;6;18;0;58;4259341N;07036926W;0.1
28;21;6;18;0;58;4259341N;07036926W;0.1
28;21;6;18;1;13;4259289N;07036931W;0.3
28;21;6;18;1;13;4259289N;07036931W;0.3
28;21;6;18;1;13;4259289N;07036931W;0.3
28;21;6;18;1;28;4259312N;07036930W;0.3
28;21;6;18;1;43;4259272N;07036894W;0.3
28;21;6;18;1;58;4259276N;07036887W;0.3
28;21;6;18;1;58;4259276N;07036887W;0.3
28;21;6;18;2;14;4259323N;07036911W;0.2
28;21;6;18;2;29;4259318N;07036918W;0.3
28;21;6;18;2;44;4259329N;07036917W;0.3
28;21;6;18;3;0;4259334N;07036915W;0.9
28;21;6;18;3;0;4259334N;07036915W;0.9
28;21;6;18;3;15;4259312N;07036912W;0.3
28;21;6;18;3;30;4259328N;07036910W;0.1
28;21;6;18;3;45;4259333N;07036904W;1.0
28;21;6;18;4;0;4259335N;07036929W;0.2
28;21;6;18;4;15;4259322N;07036913W;0.3
28;21;6;18;4;31;4259313N;07036915W;0.5
28;21;6;18;4;46;4259326N;07036915W;0.2
28;21;6;18;5;1;4259308N;07036899W;1.4
28;21;6;18;5;16;4259301N;07036883W;0.3
28;21;6;18;5;31;4259307N;07036893W;0.6
28;21;6;18;5;46;4259363N;07036959W;0.3
28;21;6;18;6;1;4259316N;07036908W;0.7
28;21;6;18;6;16;4259317N;07036918W;0.2
28;21;6;18;6;31;4259297N;07036918W;0.0
28;21;6;18;6;47;4259332N;07036905W;0.2
28;21;6;18;7;2;4259310N;07036918W;0.5
28;21;6;18;7;17;4259300N;07036914W;0.8
28;21;6;18;7;32;4259304N;07036919W;0.2
28;21;6;18;7;47;4259309N;07036916W;0.2
28;21;6;18;7;47;4259309N;07036916W;0.2
28;21;6;18;8;2;4259318N;07036921W;0.2
28;21;6;18;8;17;4259309N;07036908W;0.6
28;21;6;18;8;32;4259318N;07036954W;0.3
28;21;6;18;8;47;4259334N;07036915W;0.8
28;21;6;18;9;2;4259354N;07036908W;0.1
28;21;6;18;9;17;4259289N;07036888W;0.4
28;21;6;18;9;33;4259264N;07036892W;0.4
28;21;6;18;9;48;4259268N;07036879W;0.7
28;21;6;18;9;48;4259268N;07036879W;0.7
28;21;6;18;10;3;4259266N;07036886W;0.7
28;21;6;18;10;18;4259290N;07036898W;1.2
28;21;6;18;10;33;4259296N;07036897W;0.3
28;21;6;18;10;48;4259280N;07036914W;0.5
28;21;6;18;11;3;4259297N;07036896W;0.3
28;21;6;18;11;19;4259281N;07036924W;0.2
28;21;6;18;11;34;4259274N;07036868W;0.2
28;21;6;18;11;49;4259306N;07036858W;0.3
28;21;6;18;12;4;4259317N;07036911W;1.0
28;21;6;18;12;19;4259323N;07036910W;0.7
28;21;6;18;12;34;4259306N;07036901W;0.2
28;21;6;18;12;49;4259310N;07036906W;0.7
28;21;6;18;13;5;4259315N;07036906W;0.0
28;21;6;18;13;20;4259314N;07036899W;0.7
28;21;6;18;13;35;4259319N;07036906W;0.1
28;21;6;18;13;50;4259326N;07036906W;0.3
28;21;6;18;14;5;4259308N;07036896W;0.7
28;21;6;18;14;20;4259309N;07036892W;0.3
28;21;6;18;14;35;4259305N;07036897W;0.1
28;21;6;18;14;50;4259302N;07036884W;0.3
28;21;6;18;15;5;4259305N;07036889W;0.0
28;21;6;18;15;20;4259306N;07036883W;0.9
28;21;6;18;15;35;4259308N;07036883W;0.5
28;21;6;18;15;50;4259312N;07036897W;0.3
28;21;6;18;16;6;4259301N;07036897W;0.4
28;21;6;18;16;21;4259314N;07036890W;0.4
28;21;6;18;16;36;4259306N;07036897W;0.7
28;21;6;18;16;51;4259306N;07036887W;0.6
28;21;6;18;17;6;4259300N;07036893W;0.7
28;21;6;18;17;21;4259300N;07036885W;0.7
28;21;6;18;17;36;4259184N;07036834W;0.4
28;21;6;18;17;51;4259291N;07036901W;0.1
28;21;6;18;18;7;4259298N;07036899W;0.3
28;21;6;18;18;22;4258787N;07037256W;31.
28;21;6;18;18;37;4253416N;07042052W;21.
28;21;6;18;18;37;4253416N;07042052W;21.
28;21;6;18;18;37;4253416N;07042052W;21.
28;21;6;18;18;37;4253416N;07042052W;21.
28;21;6;18;18;52;4249582N;07041461W;23.
28;21;6;18;19;7;4248659N;07040774W;19.
28;21;6;18;19;22;4248287N;07039343W;16.
28;21;6;18;19;37;4247581N;07035693W;16.
28;21;6;18;19;54;4250459N;07030435W;21.
28;21;6;18;20;11;4253222N;07028310W;0.6
28;21;6;18;20;26;4254526N;07031889W;33.
28;21;6;18;20;42;4259290N;07036888W;2.4
28;21;6;18;20;57;4259296N;07036889W;1.7
28;21;6;18;21;12;4259307N;07036908W;1.9
28;21;6;18;21;28;4259283N;07036897W;0.7
28;21;6;18;21;43;4259288N;07036890W;0.4
28;21;6;18;21;58;4259283N;07036896W;0.2
28;21;6;18;22;13;4259278N;07036895W;0.6
28;21;6;18;22;28;4259317N;07036913W;1.1
28;21;6;18;22;43;4259289N;07036890W;0.1
28;21;6;18;22;58;4259295N;07036892W;0.2
28;21;6;18;23;14;4259289N;07036890W;0.1
28;21;6;18;23;29;4259293N;07036892W;0.5
28;21;6;18;23;44;4259327N;07036918W;0.4
28;21;6;18;23;59;4259357N;07036929W;0.6
28;22;6;18;0;14;4259337N;07036918W;0.6
28;22;6;18;0;30;4259298N;07036937W;0.5
28;22;6;18;0;45;4259265N;07036885W;0.7
28;22;6;18;1;0;4259226N;07036908W;0.2
28;22;6;18;1;16;4259324N;07036912W;0.0
28;22;6;18;1;31;4259324N;07036913W;0.5
28;22;6;18;1;46;4259314N;07036904W;0.2
28;22;6;18;2;1;4259306N;07036897W;0.4
28;22;6;18;2;16;4259325N;07036912W;2.4
28;22;6;18;2;31;4259325N;07036919W;1.6
28;22;6;18;2;46;4259312N;07036909W;0.5
28;22;6;18;3;1;4259321N;07036917W;0.9
28;22;6;18;3;16;4259319N;07036908W;1.0
28;22;6;18;3;31;4259317N;07036917W;0.1
28;22;6;18;3;46;4259327N;07036923W;0.0
28;22;6;18;4;1;4259311N;07036911W;0.5
28;22;6;18;4;16;4259379N;07036944W;0.8
28;22;6;18;4;32;4259595N;07037145W;0.5
28;22;6;18;4;47;4259322N;07036916W;0.2
28;22;6;18;5;2;4259317N;07036907W;0.7
28;22;6;18;5;17;4259316N;07036909W;0.5
28;22;6;18;5;32;4259321N;07036915W;0.9
28;22;6;18;5;47;4259319N;07036914W;0.5
28;22;6;18;6;3;4259329N;07036925W;4.2
28;22;6;18;6;18;4259325N;07036921W;0.3
28;22;6;18;6;33;4259368N;07036883W;1.5
28;22;6;18;6;48;4259321N;07036916W;0.0
28;22;6;18;7;3;4259318N;07036910W;1.6
28;22;6;18;7;18;4259321N;07036915W;0.9
28;22;6;18;7;33;4259326N;07036921W;0.7
28;22;6;18;7;49;4259323N;07036921W;0.2
28;22;6;18;8;4;4259324N;07036927W;0.9
28;22;6;18;8;19;4259324N;07036916W;0.1
28;22;6;18;8;34;4259305N;07036900W;2.0
28;22;6;18;8;49;4259331N;07036796W;35.
28;22;6;18;9;5;4259322N;07036913W;0.1
28;22;6;18;9;20;4259324N;07036912W;0.4
28;22;6;18;9;35;4259329N;07036914W;0.6
28;22;6;18;9;50;4259324N;07036912W;0.2
28;22;6;18;10;5;4259323N;07036912W;0.0
28;22;6;18;10;20;4259324N;07036915W;0.3
28;22;6;18;10;35;4259295N;07036888W;0.7
28;22;6;18;10;50;4259288N;07036887W;0.4
28;22;6;18;11;6;4259282N;07036871W;0.5
28;22;6;18;11;21;4259319N;07036909W;0.4
28;22;6;18;11;21;4259319N;07036909W;0.4
28;22;6;18;11;36;4259319N;07036905W;0.9
28;22;6;18;11;51;4259320N;07036906W;0.3
28;22;6;18;12;7;4259321N;07036912W;0.1
28;22;6;18;12;22;4259292N;07036891W;3.6
28;22;6;18;12;37;4257908N;07033893W;26.
28;22;6;18;12;52;4252394N;07030586W;22.
28;22;6;18;13;7;4248772N;07025549W;9.1
28;22;6;18;13;22;4246312N;07019825W;26.
28;22;6;18;13;22;4246312N;07019825W;26.
28;22;6;18;13;22;4246312N;07019825W;26.
28;22;6;18;13;22;4246312N;07019825W;26.
28;22;6;18;13;37;4243546N;07013283W;20.
28;22;6;18;13;56;4240534N;07005761W;19.
28;22;6;18;13;56;4240534N;07005761W;19.
28;22;6;18;13;56;4240534N;07005761W;19.
28;22;6;18;13;56;4240534N;07005761W;19.
28;22;6;18;14;11;4240863N;07003417W;1.6
28;22;6;18;14;26;4241591N;07002923W;0.9
28;22;6;18;14;42;4241539N;07003144W;0.6
28;22;6;18;14;57;4242537N;07004998W;1.2
28;22;6;18;15;15;4247281N;07013933W;27.
28;22;6;18;15;30;4248868N;07016555W;27.
28;22;6;18;15;51;4254471N;07027382W;28.
28;22;6;18;16;9;4259318N;07036913W;0.1
28;22;6;18;16;24;4259326N;07036923W;4.9
28;22;6;18;16;39;4259323N;07036909W;0.2
28;22;6;18;16;54;4259325N;07036925W;0.0
28;22;6;18;17;9;4259325N;07036921W;0.2
28;22;6;18;17;25;4259326N;07036923W;0.4
28;22;6;18;17;40;4259323N;07036911W;1.1
28;22;6;18;17;55;4259320N;07036904W;0.4
28;22;6;18;18;10;4259316N;07036903W;1.3
28;22;6;18;18;25;4259319N;07036907W;0.5
28;22;6;18;18;40;4259323N;07036911W;0.3
28;22;6;18;18;55;4259319N;07036908W;0.7
28;22;6;18;19;10;4259320N;07036936W;0.5
28;22;6;18;19;26;4259324N;07036933W;0.2
28;22;6;18;19;41;4259322N;07036907W;0.2
28;22;6;18;19;56;4259324N;07036912W;0.1
28;22;6;18;20;11;4259317N;07036908W;1.3
28;22;6;18;20;26;4259317N;07036903W;0.4
28;22;6;18;20;41;4259319N;07036909W;0.7
28;22;6;18;20;57;4259320N;07036914W;0.8
28;22;6;18;21;12;4259280N;07036889W;0.4
28;22;6;18;21;27;4259286N;07036892W;0.0
28;22;6;18;21;42;4259317N;07036916W;1.7
28;22;6;18;21;57;4259317N;07036918W;0.6
28;22;6;18;22;13;4259321N;07036917W;1.1
28;22;6;18;22;28;4259121N;07036847W;12.
28;22;6;18;22;43;4259283N;07036895W;0.2
28;22;6;18;22;58;4259287N;07036880W;0.2
28;22;6;18;23;14;4259289N;07036886W;0.3
