27;1;6;18;16;43;4258416N;07045849W;0.4
27;1;6;18;17;43;4259358N;07036972W;1.1
27;1;6;18;18;43;4259355N;07036957W;1.5
27;1;6;18;19;44;4259366N;07036969W;0.2
27;3;6;18;17;51;4253705N;07045992W;16.
27;3;6;18;18;6;4254859N;07048291W;33.
27;3;6;18;18;21;4255293N;07048801W;1.3
27;3;6;18;18;36;4255291N;07048792W;0.1
27;3;6;18;18;51;4255202N;07045698W;16.
27;3;6;18;19;6;4254090N;07045066W;16.
27;3;6;18;19;22;4254568N;07047244W;20.
27;3;6;18;19;37;4256593N;07045818W;21.
27;3;6;18;19;52;4258446N;07045869W;0.7
27;3;6;18;20;7;4258350N;07046060W;0.6
27;3;6;18;20;22;4258353N;07046050W;0.6
27;3;6;18;20;37;4258339N;07046082W;20.
27;3;6;18;20;52;4258335N;07045627W;1.0
27;3;6;18;21;8;4258326N;07045590W;0.1
27;3;6;18;21;23;4258317N;07045653W;0.3
27;3;6;18;21;38;4258312N;07045639W;0.3
27;3;6;18;21;53;4258313N;07045640W;1.0
27;3;6;18;22;8;4258320N;07045662W;0.5
27;3;6;18;22;24;4258317N;07046027W;0.2
27;3;6;18;22;39;4258323N;07046031W;2.7
27;3;6;18;22;54;4258304N;07046034W;0.3
27;3;6;18;23;10;4258201N;07046226W;0.6
27;3;6;18;23;25;4258198N;07046225W;0.9
27;3;6;18;23;40;4257849N;07046143W;1.9
27;3;6;18;23;55;4257852N;07046143W;0.3
27;4;6;18;0;10;4258359N;07045883W;0.5
27;4;6;18;0;25;4258363N;07045885W;0.6
27;4;6;18;0;40;4258885N;07045780W;2.0
27;4;6;18;0;56;4304253N;07044082W;30.
27;4;6;18;1;11;4304666N;07044142W;0.0
27;4;6;18;1;26;4304742N;07044165W;0.4
27;4;6;18;2;27;4304770N;07044174W;0.1
27;4;6;18;3;27;4304750N;07044167W;0.6
27;4;6;18;4;27;4304746N;07044164W;0.8
27;4;6;18;5;28;4304743N;07044162W;1.5
27;4;6;18;6;28;4304744N;07044161W;0.3
27;4;6;18;7;29;4304746N;07044165W;0.1
27;4;6;18;8;29;4304760N;07044159W;0.3
27;4;6;18;9;29;4259581N;07044963W;13.
27;4;6;18;10;30;4256607N;07047367W;13.
27;4;6;18;11;30;4258222N;07046180W;20.
27;4;6;18;12;30;4258314N;07046036W;0.3
27;4;6;18;13;31;4258390N;07045794W;0.3
27;4;6;18;14;31;4258299N;07045688W;0.3
27;4;6;18;15;31;4258902N;07045872W;13.
27;4;6;18;16;32;4258312N;07045641W;1.8
27;4;6;18;17;32;4257864N;07046114W;0.3
27;4;6;18;18;33;4258382N;07045929W;0.2
27;4;6;18;19;33;4259880N;07045096W;1.0
