26;6;7;18;8;41;4300004N;07034841W;39.
26;6;7;18;8;56;4301229N;07028293W;40.
26;6;7;18;9;11;4308185N;07019406W;18.
26;6;7;18;9;26;4309674N;07017506W;1.5
26;6;7;18;9;41;4313107N;07011589W;40.
26;6;7;18;9;56;4314772N;07004055W;9.7
26;6;7;18;10;12;4317537N;06952207W;22.
26;6;7;18;10;27;4317608N;06947264W;16.
26;6;7;18;10;43;4317002N;06937909W;30.
26;6;7;18;10;58;4318586N;06926666W;21.
26;6;7;18;11;14;4318008N;06925547W;1.4
26;6;7;18;11;29;4316189N;06924764W;0.9
26;6;7;18;11;44;4315965N;06924513W;1.3
26;6;7;18;12;0;4315784N;06924311W;1.1
26;6;7;18;12;15;4315629N;06924109W;1.2
26;6;7;18;12;30;4315473N;06923919W;0.8
26;6;7;18;12;45;4315318N;06923739W;1.2
26;6;7;18;13;1;4315150N;06923550W;0.2
26;6;7;18;13;16;4315016N;06923410W;1.9
26;6;7;18;13;31;4312208N;06918794W;13.
26;6;7;18;13;47;4311605N;06918238W;0.4
26;6;7;18;14;2;4310751N;06918650W;0.5
26;6;7;18;14;17;4308977N;06917866W;0.8
26;6;7;18;14;32;4309133N;06918708W;1.0
26;6;7;18;14;47;4309119N;06918572W;0.6
26;6;7;18;15;2;4309095N;06918406W;0.2
26;6;7;18;15;18;4309033N;06918244W;2.3
26;6;7;18;15;33;4308958N;06918087W;12.
26;6;7;18;15;48;4307401N;06917744W;0.6
26;6;7;18;16;3;4307068N;06919253W;1.2
26;6;7;18;16;18;4307196N;06919253W;0.8
26;6;7;18;16;33;4308684N;06922269W;0.2
26;6;7;18;16;48;4309079N;06923111W;15.
26;6;7;18;17;3;4309827N;06924751W;0.4
26;6;7;18;17;18;4310385N;06925588W;25.
26;6;7;18;17;33;4311346N;06927252W;1.1
26;6;7;18;17;49;4311399N;06927260W;1.6
26;6;7;18;18;4;4311425N;06927321W;1.1
26;6;7;18;18;19;4312570N;06929460W;0.8
26;6;7;18;18;34;4313627N;06933290W;0.9
26;6;7;18;18;49;4312947N;06938073W;20.
26;6;7;18;19;4;4314832N;06941642W;0.4
26;6;7;18;19;19;4315087N;06942447W;0.4
26;6;7;18;19;35;4315153N;06943254W;19.
26;6;7;18;19;50;4315345N;06949467W;1.5
26;6;7;18;20;5;4315479N;06952164W;26.
26;6;7;18;20;20;4316850N;06959364W;23.
26;6;7;18;20;35;4318644N;07004795W;27.
26;6;7;18;20;50;4320593N;07005692W;0.8
26;6;7;18;21;5;4320652N;07006183W;24.
26;6;7;18;21;20;4320913N;07007148W;0.1
26;6;7;18;21;35;4321387N;07007308W;0.3
26;6;7;18;21;50;4321369N;07007321W;0.9
26;6;7;18;22;6;4321348N;07007296W;1.3
26;6;7;18;22;21;4321356N;07007299W;0.5
26;6;7;18;22;36;4321373N;07007302W;0.9
26;6;7;18;22;51;4321385N;07007292W;0.8
26;6;7;18;23;7;4321364N;07007293W;0.4
26;6;7;18;23;22;4320426N;07012299W;1.0
26;6;7;18;23;37;4319075N;07016530W;25.
26;6;7;18;23;52;4315816N;07021169W;24.
26;7;7;18;0;7;4312683N;07027151W;23.
26;7;7;18;0;22;4308657N;07032402W;18.
26;7;7;18;0;38;4302173N;07036506W;31.
26;7;7;18;0;53;4259305N;07036944W;0.3
26;7;7;18;1;8;4259298N;07036932W;0.9
26;7;7;18;1;23;4259278N;07036913W;0.5
26;7;7;18;1;38;4259292N;07036923W;0.2
26;7;7;18;1;53;4259290N;07036923W;0.3
26;7;7;18;2;8;4259290N;07036919W;0.4
26;7;7;18;2;23;4259301N;07036923W;0.9
26;7;7;18;2;38;4259304N;07036929W;0.3
26;7;7;18;2;54;4259307N;07036925W;0.1
26;7;7;18;3;9;4259304N;07036927W;0.3
26;7;7;18;3;24;4259306N;07036945W;0.6
26;7;7;18;3;39;4259312N;07036956W;0.5
26;7;7;18;3;54;4259318N;07036973W;0.1
26;7;7;18;4;9;4259366N;07037038W;0.2
26;7;7;18;4;25;4259301N;07036939W;0.4
26;7;7;18;4;40;4259304N;07036935W;0.1
26;7;7;18;4;55;4259305N;07036937W;0.3
26;7;7;18;5;10;4259302N;07036940W;0.4
26;7;7;18;5;25;4259303N;07036938W;0.5
26;7;7;18;5;40;4259303N;07036940W;0.2
26;7;7;18;5;55;4259303N;07036929W;0.6
26;7;7;18;6;10;4259302N;07036931W;1.1
26;7;7;18;6;26;4259307N;07036944W;0.3
26;7;7;18;6;41;4259309N;07036945W;0.3
26;7;7;18;6;56;4259300N;07036920W;0.3
26;7;7;18;7;11;4259308N;07036943W;0.5
26;7;7;18;7;26;4259307N;07036944W;0.7
26;7;7;18;7;41;4259304N;07036937W;1.0
26;7;7;18;7;56;4259309N;07036939W;1.0
26;7;7;18;8;11;4259302N;07036940W;1.1
26;7;7;18;8;26;4259309N;07036926W;0.1
26;7;7;18;8;41;4301951N;07034051W;24.
26;7;7;18;8;57;4306378N;07027186W;23.
26;7;7;18;9;12;4311575N;07022254W;24.
26;7;7;18;9;27;4314325N;07020922W;0.5
26;7;7;18;9;42;4318782N;07018674W;30.
26;7;7;18;9;57;4319811N;07018128W;0.8
26;7;7;18;10;12;4319856N;07018477W;31.
26;7;7;18;10;27;4320001N;07018269W;12.
26;7;7;18;10;42;4319945N;07018186W;0.3
26;7;7;18;10;57;4319640N;07018087W;0.3
26;7;7;18;11;12;4319462N;07018204W;0.7
26;7;7;18;11;27;4318720N;07017821W;20.
26;7;7;18;11;42;4313972N;07021129W;19.
26;7;7;18;11;58;4311637N;07022983W;0.7
26;7;7;18;12;13;4307990N;07028665W;23.
26;7;7;18;12;28;4303731N;07034373W;23.
26;7;7;18;12;43;4259308N;07036930W;0.2
26;7;7;18;12;58;4259305N;07036927W;0.3
26;7;7;18;13;13;4259310N;07036931W;0.4
26;7;7;18;13;28;4258812N;07034312W;33.
26;7;7;18;13;43;4254750N;07025428W;33.
26;7;7;18;13;58;4254956N;07024214W;0.8
26;7;7;18;14;13;4253027N;07016447W;36.
26;7;7;18;14;29;4249139N;07014962W;0.6
26;7;7;18;14;44;4248967N;07015052W;0.2
26;7;7;18;14;59;4248797N;07014883W;0.6
26;7;7;18;15;14;4248484N;07015063W;0.8
26;7;7;18;15;29;4248400N;07015016W;2.9
26;7;7;18;15;44;4249038N;07015038W;16.
26;7;7;18;15;59;4247017N;07015124W;16.
26;7;7;18;16;14;4246394N;07015083W;1.0
26;7;7;18;16;29;4247452N;07016042W;19.
26;7;7;18;16;44;4248873N;07017958W;0.7
26;7;7;18;16;59;4249435N;07017673W;1.4
26;7;7;18;17;15;4249408N;07017324W;1.2
26;7;7;18;17;30;4253725N;07023835W;31.
26;7;7;18;17;45;4258461N;07031458W;26.
26;7;7;18;18;0;4259276N;07036953W;1.4
26;7;7;18;18;16;4259312N;07036951W;0.3
26;7;7;18;18;31;4301426N;07034705W;31.
26;7;7;18;18;46;4304404N;07031324W;33.
26;7;7;18;19;1;4307655N;07026913W;34.
26;7;7;18;19;16;4311397N;07020890W;0.6
26;7;7;18;19;31;4310903N;07021911W;22.
26;7;7;18;19;46;4309941N;07023422W;0.4
26;7;7;18;20;2;4309917N;07023537W;0.4
26;7;7;18;20;17;4308710N;07026532W;0.2
26;7;7;18;20;32;4308770N;07026623W;0.4
26;7;7;18;20;47;4307267N;07028636W;2.4
26;7;7;18;21;2;4307268N;07028627W;0.1
26;7;7;18;21;17;4305734N;07031717W;13.
26;7;7;18;21;32;4305743N;07031762W;0.5
26;7;7;18;21;47;4305605N;07031993W;0.2
26;7;7;18;22;2;4303970N;07034262W;19.
26;7;7;18;22;17;4259600N;07036782W;23.
26;7;7;18;22;33;4259318N;07036948W;0.3
26;7;7;18;22;48;4259305N;07036937W;0.2
26;7;7;18;22;48;4259305N;07036937W;0.2
26;7;7;18;23;4;4258833N;07036773W;1.9
26;7;7;18;23;19;4258025N;07037404W;10.
26;7;7;18;23;34;4300637N;07030728W;0.2
26;7;7;18;23;49;4300628N;07030683W;1.4
26;8;7;18;0;5;4300537N;07030607W;1.3
26;8;7;18;0;20;4300223N;07030404W;1.0
26;8;7;18;0;35;4300594N;07032352W;0.3
26;8;7;18;0;35;4300594N;07032352W;0.3
26;8;7;18;0;50;4259310N;07036935W;20.
26;8;7;18;0;50;4259310N;07036935W;20.
26;8;7;18;0;50;4259310N;07036935W;20.
26;8;7;18;0;50;4259310N;07036935W;20.
26;8;7;18;0;50;4259310N;07036935W;20.
26;8;7;18;1;5;4259305N;07036937W;0.4
26;8;7;18;1;20;4259304N;07036936W;0.1
26;8;7;18;1;35;4259301N;07036934W;0.1
26;8;7;18;1;50;4259303N;07036936W;0.1
26;8;7;18;2;5;4259301N;07036938W;0.9
26;8;7;18;2;20;4259302N;07036936W;2.9
26;8;7;18;2;36;4259300N;07036941W;0.8
26;8;7;18;2;51;4259289N;07036936W;0.4
26;8;7;18;3;6;4259296N;07036935W;0.1
26;8;7;18;3;21;4259302N;07036945W;0.1
26;8;7;18;3;36;4259313N;07036944W;0.6
26;8;7;18;3;51;4259317N;07036955W;1.1
26;8;7;18;4;6;4259281N;07036911W;0.1
26;8;7;18;4;21;4259305N;07036947W;0.2
26;8;7;18;4;36;4259265N;07036893W;0.2
26;8;7;18;4;51;4259286N;07036929W;0.2
26;8;7;18;5;6;4259285N;07036947W;0.4
26;8;7;18;5;22;4259289N;07036961W;0.0
26;8;7;18;5;37;4259289N;07036954W;0.8
26;8;7;18;5;52;4259294N;07036961W;0.3
26;8;7;18;6;7;4259294N;07036947W;0.4
26;8;7;18;6;22;4259300N;07036913W;0.3
26;8;7;18;6;37;4259299N;07036922W;0.4
26;8;7;18;6;52;4259303N;07036931W;0.5
26;8;7;18;7;7;4259309N;07036944W;0.2
26;8;7;18;7;22;4259311N;07036944W;0.5
26;8;7;18;7;37;4259315N;07036948W;0.3
26;8;7;18;7;53;4259308N;07036949W;0.2
26;8;7;18;8;8;4259310N;07036943W;0.1
26;8;7;18;8;23;4301926N;07032342W;28.
26;8;7;18;8;23;4301926N;07032342W;28.
26;8;7;18;8;38;4301991N;07031701W;1.0
26;8;7;18;8;38;4301991N;07031701W;1.0
26;8;7;18;8;38;4301991N;07031701W;1.0
26;8;7;18;8;53;4303133N;07031138W;22.
26;8;7;18;9;8;4302358N;07029926W;37.
26;8;7;18;9;23;4304425N;07025700W;25.
26;8;7;18;9;23;4304425N;07025700W;25.
26;8;7;18;9;38;4307071N;07019440W;23.
26;8;7;18;9;53;4311123N;07014546W;25.
26;8;7;18;9;53;4311123N;07014546W;25.
26;8;7;18;10;8;4315559N;07010026W;25.
26;8;7;18;10;8;4315559N;07010026W;25.
26;8;7;18;10;24;4320597N;07008580W;25.
26;8;7;18;10;39;4321788N;07007411W;0.2
26;8;7;18;10;54;4322300N;07007533W;0.5
26;8;7;18;10;54;4322300N;07007533W;0.5
26;8;7;18;10;54;4322300N;07007533W;0.5
26;8;7;18;10;54;4322300N;07007533W;0.5
26;8;7;18;11;9;4323582N;07008343W;1.0
26;8;7;18;11;9;4323582N;07008343W;1.0
26;8;7;18;11;24;4323505N;07008325W;23.
26;8;7;18;11;24;4323505N;07008325W;23.
26;8;7;18;11;24;4323505N;07008325W;23.
26;8;7;18;11;24;4323505N;07008325W;23.
26;8;7;18;11;24;4323505N;07008325W;23.
26;8;7;18;11;24;4323505N;07008325W;23.
26;8;7;18;11;24;4323505N;07008325W;23.
26;8;7;18;11;39;4323515N;07008315W;0.8
26;8;7;18;11;54;4322709N;07008179W;22.
26;8;7;18;11;54;4322709N;07008179W;22.
26;8;7;18;12;9;4322620N;07007982W;0.3
26;8;7;18;12;24;4322445N;07007955W;2.0
26;8;7;18;12;39;4320428N;07010875W;1.3
26;8;7;18;12;55;4320372N;07011039W;1.9
26;8;7;18;12;55;4320372N;07011039W;1.9
26;8;7;18;12;55;4320372N;07011039W;1.9
26;8;7;18;12;55;4320372N;07011039W;1.9
26;8;7;18;13;10;4320357N;07011221W;0.3
26;8;7;18;13;25;4320347N;07011425W;1.3
26;8;7;18;13;40;4320326N;07011592W;1.8
26;8;7;18;13;40;4320326N;07011592W;1.8
26;8;7;18;13;40;4320326N;07011592W;1.8
26;8;7;18;13;40;4320326N;07011592W;1.8
26;8;7;18;13;55;4320213N;07012000W;22.
26;8;7;18;13;55;4320213N;07012000W;22.
26;8;7;18;14;10;4320214N;07012185W;0.2
26;8;7;18;14;10;4320214N;07012185W;0.2
26;8;7;18;14;25;4320267N;07012319W;0.5
26;8;7;18;14;40;4320397N;07012462W;0.5
26;8;7;18;14;55;4319967N;07012795W;0.3
26;8;7;18;15;10;4320031N;07012817W;0.3
26;8;7;18;15;10;4320031N;07012817W;0.3
26;8;7;18;15;10;4320031N;07012817W;0.3
26;8;7;18;15;25;4319628N;07012549W;0.9
26;8;7;18;15;40;4318931N;07012888W;0.1
26;8;7;18;15;56;4318777N;07013129W;1.4
26;8;7;18;16;11;4319027N;07014521W;1.4
26;8;7;18;16;11;4319027N;07014521W;1.4
26;8;7;18;16;11;4319027N;07014521W;1.4
26;8;7;18;16;26;4319619N;07015071W;0.3
26;8;7;18;16;41;4319288N;07014994W;1.0
26;8;7;18;16;41;4319288N;07014994W;1.0
26;8;7;18;16;56;4319260N;07014947W;1.2
26;8;7;18;16;56;4319260N;07014947W;1.2
26;8;7;18;16;56;4319260N;07014947W;1.2
26;8;7;18;16;56;4319260N;07014947W;1.2
26;8;7;18;16;56;4319260N;07014947W;1.2
26;8;7;18;17;11;4319700N;07014578W;1.1
26;8;7;18;17;26;4319774N;07014020W;8.6
26;8;7;18;17;41;4319288N;07014345W;0.9
26;8;7;18;17;41;4319288N;07014345W;0.9
26;8;7;18;17;41;4319288N;07014345W;0.9
26;8;7;18;17;56;4319528N;07014318W;26.
26;8;7;18;17;56;4319528N;07014318W;26.
26;8;7;18;18;12;4319598N;07015099W;14.
26;8;7;18;18;27;4319774N;07015415W;1.2
26;8;7;18;18;27;4319774N;07015415W;1.2
26;8;7;18;18;27;4319774N;07015415W;1.2
26;8;7;18;18;27;4319774N;07015415W;1.2
26;8;7;18;18;42;4319498N;07015184W;18.
26;8;7;18;18;57;4319440N;07014439W;1.1
26;8;7;18;19;12;4319474N;07014473W;0.8
26;8;7;18;19;12;4319474N;07014473W;0.8
26;8;7;18;19;27;4319607N;07014500W;1.0
26;8;7;18;19;43;4317476N;07017529W;20.
26;8;7;18;19;58;4315595N;07020384W;27.
26;8;7;18;19;58;4315595N;07020384W;27.
26;8;7;18;20;13;4313125N;07023114W;19.
26;8;7;18;20;28;4310459N;07027498W;20.
26;8;7;18;20;43;4306592N;07032526W;21.
26;8;7;18;20;58;4302420N;07036630W;21.
26;8;7;18;21;13;4259297N;07036967W;0.7
26;8;7;18;21;13;4259297N;07036967W;0.7
26;8;7;18;21;13;4259297N;07036967W;0.7
26;8;7;18;21;29;4259318N;07037018W;0.1
26;8;7;18;21;44;4259339N;07036944W;0.2
26;8;7;18;22;0;4259310N;07036945W;0.6
26;8;7;18;22;15;4259844N;07035718W;37.
26;8;7;18;22;30;4304404N;07035679W;2.2
26;8;7;18;22;45;4304618N;07035098W;0.8
26;8;7;18;23;1;4304750N;07034959W;0.4
26;8;7;18;23;16;4303737N;07036544W;22.
26;8;7;18;23;31;4259303N;07036933W;0.5
26;8;7;18;23;46;4259317N;07036949W;1.2
26;9;7;18;0;1;4259298N;07036936W;0.2
26;9;7;18;0;16;4259312N;07036948W;0.2
26;9;7;18;0;31;4259318N;07036955W;0.2
26;9;7;18;0;47;4259294N;07036929W;0.3
26;9;7;18;1;2;4259306N;07036938W;0.3
26;9;7;18;1;17;4259292N;07036935W;0.4
26;9;7;18;1;32;4259291N;07036928W;0.3
26;9;7;18;1;47;4259294N;07036934W;0.2
26;9;7;18;2;2;4259292N;07036926W;0.4
26;9;7;18;2;17;4259298N;07036940W;1.5
26;9;7;18;2;33;4259330N;07036875W;1.0
26;9;7;18;2;49;4259308N;07036934W;0.1
26;9;7;18;3;4;4259305N;07036938W;0.4
26;9;7;18;3;4;4259305N;07036938W;0.4
26;9;7;18;3;4;4259305N;07036938W;0.4
26;9;7;18;3;4;4259305N;07036938W;0.4
26;9;7;18;3;4;4259305N;07036938W;0.4
26;9;7;18;3;4;4259305N;07036938W;0.4
26;9;7;18;3;4;4259305N;07036938W;0.4
26;9;7;18;3;19;4259304N;07036938W;0.6
26;9;7;18;3;19;4259304N;07036938W;0.6
26;9;7;18;3;19;4259304N;07036938W;0.6
26;9;7;18;3;19;4259304N;07036938W;0.6
26;9;7;18;3;34;4259306N;07036944W;0.5
26;9;7;18;3;49;4259306N;07036940W;0.3
26;9;7;18;4;5;4259311N;07036948W;0.4
26;9;7;18;4;20;4259255N;07036877W;0.7
26;9;7;18;4;35;4259305N;07036938W;1.1
26;9;7;18;4;51;4259303N;07036936W;0.5
26;9;7;18;5;7;4259301N;07036938W;0.5
26;9;7;18;5;7;4259301N;07036938W;0.5
26;9;7;18;5;22;4259298N;07036936W;0.4
26;9;7;18;5;37;4259298N;07036935W;1.0
26;9;7;18;5;37;4259298N;07036935W;1.0
26;9;7;18;5;53;4259302N;07036938W;0.2
26;9;7;18;6;8;4259302N;07036936W;0.4
26;9;7;18;6;24;4259305N;07036936W;0.3
26;9;7;18;6;40;4259305N;07036939W;0.1
26;9;7;18;6;55;4259305N;07036943W;0.3
26;9;7;18;7;11;4259318N;07036945W;0.9
26;9;7;18;7;27;4259303N;07036942W;0.2
26;9;7;18;7;42;4259304N;07036937W;0.4
26;9;7;18;7;57;4259304N;07036942W;0.6
26;9;7;18;8;12;4259305N;07036942W;0.3
26;9;7;18;8;27;4301955N;07030649W;33.
26;9;7;18;8;42;4301819N;07030498W;0.6
26;9;7;18;8;57;4303970N;07025832W;39.
26;9;7;18;9;12;4303540N;07027182W;20.
26;9;7;18;9;27;4301217N;07032869W;20.
26;9;7;18;9;42;4259317N;07036945W;0.3
26;9;7;18;9;58;4259321N;07036944W;0.1
26;9;7;18;10;13;4259300N;07036890W;0.0
26;9;7;18;10;28;4300135N;07035134W;39.
26;9;7;18;10;43;4305611N;07024712W;32.
26;9;7;18;10;58;4312125N;07021467W;36.
26;9;7;18;11;13;4315148N;07022552W;0.4
26;9;7;18;11;28;4315316N;07021842W;0.4
26;9;7;18;11;43;4315202N;07021535W;0.5
26;9;7;18;11;59;4315326N;07021473W;0.3
26;9;7;18;12;14;4315264N;07021086W;0.3
26;9;7;18;12;29;4315556N;07020392W;0.1
26;9;7;18;12;44;4315583N;07020239W;0.8
26;9;7;18;12;59;4317293N;07018584W;16.
26;9;7;18;13;14;4317256N;07018699W;1.4
26;9;7;18;13;29;4317175N;07018579W;0.3
26;9;7;18;13;44;4317335N;07018541W;0.3
26;9;7;18;14;0;4317428N;07018778W;0.4
26;9;7;18;14;15;4317435N;07018527W;0.9
26;9;7;18;14;30;4317449N;07018176W;0.7
26;9;7;18;14;45;4319934N;07014075W;9.6
26;9;7;18;15;0;4321258N;07009824W;29.
26;9;7;18;15;15;4321320N;07007187W;19.
26;9;7;18;15;30;4321408N;07007230W;1.1
26;9;7;18;15;45;4321958N;07007129W;0.8
26;9;7;18;16;0;4321299N;07008285W;24.
26;9;7;18;16;15;4321104N;07009242W;1.0
26;9;7;18;16;30;4321155N;07009198W;0.0
26;9;7;18;16;45;4321197N;07009123W;0.4
26;9;7;18;17;1;4321230N;07009045W;0.4
26;9;7;18;17;16;4321288N;07008894W;1.2
26;9;7;18;17;31;4321309N;07008615W;0.4
26;9;7;18;17;46;4321338N;07008330W;0.9
26;9;7;18;18;1;4321403N;07007242W;0.4
26;9;7;18;18;16;4321405N;07007228W;0.4
26;9;7;18;18;31;4321384N;07007230W;0.5
26;9;7;18;18;46;4321608N;07007045W;4.6
26;9;7;18;19;2;4321382N;07007262W;0.4
26;9;7;18;19;17;4321357N;07007268W;0.5
26;9;7;18;19;32;4321308N;07007310W;1.3
26;9;7;18;19;47;4319786N;07008313W;16.
26;9;7;18;20;3;4321325N;07007276W;0.5
26;9;7;18;20;18;4321339N;07007274W;0.2
26;9;7;18;20;33;4321337N;07007248W;1.0
26;9;7;18;20;48;4321239N;07007108W;0.7
26;9;7;18;21;3;4321180N;07007117W;19.
26;9;7;18;21;18;4321258N;07007255W;0.9
26;9;7;18;21;33;4321290N;07007139W;0.2
26;9;7;18;21;48;4321392N;07007266W;0.3
26;9;7;18;22;3;4321416N;07007245W;0.6
26;9;7;18;22;18;4321413N;07007263W;0.5
26;9;7;18;22;33;4323821N;07007180W;0.6
26;9;7;18;22;48;4326413N;07007181W;13.
26;9;7;18;23;4;4326925N;07007287W;4.7
26;9;7;18;23;19;4327279N;07007529W;0.3
26;9;7;18;23;34;4327254N;07007578W;0.6
26;9;7;18;23;49;4327484N;07008169W;11.
26;10;7;18;0;5;4327345N;07009069W;16.
26;10;7;18;0;20;4326942N;07009121W;0.4
26;10;7;18;0;35;4326879N;07009285W;1.1
26;10;7;18;0;50;4329444N;07013698W;32.
26;10;7;18;1;5;4330496N;07019036W;0.1
26;10;7;18;1;20;4330485N;07019029W;0.6
26;10;7;18;1;35;4330483N;07019026W;0.1
26;10;7;18;1;51;4330481N;07019033W;0.4
26;10;7;18;2;6;4330484N;07019033W;0.0
26;10;7;18;2;21;4330488N;07019037W;1.1
26;10;7;18;2;36;4330473N;07019058W;0.0
26;10;7;18;2;52;4330496N;07019037W;0.2
26;10;7;18;3;7;4330474N;07019007W;1.3
26;10;7;18;3;22;4330496N;07019039W;0.5
26;10;7;18;3;37;4330495N;07019045W;0.1
26;10;7;18;3;52;4330491N;07019042W;0.3
26;10;7;18;4;7;4330493N;07019041W;0.2
26;10;7;18;4;22;4330486N;07019033W;0.8
26;10;7;18;5;22;4330466N;07019053W;0.0
26;10;7;18;6;23;4330459N;07019027W;0.5
26;10;7;18;7;23;4330472N;07019041W;0.4
26;10;7;18;8;23;4330465N;07019023W;0.1
26;10;7;18;9;24;4321389N;07007222W;12.
26;10;7;18;10;24;4317668N;06951604W;0.3
26;10;7;18;11;24;4312904N;06941780W;23.
26;10;7;18;11;24;4312904N;06941780W;23.
26;10;7;18;12;24;4312287N;06941262W;0.2
26;10;7;18;13;24;4312209N;06941806W;1.3
26;10;7;18;13;50;4312229N;06941496W;21.
26;10;7;18;14;5;4312108N;06944849W;13.
26;10;7;18;14;20;4312353N;06948926W;22.
26;10;7;18;14;35;4312415N;06953229W;21.
26;10;7;18;14;50;4312156N;06957980W;19.
26;10;7;18;15;5;4312557N;06957970W;0.6
26;10;7;18;15;20;4312575N;06958186W;0.2
26;10;7;18;15;36;4312573N;06958361W;1.6
26;10;7;18;15;51;4312555N;06958535W;0.5
26;10;7;18;16;6;4313246N;07002583W;23.
26;10;7;18;16;21;4309055N;07003625W;0.7
26;10;7;18;16;36;4308683N;07003910W;21.
26;10;7;18;16;51;4308747N;07003874W;0.6
26;10;7;18;17;6;4308795N;07003862W;0.3
26;10;7;18;17;22;4308764N;07003851W;0.6
26;10;7;18;17;37;4308798N;07003830W;0.3
26;10;7;18;17;52;4307881N;07004078W;2.1
26;10;7;18;18;7;4308073N;07004031W;1.0
26;10;7;18;18;23;4307864N;07004039W;0.4
26;10;7;18;18;38;4305323N;07004791W;0.3
26;10;7;18;18;53;4301683N;07006453W;21.
26;10;7;18;19;8;4259184N;07012913W;26.
26;10;7;18;19;23;4258761N;07014916W;0.6
26;10;7;18;19;38;4258632N;07015492W;9.6
26;10;7;18;19;53;4258698N;07015823W;0.3
26;10;7;18;20;8;4257936N;07016094W;0.5
26;10;7;18;20;24;4257465N;07015814W;1.6
26;10;7;18;20;39;4256976N;07015318W;7.1
26;10;7;18;20;54;4256472N;07019051W;26.
26;10;7;18;21;9;4257139N;07027963W;32.
26;10;7;18;21;24;4259047N;07036839W;20.
26;10;7;18;21;40;4259338N;07036986W;0.3
26;10;7;18;21;55;4259324N;07036969W;0.4
26;10;7;18;22;11;4259299N;07036924W;0.0
26;10;7;18;22;26;4259305N;07036930W;0.7
26;10;7;18;22;41;4259305N;07036938W;0.3
26;10;7;18;22;56;4300170N;07031364W;29.
26;10;7;18;23;11;4301367N;07029995W;0.8
26;10;7;18;23;27;4301684N;07033075W;20.
26;10;7;18;23;42;4259310N;07036949W;0.1
26;10;7;18;23;57;4259312N;07036944W;0.4
26;11;7;18;0;12;4259312N;07036944W;0.3
26;11;7;18;0;27;4259314N;07036942W;1.1
26;11;7;18;0;42;4259316N;07036945W;0.2
26;11;7;18;0;58;4259298N;07036933W;0.5
26;11;7;18;1;13;4259297N;07036963W;0.4
26;11;7;18;1;28;4259307N;07036942W;0.6
26;11;7;18;1;43;4259312N;07036942W;0.4
26;11;7;18;1;58;4259309N;07036939W;0.6
26;11;7;18;2;13;4259295N;07036929W;2.0
26;11;7;18;2;28;4259298N;07036932W;0.3
26;11;7;18;2;43;4259301N;07036939W;0.2
26;11;7;18;2;58;4259305N;07036936W;0.1
26;11;7;18;3;14;4259313N;07036943W;0.4
26;11;7;18;3;29;4259310N;07036956W;0.7
26;11;7;18;3;44;4259327N;07036979W;0.1
26;11;7;18;3;59;4259293N;07036935W;0.3
26;11;7;18;3;59;4259293N;07036935W;0.3
26;11;7;18;4;15;4259289N;07036928W;0.6
26;11;7;18;4;30;4259272N;07036942W;0.3
26;11;7;18;4;46;4259276N;07036933W;0.2
26;11;7;18;5;2;4259290N;07036926W;0.4
26;11;7;18;5;18;4259267N;07036928W;0.1
26;11;7;18;5;34;4259267N;07036929W;0.4
26;11;7;18;5;49;4259263N;07036917W;0.5
26;11;7;18;6;4;4259280N;07036917W;0.8
26;11;7;18;6;19;4259317N;07036967W;0.1
26;11;7;18;6;34;4259310N;07036949W;0.3
26;11;7;18;6;50;4259301N;07036927W;0.4
26;11;7;18;7;5;4259301N;07036910W;1.5
26;11;7;18;7;20;4259304N;07036926W;0.4
26;11;7;18;7;35;4259302N;07036926W;0.4
26;11;7;18;7;51;4259308N;07036939W;0.0
26;11;7;18;7;51;4259308N;07036939W;0.0
26;11;7;18;8;6;4259306N;07036930W;0.4
26;11;7;18;8;21;4259311N;07036932W;0.2
26;11;7;18;8;36;4300192N;07032655W;23.
26;11;7;18;8;36;4300192N;07032655W;23.
26;11;7;18;8;51;4300304N;07028166W;19.
26;11;7;18;8;51;4300304N;07028166W;19.
26;11;7;18;9;6;4301689N;07022107W;21.
26;11;7;18;9;21;4303515N;07016129W;22.
26;11;7;18;9;21;4303515N;07016129W;22.
26;11;7;18;9;21;4303515N;07016129W;22.
26;11;7;18;9;21;4303515N;07016129W;22.
26;11;7;18;9;21;4303515N;07016129W;22.
26;11;7;18;9;21;4303515N;07016129W;22.
26;11;7;18;9;37;4304949N;07009613W;22.
26;11;7;18;9;37;4304949N;07009613W;22.
26;11;7;18;9;52;4307353N;07004701W;20.
26;11;7;18;10;7;4307134N;06959207W;22.
26;11;7;18;10;22;4307644N;06954119W;0.9
26;11;7;18;10;37;4307616N;06954789W;29.
26;11;7;18;10;52;4306351N;07001026W;34.
26;11;7;18;11;7;4306206N;07004627W;0.8
26;11;7;18;11;22;4306138N;07004557W;0.6
26;11;7;18;11;37;4302154N;07013546W;41.
26;11;7;18;11;52;4259677N;07016152W;15.
26;11;7;18;12;7;4259226N;07016030W;29.
26;11;7;18;12;23;4259214N;07016065W;1.1
26;11;7;18;12;38;4258138N;07015239W;0.2
26;11;7;18;12;53;4257988N;07015223W;1.0
26;11;7;18;13;8;4258040N;07015184W;0.8
26;11;7;18;13;23;4259676N;07015909W;0.7
26;11;7;18;13;39;4301199N;07019415W;26.
26;11;7;18;13;54;4301428N;07028989W;30.
26;11;7;18;14;9;4259311N;07036953W;1.2
26;11;7;18;14;24;4259310N;07036949W;0.2
26;11;7;18;14;39;4256746N;07031898W;25.
26;11;7;18;14;54;4254494N;07027561W;0.4
26;11;7;18;15;9;4254715N;07027677W;0.4
26;11;7;18;15;24;4256692N;07032153W;26.
26;11;7;18;15;40;4259317N;07036957W;0.2
26;11;7;18;15;55;4259320N;07036954W;0.0
26;11;7;18;16;10;4259311N;07036945W;0.4
26;11;7;18;16;25;4259879N;07033410W;22.
26;11;7;18;16;41;4258096N;07026950W;27.
26;11;7;18;16;56;4257371N;07021301W;17.
26;11;7;18;17;11;4257202N;07019036W;0.8
26;11;7;18;17;26;4257907N;07017743W;0.5
26;11;7;18;17;41;4259505N;07016537W;0.4
26;11;7;18;17;56;4259070N;07015773W;23.
26;11;7;18;18;11;4258389N;07015390W;0.5
26;11;7;18;18;27;4258037N;07015304W;0.4
26;11;7;18;18;42;4257319N;07014903W;14.
26;11;7;18;18;57;4255895N;07010013W;20.
26;11;7;18;19;12;4252704N;07003898W;23.
26;11;7;18;19;27;4253821N;06958093W;27.
26;11;7;18;19;42;4254792N;06958039W;3.5
26;11;7;18;19;58;4255379N;06958657W;1.5
26;11;7;18;20;13;4255309N;06958804W;22.
26;11;7;18;20;28;4255518N;06958175W;16.
26;11;7;18;20;43;4255768N;06958858W;27.
26;11;7;18;20;58;4258368N;07005528W;32.
26;11;7;18;21;13;4301020N;07016320W;33.
26;11;7;18;21;28;4301756N;07028461W;40.
26;11;7;18;21;43;4259311N;07036945W;0.1
26;11;7;18;21;58;4259307N;07036942W;0.4
26;11;7;18;22;14;4259312N;07036951W;0.0
26;11;7;18;22;29;4259315N;07036942W;0.5
26;11;7;18;22;44;4259307N;07036953W;0.5
26;11;7;18;22;59;4259316N;07036946W;0.4
26;11;7;18;23;15;4259325N;07036934W;0.5
26;11;7;18;23;31;4259321N;07036940W;0.3
26;11;7;18;23;46;4259315N;07036939W;2.7
26;12;7;18;0;1;4259313N;07036941W;0.1
26;12;7;18;0;16;4259311N;07036942W;0.2
26;12;7;18;0;16;4259311N;07036942W;0.2
26;12;7;18;0;32;4259304N;07036952W;0.1
26;12;7;18;0;47;4259297N;07036937W;0.5
26;12;7;18;1;3;4259286N;07036927W;15.
26;12;7;18;1;18;4259260N;07036868W;0.1
26;12;7;18;1;33;4259268N;07036873W;0.2
26;12;7;18;1;48;4259268N;07036878W;0.0
26;12;7;18;2;4;4259277N;07036865W;0.2
26;12;7;18;2;19;4259282N;07036880W;0.1
26;12;7;18;2;34;4259277N;07036865W;0.2
26;12;7;18;2;49;4259292N;07036871W;0.3
26;12;7;18;2;49;4259292N;07036871W;0.3
26;12;7;18;3;5;4259282N;07036900W;0.4
26;12;7;18;3;20;4259268N;07036898W;0.4
26;12;7;18;3;35;4259269N;07036894W;0.5
26;12;7;18;3;50;4259306N;07036938W;0.1
26;12;7;18;4;5;4259304N;07036941W;0.7
26;12;7;18;4;20;4259306N;07036933W;0.1
26;12;7;18;4;36;4259306N;07036948W;0.3
26;12;7;18;4;51;4259302N;07036937W;0.7
26;12;7;18;5;6;4259307N;07036935W;0.2
26;12;7;18;5;21;4259306N;07036914W;1.2
26;12;7;18;5;36;4259304N;07036914W;0.5
26;12;7;18;5;51;4259301N;07036919W;0.7
26;12;7;18;6;6;4259309N;07036928W;0.5
26;12;7;18;6;21;4259314N;07036946W;0.3
26;12;7;18;6;36;4259315N;07036950W;0.3
26;12;7;18;6;51;4259292N;07036932W;0.2
26;12;7;18;7;6;4259286N;07036921W;0.5
26;12;7;18;7;21;4259289N;07036924W;0.2
26;12;7;18;7;36;4259288N;07036920W;0.7
26;12;7;18;7;36;4259288N;07036920W;0.7
26;12;7;18;7;52;4259284N;07036941W;0.0
26;12;7;18;8;7;4259329N;07036786W;22.
26;12;7;18;8;22;4259512N;07031431W;0.4
26;12;7;18;8;37;4259296N;07036651W;20.
26;12;7;18;8;52;4300168N;07032888W;22.
26;12;7;18;9;7;4301588N;07026189W;25.
26;12;7;18;9;22;4302848N;07020870W;21.
26;12;7;18;9;37;4303118N;07018430W;13.
26;12;7;18;9;52;4303365N;07018734W;0.8
26;12;7;18;10;8;4303244N;07018906W;0.7
26;12;7;18;10;23;4302622N;07012395W;13.
26;12;7;18;10;38;4301522N;07005417W;22.
26;12;7;18;10;38;4301522N;07005417W;22.
26;12;7;18;10;38;4301522N;07005417W;22.
26;12;7;18;10;53;4303110N;07000871W;16.
26;12;7;18;11;8;4303166N;06954893W;26.
26;12;7;18;11;23;4301268N;06948678W;0.6
26;12;7;18;11;38;4259978N;06951891W;37.
26;12;7;18;11;38;4259978N;06951891W;37.
26;12;7;18;11;53;4254248N;06951270W;34.
26;12;7;18;12;9;4249412N;06952698W;28.
26;12;7;18;12;24;4246969N;06950857W;33.
26;12;7;18;12;24;4246969N;06950857W;33.
26;12;7;18;12;39;4240875N;06949299W;0.5
26;12;7;18;12;39;4240875N;06949299W;0.5
26;12;7;18;12;54;4241160N;06949068W;1.0
26;12;7;18;12;54;4241160N;06949068W;1.0
26;12;7;18;12;54;4241160N;06949068W;1.0
26;12;7;18;12;54;4241160N;06949068W;1.0
26;12;7;18;13;9;4241944N;06948829W;11.
26;12;7;18;13;25;4242445N;06948899W;1.1
26;12;7;18;13;40;4241534N;06949065W;17.
26;12;7;18;13;55;4241867N;06948551W;0.5
26;12;7;18;14;10;4242541N;06948205W;0.6
26;12;7;18;14;25;4243227N;06948033W;2.3
26;12;7;18;14;40;4243893N;06948053W;0.3
26;12;7;18;14;55;4244632N;06948136W;2.4
26;12;7;18;15;10;4246505N;06955850W;29.
26;12;7;18;15;25;4249913N;07004348W;27.
26;12;7;18;15;40;4252471N;07013691W;30.
26;12;7;18;15;56;4254893N;07023099W;29.
26;12;7;18;15;56;4254893N;07023099W;29.
26;12;7;18;16;11;4257877N;07031190W;13.
26;12;7;18;16;26;4259310N;07036952W;0.7
26;12;7;18;16;42;4259318N;07036941W;0.2
26;12;7;18;16;57;4259325N;07036931W;1.6
26;12;7;18;17;12;4259317N;07036922W;0.7
26;12;7;18;17;27;4300595N;07033539W;25.
26;12;7;18;17;42;4302562N;07033909W;20.
26;12;7;18;17;57;4259485N;07036911W;28.
26;12;7;18;18;12;4259310N;07036934W;1.1
26;12;7;18;18;28;4259322N;07036975W;0.1
26;12;7;18;18;43;4259293N;07036943W;0.2
26;12;7;18;18;58;4259362N;07036963W;0.6
26;12;7;18;19;13;4302872N;07032744W;23.
26;12;7;18;19;29;4303432N;07028662W;19.
26;12;7;18;19;44;4303960N;07028213W;22.
26;12;7;18;19;59;4305352N;07025445W;0.5
26;12;7;18;20;14;4305490N;07026090W;1.4
26;12;7;18;20;29;4305926N;07025811W;1.7
26;12;7;18;20;44;4305974N;07026045W;1.2
26;12;7;18;20;59;4306171N;07025913W;1.3
26;12;7;18;21;14;4304859N;07030070W;24.
26;12;7;18;21;29;4301081N;07036188W;24.
26;12;7;18;21;44;4259294N;07036951W;0.2
26;12;7;18;21;59;4259338N;07036980W;0.1
26;12;7;18;22;15;4259323N;07036930W;0.1
26;12;7;18;22;30;4259314N;07036955W;0.5
26;12;7;18;22;45;4259313N;07036957W;0.2
26;12;7;18;23;0;4259313N;07036935W;0.8
26;12;7;18;23;16;4259307N;07036937W;0.1
26;12;7;18;23;31;4259305N;07036939W;0.1
26;12;7;18;23;46;4259311N;07036952W;0.5
26;13;7;18;0;2;4259309N;07036944W;0.2
26;13;7;18;0;17;4259315N;07036946W;0.5
26;13;7;18;0;32;4259301N;07036938W;0.2
26;13;7;18;0;47;4259313N;07036943W;0.4
26;13;7;18;1;2;4259283N;07036914W;0.3
26;13;7;18;1;17;4259293N;07036893W;0.5
26;13;7;18;1;32;4259279N;07036876W;0.8
26;13;7;18;1;47;4259301N;07036850W;0.5
26;13;7;18;2;3;4259291N;07036887W;0.0
26;13;7;18;2;18;4259288N;07036882W;0.6
26;13;7;18;2;33;4259303N;07036879W;0.2
26;13;7;18;2;48;4259288N;07036894W;0.5
26;13;7;18;2;48;4259288N;07036894W;0.5
26;13;7;18;3;4;4259293N;07036886W;1.0
26;13;7;18;3;19;4259290N;07036891W;0.6
26;13;7;18;3;19;4259290N;07036891W;0.6
26;13;7;18;3;19;4259290N;07036891W;0.6
26;13;7;18;3;19;4259290N;07036891W;0.6
26;13;7;18;3;19;4259290N;07036891W;0.6
26;13;7;18;3;19;4259290N;07036891W;0.6
26;13;7;18;3;35;4259289N;07036888W;0.6
26;13;7;18;3;35;4259289N;07036888W;0.6
26;13;7;18;3;50;4259295N;07036896W;0.8
26;13;7;18;4;5;4259283N;07036882W;0.4
26;13;7;18;4;21;4259282N;07036888W;3.7
26;13;7;18;4;36;4259288N;07036888W;1.5
26;13;7;18;4;51;4259283N;07036882W;0.3
26;13;7;18;5;6;4259287N;07036862W;0.4
26;13;7;18;5;6;4259287N;07036862W;0.4
26;13;7;18;5;22;4259289N;07036869W;0.4
26;13;7;18;5;37;4259290N;07036883W;0.4
26;13;7;18;5;37;4259290N;07036883W;0.4
26;13;7;18;5;37;4259290N;07036883W;0.4
26;13;7;18;5;37;4259290N;07036883W;0.4
26;13;7;18;5;37;4259290N;07036883W;0.4
26;13;7;18;5;37;4259290N;07036883W;0.4
26;13;7;18;5;37;4259290N;07036883W;0.4
26;13;7;18;5;53;4259289N;07036852W;0.1
26;13;7;18;6;8;4259297N;07036877W;0.0
26;13;7;18;6;23;4259302N;07036893W;0.9
26;13;7;18;6;38;4259303N;07036902W;0.3
26;13;7;18;6;53;4259317N;07036930W;0.3
26;13;7;18;7;9;4259288N;07036873W;2.1
26;13;7;18;7;24;4259284N;07036858W;0.4
26;13;7;18;7;39;4259279N;07036862W;0.3
26;13;7;18;7;54;4259268N;07036860W;0.0
26;13;7;18;8;10;4259288N;07036888W;0.1
26;13;7;18;8;25;4259289N;07036888W;0.0
26;13;7;18;8;40;4259289N;07036887W;0.2
26;13;7;18;8;55;4259306N;07036938W;0.1
26;13;7;18;8;55;4259306N;07036938W;0.1
26;13;7;18;9;10;4301531N;07032208W;24.
26;13;7;18;9;25;4304624N;07026353W;19.
26;13;7;18;9;25;4304624N;07026353W;19.
26;13;7;18;9;40;4305019N;07026687W;0.5
26;13;7;18;9;55;4307300N;07023612W;16.
26;13;7;18;9;55;4307300N;07023612W;16.
26;13;7;18;10;10;4306577N;07022397W;17.
26;13;7;18;10;25;4304772N;07017977W;16.
26;13;7;18;10;40;4302456N;07014552W;19.
26;13;7;18;10;56;4302027N;07007513W;22.
26;13;7;18;11;11;4303199N;07000888W;19.
26;13;7;18;11;26;4301322N;07000150W;0.4
26;13;7;18;11;41;4258440N;06959845W;0.6
26;13;7;18;11;41;4258440N;06959845W;0.6
26;13;7;18;11;56;4258408N;06959782W;1.4
26;13;7;18;12;11;4257319N;07005648W;27.
26;13;7;18;12;26;4257029N;07015106W;22.
26;13;7;18;12;41;4257272N;07024874W;27.
26;13;7;18;12;56;4259428N;07035603W;28.
26;13;7;18;13;11;4259335N;07036959W;0.4
26;13;7;18;13;27;4259320N;07036955W;0.1
