29;7;7;18;13;40;4259367N;07036854W;0.4
29;7;7;18;13;40;4259367N;07036854W;0.4
29;7;7;18;13;40;4259367N;07036854W;0.4
29;7;7;18;13;40;4259367N;07036854W;0.4
29;7;7;18;13;55;4259344N;07036887W;1.0
29;7;7;18;14;10;4259376N;07036849W;0.2
29;7;7;18;14;25;4259351N;07036886W;0.5
29;7;7;18;14;41;4259355N;07036872W;0.2
29;7;7;18;14;57;4259328N;07036924W;0.2
29;7;7;18;15;12;4259330N;07036917W;0.7
29;7;7;18;15;27;4259342N;07036926W;0.3
29;7;7;18;15;42;4259327N;07036915W;0.3
29;7;7;18;15;57;4259338N;07036929W;0.1
29;7;7;18;16;12;4259346N;07036931W;0.1
29;7;7;18;16;28;4259355N;07036932W;0.2
29;7;7;18;16;43;4259349N;07036935W;0.1
29;7;7;18;16;58;4259342N;07036934W;0.3
29;7;7;18;17;13;4259340N;07036934W;0.2
29;7;7;18;17;28;4259354N;07036921W;0.3
29;7;7;18;17;43;4259359N;07036911W;1.1
29;7;7;18;17;59;4259344N;07036911W;0.9
29;7;7;18;18;14;4259338N;07036910W;0.6
29;7;7;18;18;29;4259339N;07036919W;0.7
29;7;7;18;18;44;4259330N;07036894W;0.7
29;7;7;18;18;59;4259342N;07036904W;0.0
29;7;7;18;19;14;4259347N;07036908W;0.8
29;7;7;18;19;30;4259380N;07036879W;0.6
29;7;7;18;19;45;4259332N;07036933W;0.3
29;7;7;18;20;0;4259341N;07036918W;0.1
29;7;7;18;20;15;4259359N;07036906W;0.2
29;7;7;18;20;31;4259345N;07036915W;0.3
29;7;7;18;20;46;4259346N;07036899W;0.4
29;7;7;18;21;1;4259350N;07036910W;0.7
29;7;7;18;21;16;4259349N;07036911W;0.1
29;7;7;18;21;31;4259323N;07036910W;0.4
29;7;7;18;21;47;4259352N;07036928W;0.3
29;7;7;18;22;2;4259331N;07036905W;0.6
29;7;7;18;22;17;4259348N;07036917W;0.2
29;7;7;18;22;32;4259327N;07036937W;0.0
29;7;7;18;22;47;4259355N;07036920W;0.0
29;7;7;18;23;3;4259356N;07036919W;0.2
29;7;7;18;23;18;4259320N;07036928W;0.6
29;7;7;18;23;33;4259348N;07036922W;0.6
29;7;7;18;23;49;4259338N;07036916W;0.1
29;8;7;18;0;4;4259340N;07036924W;0.4
29;8;7;18;0;19;4259342N;07036919W;0.4
29;8;7;18;0;34;4259342N;07036918W;0.4
29;8;7;18;0;49;4259340N;07036917W;0.3
29;8;7;18;1;5;4259333N;07036914W;0.6
29;8;7;18;2;5;4259352N;07036927W;0.1
29;8;7;18;3;5;4259325N;07036894W;0.4
29;8;7;18;4;6;4258906N;07037083W;0.6
29;8;7;18;5;6;4259342N;07036945W;0.1
29;8;7;18;6;6;4259334N;07036952W;0.1
29;8;7;18;7;7;4259342N;07036958W;0.2
29;8;7;18;8;7;4259327N;07036946W;0.2
29;8;7;18;9;8;4259333N;07036929W;1.7
29;8;7;18;10;8;4259301N;07036938W;0.2
29;8;7;18;11;8;4259353N;07036950W;0.0
29;8;7;18;12;9;4259338N;07036926W;0.1
29;8;7;18;13;10;4259328N;07036915W;0.0
29;8;7;18;14;10;4259302N;07036907W;0.2
29;8;7;18;15;10;4259289N;07036859W;0.4
29;8;7;18;16;11;4259390N;07036789W;0.3
29;8;7;18;17;11;4259303N;07036951W;0.9
29;8;7;18;18;12;4259317N;07036926W;0.2
29;8;7;18;19;12;4259338N;07036937W;0.4
29;8;7;18;20;12;4259385N;07036896W;0.7
29;8;7;18;21;12;4259287N;07036885W;0.2
29;8;7;18;22;13;4259356N;07036940W;0.4
29;8;7;18;23;14;4259335N;07036922W;0.5
29;9;7;18;0;14;4259313N;07036932W;0.2
29;9;7;18;1;15;4259312N;07036907W;0.2
29;9;7;18;2;15;4259329N;07036907W;0.3
29;9;7;18;13;56;4304349N;07040356W;0.7
29;9;7;18;14;57;4259327N;07036926W;1.0
29;9;7;18;15;57;4259337N;07036925W;0.0
29;9;7;18;16;58;4259337N;07036901W;0.2
29;9;7;18;17;59;4259340N;07036946W;0.7
29;9;7;18;18;59;4259337N;07036923W;0.2
29;9;7;18;18;59;4259337N;07036923W;0.2
29;9;7;18;18;59;4259337N;07036923W;0.2
29;9;7;18;20;0;4259332N;07036926W;0.4
29;9;7;18;21;1;4259337N;07036923W;0.2
29;9;7;18;22;1;4259337N;07036921W;0.6
29;9;7;18;23;2;4259352N;07036914W;0.2
29;10;7;18;0;2;4259346N;07036922W;0.3
29;10;7;18;1;3;4259343N;07036915W;0.2
29;10;7;18;2;4;4259343N;07036914W;0.3
29;10;7;18;14;16;4302425N;07041241W;0.4
29;10;7;18;14;31;4302095N;07039848W;16.
29;10;7;18;14;47;4259314N;07037001W;0.5
29;10;7;18;15;2;4259335N;07036926W;0.7
29;10;7;18;16;3;4259302N;07036867W;0.1
29;10;7;18;17;4;4259335N;07036923W;0.9
29;10;7;18;18;5;4259338N;07036921W;0.1
29;10;7;18;19;6;4259327N;07036924W;0.1
29;10;7;18;20;6;4259332N;07036927W;0.0
29;10;7;18;21;7;4259304N;07036790W;0.7
29;10;7;18;22;8;4259334N;07036919W;0.3
29;10;7;18;22;8;4259334N;07036919W;0.3
29;10;7;18;23;9;4259336N;07036924W;0.2
29;11;7;18;15;27;4255397N;07043969W;14.
29;11;7;18;15;42;4257724N;07045524W;17.
29;11;7;18;15;57;4258908N;07045884W;0.3
29;11;7;18;16;12;4300394N;07045364W;27.
29;11;7;18;16;28;4304635N;07045099W;25.
29;11;7;18;16;43;4306453N;07048298W;12.
29;11;7;18;16;58;4309055N;07052582W;26.
29;11;7;18;16;58;4309055N;07052582W;26.
29;11;7;18;17;13;4311702N;07056603W;15.
29;11;7;18;17;28;4315050N;07058030W;20.
29;11;7;18;17;43;4315783N;07057931W;0.2
29;11;7;18;17;59;4315793N;07057939W;0.7
29;11;7;18;17;59;4315793N;07057939W;0.7
29;11;7;18;18;14;4315796N;07057938W;0.9
29;11;7;18;18;14;4315796N;07057938W;0.9
29;11;7;18;18;29;4315941N;07058062W;0.6
29;11;7;18;18;44;4315955N;07058080W;1.9
29;11;7;18;18;59;4315634N;07057872W;0.0
29;11;7;18;18;59;4315634N;07057872W;0.0
29;11;7;18;19;14;4315634N;07057873W;1.5
29;11;7;18;19;30;4314822N;07057728W;17.
29;11;7;18;19;45;4315106N;07058059W;23.
29;11;7;18;20;0;4314874N;07057716W;22.
29;11;7;18;20;15;4315618N;07057894W;0.3
29;11;7;18;20;30;4315410N;07058463W;26.
29;11;7;18;20;45;4314966N;07057880W;25.
29;11;7;18;20;45;4314966N;07057880W;25.
29;11;7;18;21;0;4315041N;07058094W;0.1
29;11;7;18;21;16;4315077N;07058112W;0.2
29;11;7;18;21;16;4315077N;07058112W;0.2
29;11;7;18;21;31;4314772N;07057956W;9.7
29;11;7;18;21;46;4314001N;07056674W;20.
29;11;7;18;22;1;4311752N;07054195W;26.
29;11;7;18;22;16;4308053N;07049296W;23.
29;11;7;18;22;16;4308053N;07049296W;23.
29;11;7;18;22;32;4304577N;07043922W;22.
29;11;7;18;22;47;4300208N;07038303W;25.
29;11;7;18;23;3;4259337N;07036915W;0.3
29;11;7;18;23;18;4259337N;07036926W;0.7
29;11;7;18;23;33;4259339N;07036921W;0.3
29;11;7;18;23;49;4259338N;07036931W;0.2
29;12;7;18;0;4;4259336N;07036930W;0.4
29;12;7;18;0;19;4259338N;07036926W;0.4
29;12;7;18;0;34;4259336N;07036931W;0.6
29;12;7;18;0;49;4259339N;07036925W;0.1
29;12;7;18;1;5;4259349N;07036924W;0.8
29;12;7;18;1;5;4259349N;07036924W;0.8
29;12;7;18;1;20;4259334N;07036924W;0.9
29;12;7;18;1;35;4259338N;07036926W;0.7
29;12;7;18;1;50;4259337N;07036923W;0.4
29;12;7;18;2;6;4259339N;07036924W;0.2
29;12;7;18;2;21;4259333N;07036925W;0.1
29;12;7;18;2;36;4259329N;07036922W;1.6
29;12;7;18;2;52;4259335N;07036918W;0.3
29;12;7;18;3;7;4259330N;07036927W;0.3
29;12;7;18;3;22;4259338N;07036927W;0.7
29;12;7;18;3;38;4259343N;07036923W;0.0
29;12;7;18;3;53;4259343N;07036925W;0.6
29;12;7;18;4;8;4259342N;07036924W;0.0
29;12;7;18;4;23;4259338N;07036917W;0.2
29;12;7;18;4;39;4259350N;07036936W;0.2
29;12;7;18;4;54;4259337N;07036926W;1.0
29;12;7;18;5;9;4259341N;07036929W;0.4
29;12;7;18;5;24;4259340N;07036911W;0.2
29;12;7;18;5;40;4259337N;07036922W;0.3
29;12;7;18;5;55;4259342N;07036923W;0.4
29;12;7;18;6;11;4259337N;07036929W;0.0
29;12;7;18;6;26;4259337N;07036931W;0.0
29;12;7;18;6;41;4259341N;07036922W;0.2
29;12;7;18;6;56;4259338N;07036925W;1.0
29;12;7;18;7;11;4259336N;07036926W;0.3
29;12;7;18;7;27;4259340N;07036924W;4.2
29;12;7;18;7;42;4259338N;07036906W;0.3
29;12;7;18;7;57;4259337N;07036935W;1.6
29;12;7;18;7;57;4259337N;07036935W;1.6
29;12;7;18;8;13;4259336N;07036924W;2.2
29;12;7;18;8;28;4259340N;07036928W;0.5
29;12;7;18;8;43;4259337N;07036918W;0.1
29;12;7;18;8;58;4259345N;07036919W;0.7
29;12;7;18;9;13;4259357N;07036924W;0.5
29;12;7;18;9;29;4259338N;07036910W;0.5
29;12;7;18;9;44;4259353N;07036913W;0.2
29;12;7;18;9;59;4259357N;07036918W;0.4
29;12;7;18;9;59;4259357N;07036918W;0.4
29;12;7;18;10;14;4259347N;07036907W;0.3
29;12;7;18;10;30;4259340N;07036914W;0.3
29;12;7;18;10;46;4259327N;07036925W;8.1
29;12;7;18;11;1;4259325N;07036923W;0.4
29;12;7;18;11;1;4259325N;07036923W;0.4
29;12;7;18;11;17;4259341N;07036919W;0.6
29;12;7;18;11;32;4259334N;07036917W;0.4
29;12;7;18;11;32;4259334N;07036917W;0.4
29;12;7;18;11;47;4259337N;07036919W;0.3
29;12;7;18;12;2;4259321N;07036881W;0.1
29;12;7;18;12;18;4301480N;07038330W;18.
29;12;7;18;12;33;4305141N;07038810W;17.
29;12;7;18;12;48;4305232N;07038979W;0.4
29;12;7;18;13;3;4305021N;07038929W;0.6
29;12;7;18;13;18;4304871N;07039042W;7.5
29;12;7;18;13;33;4304668N;07039117W;0.6
29;12;7;18;13;48;4304751N;07038814W;1.6
29;12;7;18;14;3;4303770N;07041587W;30.
29;12;7;18;14;18;4302471N;07042321W;1.1
29;12;7;18;14;33;4302594N;07042395W;13.
29;12;7;18;14;49;4302564N;07042678W;0.3
29;12;7;18;15;4;4305079N;07045126W;30.
29;12;7;18;15;19;4307208N;07048163W;22.
29;12;7;18;15;34;4310281N;07052290W;19.
29;12;7;18;15;49;4314834N;07057750W;23.
29;12;7;18;16;4;4315642N;07057881W;0.2
29;12;7;18;16;19;4315023N;07057850W;18.
29;12;7;18;16;34;4314809N;07057741W;0.4
29;12;7;18;16;49;4315638N;07057887W;0.4
29;12;7;18;17;4;4315152N;07058019W;19.
29;12;7;18;17;19;4315612N;07057858W;0.5
29;12;7;18;17;34;4315608N;07057845W;0.3
29;12;7;18;17;49;4315607N;07057842W;0.4
29;12;7;18;18;5;4315594N;07057839W;0.1
29;12;7;18;18;20;4315585N;07057826W;0.2
29;12;7;18;18;35;4315594N;07057844W;0.1
29;12;7;18;18;50;4315595N;07057841W;0.2
29;12;7;18;19;5;4315627N;07057853W;0.5
29;12;7;18;19;20;4315635N;07057883W;1.9
29;12;7;18;19;35;4315636N;07057905W;0.1
29;12;7;18;19;50;4315628N;07057915W;4.2
29;12;7;18;20;5;4315637N;07057883W;0.2
29;12;7;18;20;20;4315655N;07057850W;0.3
29;12;7;18;20;35;4314976N;07058046W;0.4
29;12;7;18;20;50;4315045N;07058033W;10.
29;12;7;18;21;5;4315035N;07057998W;0.3
29;12;7;18;21;21;4315619N;07057818W;1.1
29;12;7;18;21;36;4314551N;07056145W;16.
29;12;7;18;21;51;4311038N;07052465W;17.
29;12;7;18;22;6;4307445N;07048685W;21.
29;12;7;18;22;21;4304288N;07043618W;24.
29;12;7;18;22;36;4300390N;07038158W;22.
29;12;7;18;22;51;4259339N;07036918W;0.3
29;12;7;18;23;7;4259291N;07036968W;0.2
29;12;7;18;23;22;4259325N;07036930W;0.2
29;12;7;18;23;37;4259324N;07036930W;0.0
29;12;7;18;23;52;4259327N;07036926W;0.2
29;13;7;18;0;8;4259328N;07036930W;0.3
29;13;7;18;0;23;4259321N;07036930W;0.8
29;13;7;18;0;38;4259326N;07036931W;0.1
29;13;7;18;0;53;4259335N;07036937W;0.1
29;13;7;18;1;8;4259406N;07036926W;0.7
29;13;7;18;1;24;4259328N;07036940W;0.4
29;13;7;18;1;39;4259411N;07036828W;0.5
29;13;7;18;1;54;4259385N;07036872W;0.4
29;13;7;18;2;9;4259360N;07036901W;0.9
29;13;7;18;2;25;4259313N;07036896W;0.1
29;13;7;18;2;40;4259328N;07036915W;0.6
29;13;7;18;2;55;4259331N;07036910W;0.2
29;13;7;18;3;11;4259311N;07036891W;1.1
29;13;7;18;3;26;4259329N;07036903W;0.1
29;13;7;18;3;41;4259348N;07036929W;0.6
29;13;7;18;3;56;4259331N;07036904W;0.3
29;13;7;18;4;11;4259325N;07036901W;0.2
29;13;7;18;4;26;4259296N;07036863W;0.1
29;13;7;18;4;42;4259321N;07036885W;0.3
29;13;7;18;4;57;4259348N;07036918W;0.2
29;13;7;18;5;12;4259331N;07036924W;0.7
29;13;7;18;5;28;4259288N;07036924W;1.0
29;13;7;18;5;43;4259306N;07036912W;0.4
29;13;7;18;5;59;4259356N;07036921W;0.1
29;13;7;18;6;14;4259355N;07036920W;0.2
29;13;7;18;6;29;4259357N;07036921W;0.4
29;13;7;18;6;44;4259354N;07036914W;0.2
29;13;7;18;6;59;4259357N;07036925W;0.3
29;13;7;18;7;14;4259355N;07036927W;0.1
29;13;7;18;7;29;4259333N;07036926W;0.3
29;13;7;18;7;44;4259324N;07036930W;0.1
29;13;7;18;7;44;4259324N;07036930W;0.1
29;13;7;18;7;44;4259324N;07036930W;0.1
29;13;7;18;7;44;4259324N;07036930W;0.1
29;13;7;18;7;44;4259324N;07036930W;0.1
29;13;7;18;7;59;4259338N;07036910W;0.3
29;13;7;18;7;59;4259338N;07036910W;0.3
29;13;7;18;7;59;4259338N;07036910W;0.3
29;13;7;18;7;59;4259338N;07036910W;0.3
29;13;7;18;8;14;4259324N;07036927W;0.7
29;13;7;18;8;29;4259346N;07036923W;0.1
29;13;7;18;8;45;4259325N;07036912W;0.7
29;13;7;18;8;45;4259325N;07036912W;0.7
29;13;7;18;8;45;4259325N;07036912W;0.7
29;13;7;18;8;45;4259325N;07036912W;0.7
29;13;7;18;9;0;4259327N;07036890W;0.4
29;13;7;18;9;16;4259342N;07036905W;0.7
29;13;7;18;9;31;4259342N;07036901W;0.5
29;13;7;18;9;46;4259327N;07036902W;0.4
29;13;7;18;10;2;4259324N;07036920W;0.2
29;13;7;18;10;17;4259370N;07036938W;0.3
29;13;7;18;10;32;4259374N;07036907W;0.3
29;13;7;18;10;47;4259348N;07036919W;0.5
29;13;7;18;11;2;4259350N;07036929W;0.6
29;13;7;18;11;18;4259346N;07036930W;0.9
29;13;7;18;11;33;4259360N;07036960W;0.1
29;13;7;18;11;48;4259343N;07036913W;0.7
29;13;7;18;12;4;4259346N;07037029W;27.
29;13;7;18;12;19;4259021N;07036639W;0.6
29;13;7;18;12;34;4259022N;07036688W;0.9
29;13;7;18;12;49;4259316N;07036913W;0.6
29;13;7;18;13;4;4259300N;07036903W;0.5
29;13;7;18;13;19;4259305N;07036908W;0.2
29;13;7;18;13;34;4259311N;07036913W;0.3
29;13;7;18;13;49;4259303N;07036906W;0.4
29;13;7;18;14;5;4259348N;07036900W;0.3
29;13;7;18;14;20;4259301N;07036930W;0.3
29;13;7;18;14;35;4259335N;07036909W;0.2
29;13;7;18;14;51;4259285N;07036906W;0.8
29;13;7;18;15;6;4259340N;07036893W;1.4
29;13;7;18;15;21;4259339N;07036898W;0.1
29;13;7;18;15;36;4259313N;07036897W;0.3
29;13;7;18;15;51;4259324N;07036923W;0.5
29;13;7;18;16;7;4259332N;07036862W;0.6
29;13;7;18;16;22;4259350N;07036952W;0.2
29;13;7;18;16;38;4259332N;07036926W;0.5
29;13;7;18;16;53;4259424N;07036905W;0.9
29;13;7;18;17;8;4259374N;07036912W;0.3
