25;7;7;18;13;41;4259355N;07036955W;0.1
25;7;7;18;13;56;4259353N;07036955W;0.1
25;7;7;18;14;18;4259359N;07036946W;0.1
25;7;7;18;15;19;4259349N;07036950W;0.3
25;7;7;18;16;2;4258980N;07036563W;12.
25;7;7;18;16;18;4257876N;07031031W;23.
25;7;7;18;16;33;4256121N;07023603W;24.
25;7;7;18;16;48;4258810N;07025593W;24.
25;7;7;18;17;3;4259229N;07030995W;0.6
25;7;7;18;17;18;4259332N;07036975W;0.4
25;7;7;18;17;33;4259272N;07037003W;0.1
25;7;7;18;17;49;4259349N;07036978W;1.4
25;7;7;18;18;4;4259368N;07036956W;0.5
25;7;7;18;18;19;4259331N;07036947W;0.5
25;7;7;18;18;34;4259302N;07036967W;0.2
25;7;7;18;18;50;4259342N;07036948W;1.2
25;7;7;18;19;5;4259301N;07037022W;0.4
25;7;7;18;19;20;4259337N;07036933W;0.1
25;7;7;18;19;35;4259342N;07036930W;0.2
25;7;7;18;19;50;4259345N;07036942W;0.4
25;7;7;18;20;6;4259349N;07036953W;0.0
25;7;7;18;21;6;4259356N;07036961W;0.2
25;7;7;18;22;7;4259348N;07036916W;0.1
25;7;7;18;23;7;4259323N;07036946W;0.1
25;8;7;18;0;8;4259362N;07036953W;0.1
25;8;7;18;1;8;4259365N;07036944W;0.2
25;8;7;18;2;9;4259347N;07036934W;0.4
25;8;7;18;3;9;4259319N;07036942W;0.1
25;8;7;18;4;10;4259363N;07036937W;0.0
25;8;7;18;5;10;4259363N;07036960W;0.4
25;8;7;18;6;11;4259364N;07036961W;0.2
25;8;7;18;7;11;4259374N;07036950W;0.4
25;8;7;18;8;11;4257419N;07019847W;24.
25;8;7;18;9;11;4253947N;07006109W;29.
25;8;7;18;10;12;4239303N;06955706W;20.
25;8;7;18;11;12;4227889N;06959682W;0.6
25;8;7;18;11;38;4228576N;07000532W;16.
25;8;7;18;11;53;4226351N;06957955W;1.1
25;8;7;18;12;36;4224394N;06954905W;24.
25;8;7;18;12;51;4222325N;06950731W;0.5
25;8;7;18;13;6;4222483N;06951637W;0.6
25;8;7;18;13;21;4222291N;06951372W;1.1
25;8;7;18;13;53;4220880N;06949723W;18.
25;8;7;18;14;8;4215939N;06949440W;20.
25;8;7;18;14;23;4215137N;06950196W;2.6
25;8;7;18;14;38;4214441N;06950841W;12.
25;8;7;18;14;53;4214035N;06951339W;0.7
25;8;7;18;15;8;4214025N;06951238W;0.7
25;8;7;18;15;23;4215367N;06949938W;2.3
25;8;7;18;15;38;4216123N;06949288W;3.7
25;8;7;18;15;53;4217447N;06951586W;31.
25;8;7;18;16;8;4221496N;06959030W;28.
25;8;7;18;16;23;4225838N;07006051W;26.
25;8;7;18;16;39;4229994N;07013410W;28.
25;8;7;18;16;54;4235085N;07020004W;31.
25;8;7;18;17;9;4243359N;07023443W;34.
25;8;7;18;17;24;4251614N;07027527W;34.
25;8;7;18;17;39;4257727N;07035100W;33.
25;8;7;18;17;54;4259363N;07036965W;0.0
25;8;7;18;18;10;4259359N;07036945W;0.2
25;8;7;18;18;25;4259251N;07036950W;0.1
25;8;7;18;18;41;4259319N;07036915W;0.4
25;8;7;18;18;56;4259423N;07036942W;1.4
25;8;7;18;19;11;4259368N;07036938W;0.5
25;8;7;18;19;26;4259358N;07036933W;0.3
25;8;7;18;19;42;4259360N;07036918W;0.6
25;8;7;18;19;57;4259484N;07036906W;0.4
25;8;7;18;20;12;4259385N;07036911W;0.4
25;8;7;18;20;27;4259342N;07036953W;0.5
25;8;7;18;20;42;4259361N;07036933W;0.2
25;8;7;18;20;58;4259361N;07036938W;0.5
25;8;7;18;21;13;4259401N;07036965W;0.7
25;8;7;18;21;28;4259370N;07036966W;0.2
25;8;7;18;21;43;4259373N;07036972W;0.5
25;8;7;18;21;58;4259351N;07036956W;0.1
25;8;7;18;22;13;4259313N;07036940W;0.1
25;8;7;18;22;29;4259344N;07036891W;0.5
25;8;7;18;22;44;4259320N;07036949W;0.5
25;8;7;18;22;59;4259352N;07036953W;0.3
25;8;7;18;23;14;4259345N;07036956W;0.4
25;8;7;18;23;29;4259365N;07036915W;0.7
25;8;7;18;23;45;4259373N;07036978W;0.0
25;9;7;18;0;0;4259217N;07036940W;0.2
25;9;7;18;0;15;4259208N;07036960W;0.2
25;9;7;18;0;31;4259367N;07036953W;0.0
25;9;7;18;0;46;4259369N;07036955W;0.5
25;9;7;18;1;1;4259358N;07036956W;0.5
25;9;7;18;1;16;4259355N;07036956W;0.4
25;9;7;18;1;31;4259359N;07036957W;0.4
25;9;7;18;1;47;4259366N;07036949W;0.4
25;9;7;18;2;2;4259358N;07036950W;0.2
25;9;7;18;2;17;4259362N;07036957W;0.1
25;9;7;18;2;32;4259398N;07037034W;2.3
25;9;7;18;2;47;4259337N;07036973W;0.7
25;9;7;18;3;3;4259338N;07036928W;0.3
25;9;7;18;3;18;4259307N;07036876W;0.4
25;9;7;18;3;33;4259348N;07036944W;0.2
25;9;7;18;4;33;4259410N;07036986W;0.1
25;9;7;18;5;34;4259360N;07036938W;0.0
25;9;7;18;6;34;4259363N;07036943W;0.3
25;9;7;18;7;35;4259364N;07036939W;0.4
25;9;7;18;8;35;4255983N;07027288W;21.
25;9;7;18;9;35;4251426N;07008698W;29.
25;9;7;18;10;28;4258043N;07031315W;26.
25;9;7;18;10;43;4259288N;07037011W;0.5
25;9;7;18;10;58;4259311N;07036948W;0.4
25;9;7;18;11;13;4259314N;07036951W;0.2
25;9;7;18;11;28;4259321N;07036937W;0.1
25;9;7;18;11;46;4259312N;07036925W;0.2
25;9;7;18;12;46;4259321N;07036946W;0.7
25;9;7;18;13;47;4259336N;07036940W;0.2
25;9;7;18;14;47;4259330N;07036949W;0.0
25;9;7;18;15;47;4259343N;07036979W;0.2
25;9;7;18;16;48;4258973N;07036793W;22.
25;9;7;18;17;3;4255564N;07035192W;15.
25;9;7;18;17;18;4251557N;07038189W;23.
25;9;7;18;17;33;4250943N;07039680W;3.1
25;9;7;18;17;48;4251532N;07041131W;1.4
25;9;7;18;18;4;4252443N;07045005W;0.6
25;9;7;18;18;19;4253291N;07047943W;24.
25;9;7;18;18;34;4253643N;07048757W;1.7
25;9;7;18;18;49;4253453N;07048115W;0.1
25;9;7;18;19;4;4253480N;07048084W;0.4
25;9;7;18;19;19;4254944N;07045172W;30.
25;9;7;18;19;34;4258844N;07037294W;28.
25;9;7;18;19;49;4259323N;07036907W;0.6
25;9;7;18;20;5;4259379N;07036994W;0.6
25;9;7;18;20;20;4259329N;07036925W;24.
25;9;7;18;20;35;4255155N;07038312W;22.
25;9;7;18;20;50;4250507N;07039873W;13.
25;9;7;18;21;5;4248306N;07036982W;16.
25;9;7;18;21;20;4250118N;07041292W;0.2
25;9;7;18;21;35;4250159N;07041223W;0.8
25;9;7;18;21;50;4250785N;07038087W;0.1
25;9;7;18;22;5;4250895N;07038043W;0.4
25;9;7;18;22;21;4252826N;07037769W;0.2
25;9;7;18;22;36;4252915N;07038004W;0.5
25;9;7;18;22;51;4259433N;07036940W;0.1
25;9;7;18;23;6;4259328N;07036923W;0.2
25;9;7;18;23;21;4259338N;07036931W;0.0
25;9;7;18;23;36;4259319N;07036946W;0.2
25;9;7;18;23;51;4259273N;07036958W;0.1
25;10;7;18;0;7;4259271N;07036938W;0.3
25;10;7;18;0;22;4259264N;07036920W;0.1
25;10;7;18;0;37;4259261N;07036918W;0.1
25;10;7;18;0;52;4259257N;07036907W;1.0
25;10;7;18;1;7;4259251N;07036909W;0.3
25;10;7;18;1;22;4259267N;07036901W;0.4
25;10;7;18;1;37;4259269N;07036907W;0.4
25;10;7;18;1;53;4259307N;07036926W;0.1
25;10;7;18;2;8;4259318N;07036925W;0.1
25;10;7;18;2;23;4259380N;07036871W;0.3
25;10;7;18;2;38;4259336N;07036915W;0.1
25;10;7;18;2;53;4259318N;07036940W;0.5
25;10;7;18;3;8;4259310N;07036950W;0.1
25;10;7;18;3;24;4259316N;07036958W;0.5
25;10;7;18;3;39;4259305N;07036977W;0.1
25;10;7;18;3;54;4259316N;07036980W;0.3
25;10;7;18;4;9;4259306N;07036971W;1.0
25;10;7;18;4;24;4259305N;07036962W;0.3
25;10;7;18;4;40;4259304N;07036961W;0.2
25;10;7;18;4;55;4259328N;07036964W;0.2
25;10;7;18;5;10;4259379N;07036940W;0.0
25;10;7;18;5;25;4259368N;07036933W;0.5
25;10;7;18;6;25;4259356N;07036970W;0.4
25;10;7;18;7;26;4259351N;07036987W;0.4
25;10;7;18;8;26;4259367N;07036957W;8.0
25;10;7;18;9;26;4254953N;07036051W;12.
25;10;7;18;10;27;4254243N;07028949W;2.6
25;10;7;18;11;27;4254071N;07025850W;0.9
25;10;7;18;12;27;4257035N;07020795W;0.3
25;10;7;18;12;27;4257035N;07020795W;0.3
25;10;7;18;13;27;4256807N;07014753W;7.3
25;10;7;18;14;28;4257415N;07012237W;22.
25;10;7;18;14;43;4257049N;07019187W;24.
25;10;7;18;14;58;4256970N;07026866W;26.
25;10;7;18;15;13;4258460N;07035280W;29.
25;10;7;18;15;28;4259295N;07036990W;0.0
25;10;7;18;15;43;4258437N;07036627W;26.
25;10;7;18;15;58;4253120N;07035578W;22.
25;10;7;18;16;13;4248872N;07037515W;0.5
25;10;7;18;16;29;4248886N;07037500W;0.6
25;10;7;18;16;44;4248854N;07039761W;23.
25;10;7;18;16;59;4248514N;07041805W;7.8
25;10;7;18;17;14;4248531N;07044044W;6.5
25;10;7;18;17;29;4248705N;07046174W;5.0
25;10;7;18;17;44;4248010N;07045902W;28.
25;10;7;18;17;59;4247344N;07037704W;29.
25;10;7;18;18;14;4248530N;07031857W;25.
25;10;7;18;18;29;4247678N;07024426W;24.
25;10;7;18;18;44;4247946N;07025123W;16.
25;10;7;18;19;0;4248798N;07028783W;0.7
25;10;7;18;19;15;4249909N;07033119W;29.
25;10;7;18;19;30;4251673N;07037072W;34.
25;10;7;18;19;45;4255628N;07036356W;1.1
25;10;7;18;20;0;4259347N;07036993W;0.6
25;10;7;18;20;16;4259352N;07037016W;0.5
25;10;7;18;20;31;4259364N;07036985W;0.6
25;10;7;18;20;46;4259353N;07036967W;0.7
25;10;7;18;21;1;4259360N;07036958W;1.0
25;10;7;18;21;16;4259333N;07036950W;0.4
25;10;7;18;21;32;4259355N;07036943W;0.2
25;10;7;18;21;47;4259363N;07036950W;0.4
25;10;7;18;22;2;4259356N;07036957W;0.4
25;10;7;18;22;17;4259304N;07036940W;0.5
25;10;7;18;22;32;4259350N;07036922W;0.2
25;10;7;18;22;48;4259347N;07036875W;0.2
25;10;7;18;23;3;4259375N;07036837W;0.1
25;10;7;18;23;3;4259375N;07036837W;0.1
25;10;7;18;23;18;4259322N;07036898W;0.1
25;10;7;18;23;33;4259348N;07036889W;0.2
25;10;7;18;23;48;4259301N;07036782W;0.1
25;11;7;18;0;4;4259366N;07036956W;0.1
25;11;7;18;0;19;4259355N;07036951W;0.3
25;11;7;18;0;34;4259371N;07036682W;0.8
25;11;7;18;0;49;4259361N;07036952W;1.5
25;11;7;18;1;4;4259361N;07036952W;0.3
25;11;7;18;1;20;4259364N;07036944W;0.1
25;11;7;18;1;35;4259358N;07036952W;0.4
25;11;7;18;1;50;4259366N;07036957W;0.5
25;11;7;18;2;5;4259344N;07036932W;0.4
25;11;7;18;2;20;4259354N;07036947W;0.5
25;11;7;18;2;35;4259317N;07036963W;0.3
25;11;7;18;2;50;4259325N;07036937W;0.6
25;11;7;18;3;6;4259340N;07036941W;0.4
25;11;7;18;3;21;4259301N;07036883W;0.3
25;11;7;18;3;36;4259307N;07036881W;0.3
25;11;7;18;3;51;4259338N;07036914W;0.2
25;11;7;18;4;7;4259366N;07036944W;0.0
25;11;7;18;4;22;4259363N;07036941W;2.4
25;11;7;18;4;37;4259364N;07036941W;0.0
25;11;7;18;4;52;4259364N;07036946W;0.2
25;11;7;18;5;8;4259349N;07036959W;1.0
25;11;7;18;5;23;4259366N;07036947W;0.1
25;11;7;18;5;38;4259363N;07036940W;0.6
25;11;7;18;5;53;4259363N;07036943W;0.3
25;11;7;18;6;8;4259370N;07036944W;0.2
25;11;7;18;6;23;4259367N;07036940W;0.4
25;11;7;18;6;38;4259362N;07036934W;0.9
25;11;7;18;6;54;4259368N;07036949W;0.6
25;11;7;18;7;9;4259352N;07036995W;0.2
25;11;7;18;7;24;4259355N;07036978W;3.2
25;11;7;18;7;39;4259354N;07036981W;0.9
25;11;7;18;7;54;4259348N;07036968W;0.4
25;11;7;18;8;12;4258941N;07034880W;0.3
25;11;7;18;9;12;4259347N;07036933W;0.1
25;11;7;18;10;12;4259458N;07037009W;0.3
25;11;7;18;11;13;4259359N;07036919W;0.9
25;11;7;18;12;13;4259372N;07036812W;1.0
25;11;7;18;13;14;4259359N;07036913W;0.3
25;11;7;18;14;14;4251573N;07040078W;35.
25;11;7;18;15;0;4245108N;07034298W;21.
25;11;7;18;15;16;4241112N;07028289W;20.
25;11;7;18;15;31;4238459N;07022729W;18.
25;11;7;18;15;46;4238249N;07016277W;20.
25;11;7;18;16;1;4241144N;07015091W;14.
25;11;7;18;16;16;4241972N;07015086W;3.0
25;11;7;18;16;31;4241067N;07016343W;8.1
25;11;7;18;16;46;4240346N;07018760W;16.
25;11;7;18;17;1;4239673N;07021255W;8.7
25;11;7;18;17;16;4239026N;07023828W;7.9
25;11;7;18;17;31;4238417N;07026430W;8.9
25;11;7;18;17;46;4237946N;07029106W;8.9
25;11;7;18;18;2;4238144N;07032039W;29.
25;11;7;18;18;17;4238324N;07037866W;0.9
25;11;7;18;18;32;4239180N;07039031W;35.
25;11;7;18;18;47;4242477N;07038180W;23.
25;11;7;18;19;2;4247730N;07038743W;22.
25;11;7;18;19;17;4252896N;07037861W;21.
25;11;7;18;19;32;4258530N;07036704W;19.
25;11;7;18;19;48;4259376N;07036937W;0.7
25;11;7;18;20;3;4259366N;07036952W;0.5
25;11;7;18;20;18;4259355N;07036950W;0.2
25;11;7;18;20;33;4259434N;07036927W;0.3
25;11;7;18;20;49;4259354N;07036940W;0.2
25;11;7;18;21;4;4259524N;07036943W;2.1
25;11;7;18;21;19;4259402N;07036931W;0.6
25;11;7;18;21;35;4259364N;07036936W;0.6
25;11;7;18;21;50;4259368N;07036943W;1.2
25;11;7;18;22;5;4259353N;07036942W;0.8
25;11;7;18;22;20;4259353N;07036937W;0.7
25;11;7;18;22;36;4259340N;07036948W;0.3
25;11;7;18;22;51;4259351N;07036942W;0.1
25;11;7;18;23;6;4259332N;07036959W;0.5
25;11;7;18;23;21;4259363N;07036941W;0.5
25;11;7;18;23;37;4259357N;07036934W;0.1
25;11;7;18;23;52;4259349N;07036931W;0.4
25;11;7;18;23;52;4259349N;07036931W;0.4
25;11;7;18;23;52;4259349N;07036931W;0.4
25;11;7;18;23;52;4259349N;07036931W;0.4
25;11;7;18;23;52;4259349N;07036931W;0.4
25;11;7;18;23;52;4259349N;07036931W;0.4
25;11;7;18;23;52;4259349N;07036931W;0.4
25;11;7;18;23;52;4259349N;07036931W;0.4
25;12;7;18;0;8;4259362N;07036937W;0.0
25;12;7;18;0;23;4259362N;07036936W;0.7
25;12;7;18;0;23;4259362N;07036936W;0.7
25;12;7;18;0;23;4259362N;07036936W;0.7
25;12;7;18;0;38;4259361N;07036947W;1.5
25;12;7;18;0;53;4259360N;07036947W;0.2
25;12;7;18;1;8;4259370N;07036947W;0.2
25;12;7;18;1;23;4259377N;07036958W;5.7
25;12;7;18;1;38;4259367N;07036952W;0.7
25;12;7;18;1;53;4259370N;07036958W;0.8
25;12;7;18;2;9;4259367N;07036957W;0.6
25;12;7;18;2;24;4259328N;07036945W;0.1
25;12;7;18;2;39;4259335N;07036916W;0.5
25;12;7;18;2;54;4259350N;07036947W;0.1
25;12;7;18;3;9;4259366N;07036962W;0.7
25;12;7;18;3;24;4259385N;07036986W;0.8
25;12;7;18;3;40;4259369N;07036962W;0.5
25;12;7;18;3;55;4259361N;07036955W;0.5
25;12;7;18;4;10;4259361N;07036953W;0.0
25;12;7;18;4;25;4259362N;07036953W;1.0
25;12;7;18;4;41;4259359N;07036953W;0.5
25;12;7;18;4;56;4259367N;07036952W;0.4
25;12;7;18;5;11;4259367N;07036954W;0.4
25;12;7;18;5;26;4259350N;07036948W;0.4
25;12;7;18;5;41;4259351N;07036948W;0.2
25;12;7;18;5;56;4259359N;07036954W;2.2
25;12;7;18;6;11;4259364N;07036956W;1.0
25;12;7;18;6;26;4259363N;07036953W;0.5
25;12;7;18;6;42;4259361N;07036947W;0.2
25;12;7;18;6;57;4259351N;07036927W;0.3
25;12;7;18;7;12;4259368N;07037005W;0.6
25;12;7;18;7;27;4259308N;07036955W;0.7
25;12;7;18;7;42;4259321N;07036965W;1.3
25;12;7;18;7;57;4259339N;07036990W;0.9
25;12;7;18;8;13;4259376N;07034950W;24.
25;12;7;18;8;28;4258619N;07026971W;26.
25;12;7;18;8;43;4256032N;07019049W;29.
25;12;7;18;8;58;4254418N;07011058W;32.
25;12;7;18;9;13;4250393N;07003138W;38.
25;12;7;18;9;28;4245766N;06956449W;33.
25;12;7;18;9;43;4239523N;06954223W;26.
25;12;7;18;9;58;4233595N;06950317W;3.3
25;12;7;18;10;13;4234362N;06950356W;2.9
25;12;7;18;10;28;4236300N;06951635W;19.
25;12;7;18;10;44;4239777N;06953723W;0.2
25;12;7;18;10;59;4243178N;06956696W;21.
25;12;7;18;11;14;4247175N;06959977W;16.
25;12;7;18;11;29;4251019N;07004271W;23.
25;12;7;18;11;44;4254605N;07009657W;21.
25;12;7;18;11;59;4258257N;07015099W;24.
25;12;7;18;12;14;4301826N;07019725W;27.
25;12;7;18;12;29;4301508N;07028320W;30.
25;12;7;18;12;44;4259340N;07036937W;0.3
25;12;7;18;13;0;4259369N;07036957W;0.1
25;12;7;18;13;15;4259366N;07036939W;0.3
25;12;7;18;13;30;4259303N;07036883W;0.5
25;12;7;18;13;46;4259272N;07036936W;0.2
25;12;7;18;14;1;4259310N;07036910W;0.8
25;12;7;18;14;16;4259307N;07036905W;0.2
25;12;7;18;14;31;4259277N;07036905W;0.3
25;12;7;18;14;46;4259246N;07036912W;0.8
25;12;7;18;15;1;4259337N;07036931W;0.1
25;12;7;18;15;17;4259359N;07036956W;0.5
25;12;7;18;15;32;4259223N;07036766W;1.3
25;12;7;18;15;47;4259345N;07036947W;0.2
25;12;7;18;16;2;4259248N;07036964W;0.8
25;12;7;18;16;18;4259356N;07036826W;0.3
25;12;7;18;16;33;4259347N;07036940W;0.4
25;12;7;18;16;48;4259322N;07036950W;0.5
25;12;7;18;17;3;4259276N;07036989W;0.3
25;12;7;18;17;19;4259268N;07036974W;0.3
25;12;7;18;17;34;4259282N;07037023W;0.4
25;12;7;18;17;49;4259266N;07036992W;0.9
25;12;7;18;18;5;4259354N;07036959W;0.1
25;12;7;18;18;20;4259362N;07036965W;0.6
25;12;7;18;18;35;4259360N;07036971W;0.4
25;12;7;18;18;50;4259369N;07036960W;0.2
25;12;7;18;19;5;4259363N;07036934W;0.2
25;12;7;18;19;20;4259363N;07036951W;0.6
25;12;7;18;19;35;4259359N;07036936W;0.2
25;12;7;18;19;51;4259370N;07036928W;0.3
25;12;7;18;20;6;4259277N;07036897W;0.5
25;12;7;18;20;21;4259343N;07036960W;0.5
25;12;7;18;20;36;4259309N;07036920W;0.4
25;12;7;18;20;51;4259339N;07036960W;0.5
25;12;7;18;21;6;4259278N;07036966W;0.7
25;12;7;18;21;21;4259323N;07036878W;0.2
25;12;7;18;21;37;4259348N;07036949W;0.1
25;12;7;18;21;52;4259356N;07036931W;0.3
25;12;7;18;22;7;4259360N;07036937W;1.1
25;12;7;18;22;22;4259339N;07036935W;0.6
25;12;7;18;22;37;4259321N;07036938W;0.8
25;12;7;18;22;53;4259388N;07036858W;0.4
25;12;7;18;23;8;4259337N;07036916W;0.4
25;12;7;18;23;23;4259320N;07036935W;0.2
25;12;7;18;23;38;4259308N;07036919W;0.3
25;12;7;18;23;53;4259301N;07036937W;0.4
25;13;7;18;0;9;4259323N;07036946W;0.3
25;13;7;18;0;24;4259342N;07036943W;1.0
25;13;7;18;1;24;4259244N;07036971W;0.2
25;13;7;18;2;25;4259363N;07036933W;0.0
25;13;7;18;3;25;4259366N;07036943W;1.1
25;13;7;18;4;25;4259361N;07036948W;0.5
25;13;7;18;5;26;4259359N;07036944W;0.6
25;13;7;18;6;26;4259370N;07036920W;0.4
25;13;7;18;7;26;4259330N;07036972W;0.3
25;13;7;18;8;27;4259939N;07033006W;25.
25;13;7;18;9;27;4300972N;07025651W;22.
25;13;7;18;10;27;4252541N;07005295W;20.
25;13;7;18;11;28;4241418N;06948698W;3.2
25;13;7;18;12;28;4248239N;06957044W;34.
25;13;7;18;12;58;4256572N;07015516W;35.
25;13;7;18;13;13;4258674N;07025759W;30.
25;13;7;18;13;28;4259660N;07035601W;22.
25;13;7;18;13;44;4259370N;07036947W;1.1
25;13;7;18;13;59;4259375N;07036965W;0.3
25;13;7;18;14;14;4259367N;07036944W;0.5
25;13;7;18;14;29;4259342N;07036921W;0.3
25;13;7;18;14;45;4259346N;07036928W;1.6
25;13;7;18;15;0;4259378N;07036959W;0.8
25;13;7;18;15;15;4259366N;07036919W;0.6
25;13;7;18;16;15;4259365N;07036934W;0.2
