28;6;7;18;19;48;4259066N;07036754W;0.4
28;6;7;18;20;3;4259073N;07036742W;0.1
28;6;7;18;20;18;4259321N;07036940W;0.6
28;6;7;18;20;33;4259330N;07036904W;0.0
28;6;7;18;20;48;4259328N;07036938W;0.2
28;6;7;18;20;48;4259328N;07036938W;0.2
28;6;7;18;21;3;4259345N;07036969W;0.1
28;6;7;18;21;19;4259295N;07036885W;0.1
28;6;7;18;21;34;4259341N;07036962W;0.6
28;6;7;18;21;49;4259343N;07036919W;0.1
28;6;7;18;22;4;4259328N;07036879W;0.2
28;6;7;18;22;19;4259333N;07036873W;0.3
28;6;7;18;22;35;4259333N;07036923W;0.4
28;6;7;18;22;50;4259307N;07036931W;0.3
28;6;7;18;23;5;4259284N;07036926W;0.1
28;6;7;18;23;5;4259284N;07036926W;0.1
28;6;7;18;23;20;4259323N;07036932W;0.4
28;6;7;18;23;35;4259338N;07036936W;0.0
28;6;7;18;23;51;4259392N;07036881W;0.4
28;7;7;18;0;6;4259346N;07036923W;0.1
28;7;7;18;0;21;4259340N;07036938W;0.3
28;7;7;18;0;36;4259345N;07036948W;0.4
28;7;7;18;0;51;4259349N;07036957W;0.7
28;7;7;18;1;6;4259355N;07036965W;0.6
28;7;7;18;1;21;4259343N;07036952W;0.3
28;7;7;18;1;37;4259314N;07036912W;0.1
28;7;7;18;1;37;4259314N;07036912W;0.1
28;7;7;18;1;52;4259309N;07036921W;0.3
28;7;7;18;1;52;4259309N;07036921W;0.3
28;7;7;18;1;52;4259309N;07036921W;0.3
28;7;7;18;2;7;4259319N;07036915W;0.2
28;7;7;18;2;22;4259312N;07036912W;0.8
28;7;7;18;2;37;4259287N;07036925W;0.0
28;7;7;18;2;52;4259303N;07036915W;0.4
28;7;7;18;3;7;4259311N;07036915W;0.4
28;7;7;18;3;7;4259311N;07036915W;0.4
28;7;7;18;3;7;4259311N;07036915W;0.4
28;7;7;18;3;7;4259311N;07036915W;0.4
28;7;7;18;3;7;4259311N;07036915W;0.4
28;7;7;18;3;22;4259312N;07036914W;0.6
28;7;7;18;3;37;4259310N;07036911W;0.5
28;7;7;18;3;37;4259310N;07036911W;0.5
28;7;7;18;3;37;4259310N;07036911W;0.5
28;7;7;18;3;37;4259310N;07036911W;0.5
28;7;7;18;3;52;4259312N;07036906W;0.9
28;7;7;18;3;52;4259312N;07036906W;0.9
28;7;7;18;4;7;4259328N;07036924W;0.1
28;7;7;18;4;22;4259324N;07036923W;0.1
28;7;7;18;4;37;4259317N;07036922W;0.8
28;7;7;18;4;52;4259298N;07036917W;0.4
28;7;7;18;5;8;4259299N;07036918W;0.2
28;7;7;18;5;23;4259315N;07036930W;0.2
28;7;7;18;5;38;4259310N;07036929W;0.7
28;7;7;18;5;53;4259300N;07036928W;0.0
28;7;7;18;6;8;4259310N;07036939W;0.3
28;7;7;18;6;23;4259315N;07036939W;0.5
28;7;7;18;6;38;4259318N;07036938W;1.1
28;7;7;18;6;53;4259319N;07036933W;0.6
28;7;7;18;7;8;4259328N;07036946W;0.4
28;7;7;18;7;23;4259335N;07036951W;1.4
28;7;7;18;7;38;4259327N;07036948W;0.7
28;7;7;18;7;53;4259316N;07036933W;0.7
28;7;7;18;8;9;4259319N;07036928W;0.4
28;7;7;18;8;24;4259320N;07036974W;0.3
28;7;7;18;8;39;4259330N;07036913W;0.4
28;7;7;18;8;54;4259296N;07036925W;0.0
28;7;7;18;9;9;4259287N;07036891W;0.5
28;7;7;18;9;24;4259291N;07036885W;0.1
28;7;7;18;9;39;4259297N;07036912W;0.2
28;7;7;18;9;54;4259295N;07036932W;0.5
28;7;7;18;10;9;4259291N;07036911W;0.2
28;7;7;18;10;24;4259293N;07036925W;0.5
28;7;7;18;10;40;4259351N;07036932W;0.2
28;7;7;18;10;55;4259290N;07036912W;0.5
28;7;7;18;11;10;4259300N;07036879W;1.1
28;7;7;18;11;25;4257807N;07037136W;23.
28;7;7;18;11;40;4252097N;07039619W;27.
28;7;7;18;11;55;4248617N;07038265W;0.7
28;7;7;18;12;11;4249468N;07037690W;1.0
28;7;7;18;12;26;4249533N;07037439W;1.6
28;7;7;18;12;41;4249571N;07037375W;2.4
28;7;7;18;12;56;4249192N;07037526W;1.3
28;7;7;18;13;11;4247809N;07037817W;0.4
28;7;7;18;13;26;4247122N;07036212W;0.8
28;7;7;18;13;41;4246353N;07035562W;2.6
28;7;7;18;13;56;4245820N;07035967W;0.3
28;7;7;18;14;11;4245672N;07036523W;0.8
28;7;7;18;14;26;4246165N;07037180W;23.
28;7;7;18;14;41;4246862N;07037405W;7.5
28;7;7;18;14;56;4247481N;07037665W;13.
28;7;7;18;15;12;4249306N;07038032W;0.6
28;7;7;18;15;27;4249019N;07038531W;1.0
28;7;7;18;15;42;4248597N;07038550W;1.5
28;7;7;18;15;57;4248347N;07038548W;0.9
28;7;7;18;16;12;4249306N;07040173W;0.2
28;7;7;18;16;30;4253958N;07038959W;28.
28;7;7;18;16;48;4259321N;07036906W;0.0
28;7;7;18;17;3;4259390N;07036880W;11.
28;7;7;18;17;18;4259334N;07036911W;8.8
28;7;7;18;17;18;4259334N;07036911W;8.8
28;7;7;18;17;33;4259315N;07036926W;3.3
28;7;7;18;17;48;4259322N;07036922W;0.3
28;7;7;18;18;3;4259326N;07036915W;5.3
28;7;7;18;18;18;4259331N;07036917W;0.3
28;7;7;18;18;34;4259320N;07036902W;3.7
28;7;7;18;18;49;4259335N;07036933W;0.8
28;7;7;18;19;4;4259323N;07036924W;0.2
28;7;7;18;19;19;4259313N;07036894W;1.0
28;7;7;18;19;34;4259328N;07036912W;0.2
28;7;7;18;19;34;4259328N;07036912W;0.2
28;7;7;18;19;34;4259328N;07036912W;0.2
28;7;7;18;19;34;4259328N;07036912W;0.2
28;7;7;18;19;49;4259322N;07036906W;0.3
28;7;7;18;20;5;4259320N;07036910W;0.0
28;7;7;18;20;20;4259326N;07036914W;0.9
28;7;7;18;20;35;4259327N;07036913W;0.5
28;7;7;18;20;50;4259312N;07036906W;0.0
28;7;7;18;21;6;4259180N;07036811W;0.2
28;7;7;18;21;21;4259074N;07036661W;0.1
28;7;7;18;21;36;4259279N;07036884W;0.3
28;7;7;18;21;51;4259282N;07036889W;0.8
28;7;7;18;22;7;4259320N;07036917W;0.4
28;7;7;18;22;22;4259324N;07036925W;0.5
28;7;7;18;22;37;4259329N;07036911W;0.6
28;7;7;18;22;52;4259333N;07036907W;0.6
28;7;7;18;23;7;4259336N;07036907W;0.9
28;7;7;18;23;22;4259373N;07036890W;0.3
28;7;7;18;23;38;4259310N;07036881W;0.6
28;7;7;18;23;53;4259241N;07036896W;0.1
28;8;7;18;0;8;4259276N;07036949W;0.4
28;8;7;18;0;23;4259287N;07036944W;0.0
28;8;7;18;0;38;4259295N;07036933W;0.3
28;8;7;18;0;38;4259295N;07036933W;0.3
28;8;7;18;0;53;4259305N;07036932W;0.1
28;8;7;18;1;8;4259290N;07036872W;0.3
28;8;7;18;1;24;4259318N;07036914W;0.2
28;8;7;18;1;39;4259315N;07036912W;0.5
28;8;7;18;1;54;4259313N;07036908W;0.3
28;8;7;18;2;9;4259322N;07036916W;0.2
28;8;7;18;2;24;4259312N;07036891W;0.8
28;8;7;18;2;39;4259368N;07036971W;3.2
28;8;7;18;2;54;4259350N;07036953W;0.2
28;8;7;18;3;9;4259337N;07036935W;0.4
28;8;7;18;3;25;4259379N;07037003W;0.5
28;8;7;18;3;40;4259369N;07036986W;0.2
28;8;7;18;3;55;4259296N;07036884W;0.4
28;8;7;18;4;10;4259387N;07037002W;0.2
28;8;7;18;4;25;4259413N;07037039W;0.5
28;8;7;18;4;40;4259421N;07037054W;0.5
28;8;7;18;4;56;4259003N;07037143W;0.1
28;8;7;18;5;11;4259325N;07036908W;0.2
28;8;7;18;5;26;4259075N;07037249W;1.2
28;8;7;18;5;26;4259075N;07037249W;1.2
28;8;7;18;5;41;4259245N;07037177W;1.2
28;8;7;18;5;41;4259245N;07037177W;1.2
28;8;7;18;5;41;4259245N;07037177W;1.2
28;8;7;18;5;56;4259157N;07036984W;0.0
28;8;7;18;6;11;4259159N;07037141W;0.0
28;8;7;18;6;26;4259272N;07037167W;0.5
28;8;7;18;6;26;4259272N;07037167W;0.5
28;8;7;18;6;41;4259171N;07037086W;0.7
28;8;7;18;6;41;4259171N;07037086W;0.7
28;8;7;18;6;41;4259171N;07037086W;0.7
28;8;7;18;6;56;4259290N;07036940W;0.3
28;8;7;18;7;11;4258920N;07036848W;0.4
28;8;7;18;7;27;4259305N;07036918W;0.4
28;8;7;18;7;27;4259305N;07036918W;0.4
28;8;7;18;7;42;4259296N;07036933W;0.2
28;8;7;18;7;57;4259303N;07036924W;0.1
28;8;7;18;8;13;4259324N;07036912W;0.0
28;8;7;18;8;28;4259326N;07036891W;0.2
28;8;7;18;8;43;4259292N;07036874W;0.0
28;8;7;18;8;43;4259292N;07036874W;0.0
28;8;7;18;8;43;4259292N;07036874W;0.0
28;8;7;18;8;58;4259294N;07036894W;0.9
28;8;7;18;9;13;4259291N;07036881W;0.1
28;8;7;18;9;28;4259052N;07036942W;23.
28;8;7;18;9;43;4253762N;07038053W;25.
28;8;7;18;9;59;4250860N;07038672W;0.6
28;8;7;18;10;14;4250277N;07038497W;0.6
28;8;7;18;10;29;4250100N;07038395W;0.4
28;8;7;18;10;44;4249291N;07038090W;28.
28;8;7;18;10;59;4248584N;07038428W;1.2
28;8;7;18;11;14;4248415N;07038502W;0.5
28;8;7;18;11;29;4247415N;07038283W;1.0
28;8;7;18;11;44;4246910N;07037965W;1.0
28;8;7;18;11;44;4246910N;07037965W;1.0
28;8;7;18;11;44;4246910N;07037965W;1.0
28;8;7;18;11;44;4246910N;07037965W;1.0
28;8;7;18;11;59;4246674N;07037876W;1.1
28;8;7;18;12;14;4247294N;07037885W;0.6
28;8;7;18;12;29;4247560N;07038085W;0.5
28;8;7;18;12;44;4247584N;07034218W;26.
28;8;7;18;12;59;4245675N;07028533W;3.2
28;8;7;18;13;14;4244685N;07025963W;26.
28;8;7;18;13;30;4244557N;07025200W;0.4
28;8;7;18;13;45;4244025N;07022155W;26.
28;8;7;18;14;0;4245681N;07015336W;31.
28;8;7;18;14;15;4245674N;07015434W;0.9
28;8;7;18;14;30;4246414N;07016269W;0.4
28;8;7;18;14;45;4246246N;07018551W;21.
28;8;7;18;15;0;4246254N;07020947W;14.
28;8;7;18;15;21;4244942N;07021983W;3.2
28;8;7;18;15;36;4244876N;07022261W;0.5
28;8;7;18;15;51;4244970N;07022433W;4.7
28;8;7;18;16;6;4245094N;07022567W;5.4
28;8;7;18;16;21;4245107N;07022593W;3.6
28;8;7;18;16;36;4245223N;07022652W;1.2
28;8;7;18;16;51;4245294N;07022706W;1.9
28;8;7;18;17;6;4245540N;07022725W;2.9
28;8;7;18;17;21;4245662N;07021795W;25.
28;8;7;18;17;36;4246136N;07020017W;0.7
28;8;7;18;17;51;4246255N;07020136W;1.1
28;8;7;18;18;6;4247726N;07018578W;1.4
28;8;7;18;18;22;4247940N;07018583W;1.0
28;8;7;18;18;37;4247222N;07015113W;0.9
28;8;7;18;18;52;4246398N;07012622W;15.
28;8;7;18;19;9;4244783N;07007317W;25.
28;8;7;18;19;27;4244305N;07003143W;0.2
28;8;7;18;19;42;4244404N;07003251W;0.2
28;8;7;18;19;57;4244573N;07003391W;0.8
28;8;7;18;20;12;4244739N;07003510W;2.2
28;8;7;18;20;27;4244774N;07002909W;1.5
28;8;7;18;20;42;4244388N;07001879W;24.
28;8;7;18;20;57;4243292N;06958940W;19.
28;8;7;18;21;12;4242204N;06952952W;40.
28;8;7;18;21;12;4242204N;06952952W;40.
28;8;7;18;21;12;4242204N;06952952W;40.
28;8;7;18;21;33;4238782N;06948592W;17.
28;8;7;18;21;48;4237945N;06945832W;5.4
28;8;7;18;22;3;4235765N;06940074W;20.
28;8;7;18;22;18;4233090N;06935062W;16.
28;8;7;18;22;33;4230927N;06938575W;21.
28;8;7;18;22;48;4230834N;06946288W;20.
28;8;7;18;23;3;4227605N;06948746W;18.
28;8;7;18;23;19;4225066N;06948449W;0.7
28;8;7;18;23;34;4225477N;06948146W;0.8
28;8;7;18;23;49;4226047N;06947732W;1.2
28;9;7;18;0;4;4226235N;06947737W;1.3
28;9;7;18;0;19;4226687N;06951160W;0.3
28;9;7;18;0;34;4227098N;06953350W;0.4
28;9;7;18;0;49;4227656N;06957117W;28.
28;9;7;18;1;4;4229495N;07005892W;26.
28;9;7;18;1;4;4229495N;07005892W;26.
28;9;7;18;1;4;4229495N;07005892W;26.
28;9;7;18;1;4;4229495N;07005892W;26.
28;9;7;18;1;19;4231396N;07014179W;26.
28;9;7;18;1;34;4233651N;07022611W;29.
28;9;7;18;1;49;4237878N;07029477W;0.4
28;9;7;18;2;4;4244933N;07032778W;43.
28;9;7;18;2;19;4253937N;07035255W;27.
28;9;7;18;2;35;4259304N;07036890W;1.2
28;9;7;18;2;50;4259330N;07036805W;0.1
28;9;7;18;3;5;4259275N;07036912W;0.2
28;9;7;18;3;20;4259269N;07036918W;0.3
28;9;7;18;3;35;4259320N;07036930W;0.4
28;9;7;18;3;50;4259311N;07036914W;0.3
28;9;7;18;4;6;4259307N;07036915W;0.4
28;9;7;18;4;21;4259303N;07036913W;0.2
28;9;7;18;4;36;4259302N;07036920W;0.2
28;9;7;18;4;52;4259318N;07036915W;0.0
28;9;7;18;5;7;4259318N;07036914W;0.8
28;9;7;18;5;22;4259324N;07036912W;0.2
28;9;7;18;5;37;4259324N;07036923W;0.0
28;9;7;18;5;52;4259321N;07036917W;0.4
28;9;7;18;6;7;4259329N;07036922W;0.1
28;9;7;18;6;22;4259318N;07036924W;0.3
28;9;7;18;6;38;4259314N;07036927W;0.1
28;9;7;18;6;38;4259314N;07036927W;0.1
28;9;7;18;6;53;4259317N;07036926W;1.7
28;9;7;18;7;8;4259316N;07036919W;0.0
28;9;7;18;7;23;4259321N;07036917W;0.2
28;9;7;18;7;23;4259321N;07036917W;0.2
28;9;7;18;7;38;4259320N;07036917W;0.2
28;9;7;18;7;53;4259322N;07036918W;0.6
28;9;7;18;7;53;4259322N;07036918W;0.6
28;9;7;18;8;8;4259322N;07036917W;0.4
28;9;7;18;8;23;4259313N;07036919W;4.5
28;9;7;18;8;23;4259313N;07036919W;4.5
28;9;7;18;8;38;4259315N;07036915W;0.3
28;9;7;18;8;54;4259054N;07036670W;0.9
28;9;7;18;9;9;4259284N;07036887W;0.5
28;9;7;18;9;24;4259319N;07036918W;0.3
28;9;7;18;9;39;4259309N;07036906W;0.3
28;9;7;18;9;55;4259312N;07036901W;0.4
28;9;7;18;10;10;4259314N;07036906W;0.4
28;9;7;18;10;25;4259309N;07036917W;0.3
28;9;7;18;10;40;4259304N;07036917W;0.4
28;9;7;18;10;55;4259307N;07036915W;0.7
28;9;7;18;11;10;4259309N;07036913W;0.2
28;9;7;18;11;25;4259308N;07036912W;0.3
28;9;7;18;11;40;4259285N;07036884W;0.3
28;9;7;18;11;55;4259324N;07036910W;0.4
28;9;7;18;11;55;4259324N;07036910W;0.4
28;9;7;18;12;10;4259319N;07036907W;0.2
28;9;7;18;12;26;4259320N;07036910W;0.3
28;9;7;18;12;41;4259317N;07036909W;0.2
28;9;7;18;12;41;4259317N;07036909W;0.2
28;9;7;18;12;56;4259314N;07036904W;0.3
28;9;7;18;13;11;4259320N;07036917W;0.2
28;9;7;18;13;26;4259312N;07036901W;0.2
28;9;7;18;13;41;4257746N;07030366W;25.
28;9;7;18;13;56;4254396N;07026943W;0.3
28;9;7;18;14;11;4254329N;07024127W;0.4
28;9;7;18;14;26;4254372N;07024086W;28.
28;9;7;18;14;47;4258877N;07033942W;26.
28;9;7;18;15;2;4259084N;07036700W;0.9
28;9;7;18;15;17;4259082N;07036708W;3.1
28;9;7;18;15;32;4259085N;07036712W;1.8
28;9;7;18;15;47;4259080N;07036704W;0.4
28;9;7;18;16;2;4259080N;07036703W;3.5
28;9;7;18;16;18;4259088N;07036699W;3.0
28;9;7;18;16;33;4259097N;07036766W;3.8
28;9;7;18;16;48;4259085N;07036700W;0.1
28;9;7;18;17;3;4259082N;07036695W;0.3
28;9;7;18;17;18;4259300N;07036919W;36.
28;9;7;18;17;33;4259079N;07036699W;0.4
28;9;7;18;17;48;4259075N;07036701W;0.3
28;9;7;18;18;3;4259080N;07036694W;1.2
28;9;7;18;18;18;4259076N;07036694W;2.3
28;9;7;18;18;33;4259081N;07036696W;3.0
28;9;7;18;18;48;4259069N;07036698W;9.0
28;9;7;18;19;3;4259063N;07036708W;0.2
28;9;7;18;19;18;4259277N;07037015W;0.6
28;9;7;18;19;34;4259296N;07036917W;0.6
28;9;7;18;19;49;4259288N;07036936W;0.3
28;9;7;18;20;4;4259317N;07036929W;0.8
28;9;7;18;20;19;4259331N;07036917W;0.8
28;9;7;18;20;34;4259310N;07036922W;0.1
28;9;7;18;20;49;4259339N;07036914W;0.0
28;9;7;18;21;5;4259305N;07036918W;0.4
28;9;7;18;21;20;4259304N;07036918W;0.2
28;9;7;18;21;35;4259317N;07036916W;0.4
28;9;7;18;21;50;4259320N;07036920W;0.4
28;9;7;18;22;5;4259328N;07036924W;1.0
28;9;7;18;22;20;4259314N;07036910W;0.5
28;9;7;18;22;36;4259330N;07036911W;0.3
28;9;7;18;22;51;4259331N;07036912W;0.5
28;9;7;18;23;6;4259332N;07036900W;0.1
28;9;7;18;23;21;4259350N;07036882W;0.4
28;9;7;18;23;36;4259297N;07036918W;1.9
28;9;7;18;23;51;4259289N;07036928W;0.5
28;10;7;18;0;6;4259298N;07036921W;0.2
28;10;7;18;0;21;4259299N;07036917W;0.3
28;10;7;18;0;37;4259300N;07036910W;0.2
28;10;7;18;0;52;4259304N;07036913W;0.4
28;10;7;18;1;7;4259300N;07036907W;1.4
28;10;7;18;1;22;4259321N;07036924W;0.4
28;10;7;18;1;38;4259322N;07036912W;0.1
28;10;7;18;1;53;4259313N;07036917W;11.
28;10;7;18;2;8;4259323N;07036914W;0.7
28;10;7;18;2;23;4259322N;07036913W;0.3
28;10;7;18;2;38;4259322N;07036912W;2.0
28;10;7;18;2;38;4259322N;07036912W;2.0
28;10;7;18;2;38;4259322N;07036912W;2.0
28;10;7;18;2;38;4259322N;07036912W;2.0
28;10;7;18;2;38;4259322N;07036912W;2.0
28;10;7;18;2;38;4259322N;07036912W;2.0
28;10;7;18;2;53;4259314N;07036918W;1.5
28;10;7;18;3;8;4259319N;07036917W;0.6
28;10;7;18;3;23;4259322N;07036918W;0.3
28;10;7;18;3;23;4259322N;07036918W;0.3
28;10;7;18;3;38;4259314N;07036915W;1.1
28;10;7;18;3;53;4259318N;07036911W;0.8
28;10;7;18;4;8;4259317N;07036915W;0.2
28;10;7;18;4;23;4259317N;07036915W;0.1
28;10;7;18;4;38;4259316N;07036909W;0.1
28;10;7;18;4;53;4259288N;07036923W;0.2
28;10;7;18;5;9;4259332N;07036910W;0.3
28;10;7;18;5;24;4259322N;07036918W;0.6
28;10;7;18;5;39;4259334N;07036914W;0.3
28;10;7;18;5;54;4259319N;07036922W;0.7
28;10;7;18;6;9;4259313N;07036923W;1.0
28;10;7;18;6;24;4259316N;07036923W;0.2
28;10;7;18;6;39;4259312N;07036915W;0.1
28;10;7;18;6;54;4259304N;07036920W;0.2
28;10;7;18;7;9;4259304N;07036917W;0.5
28;10;7;18;7;24;4259317N;07036899W;0.6
28;10;7;18;7;39;4259320N;07036895W;0.2
28;10;7;18;7;54;4259321N;07036902W;0.4
28;10;7;18;8;9;4259325N;07036898W;0.6
28;10;7;18;8;25;4259311N;07036917W;0.4
28;10;7;18;8;40;4259318N;07036922W;0.1
28;10;7;18;8;55;4259280N;07036885W;0.9
28;10;7;18;9;11;4259284N;07036885W;0.0
28;10;7;18;9;11;4259284N;07036885W;0.0
28;10;7;18;9;11;4259284N;07036885W;0.0
28;10;7;18;9;11;4259284N;07036885W;0.0
28;10;7;18;9;26;4259284N;07036888W;0.0
28;10;7;18;9;42;4259280N;07036879W;0.1
28;10;7;18;9;57;4259313N;07036911W;0.3
28;10;7;18;10;12;4259278N;07036885W;0.4
28;10;7;18;10;27;4259276N;07036884W;0.2
28;10;7;18;10;42;4258288N;07036774W;25.
28;10;7;18;10;57;4253514N;07036055W;19.
28;10;7;18;11;12;4251006N;07041215W;18.
28;10;7;18;11;27;4251296N;07041644W;9.7
28;10;7;18;11;42;4251337N;07041463W;0.8
28;10;7;18;11;57;4251542N;07041384W;0.5
28;10;7;18;12;12;4257598N;07037314W;30.
28;10;7;18;12;27;4259331N;07036901W;0.2
28;10;7;18;12;43;4258957N;07036679W;0.4
28;10;7;18;12;58;4258972N;07036595W;0.2
28;10;7;18;13;13;4258942N;07036669W;0.1
28;10;7;18;13;28;4258937N;07036678W;0.6
28;10;7;18;13;43;4258944N;07036678W;0.5
28;10;7;18;13;58;4259307N;07036926W;0.3
28;10;7;18;14;13;4259314N;07036920W;0.6
28;10;7;18;14;13;4259314N;07036920W;0.6
28;10;7;18;14;13;4259314N;07036920W;0.6
28;10;7;18;14;28;4259319N;07036916W;0.3
28;10;7;18;14;43;4259322N;07036907W;1.0
28;10;7;18;14;58;4259313N;07036907W;0.3
28;10;7;18;15;14;4259321N;07036913W;0.2
28;10;7;18;15;29;4259323N;07036915W;0.6
28;10;7;18;15;44;4259315N;07036914W;1.1
28;10;7;18;15;59;4259329N;07036926W;0.2
28;10;7;18;16;14;4259323N;07036928W;0.5
28;10;7;18;16;29;4259339N;07036927W;0.3
28;10;7;18;16;45;4259335N;07036932W;0.3
28;10;7;18;17;0;4259334N;07036936W;2.2
28;10;7;18;17;15;4259093N;07036700W;0.2
28;10;7;18;17;30;4259091N;07036699W;0.3
28;10;7;18;17;45;4259081N;07036700W;1.3
28;10;7;18;18;0;4259088N;07036689W;0.6
28;10;7;18;18;15;4259074N;07036682W;0.6
28;10;7;18;18;31;4259282N;07036921W;0.1
28;10;7;18;18;46;4259056N;07036725W;0.3
28;10;7;18;19;1;4259028N;07036753W;0.2
28;10;7;18;19;16;4259069N;07036738W;0.2
28;10;7;18;19;31;4259071N;07036753W;0.0
28;10;7;18;19;46;4259075N;07036729W;0.1
28;10;7;18;20;1;4259032N;07036740W;1.6
28;10;7;18;20;16;4259056N;07036706W;0.1
28;10;7;18;20;31;4259075N;07036719W;0.1
28;10;7;18;20;46;4259074N;07036680W;0.8
28;10;7;18;21;2;4259306N;07036906W;0.8
28;10;7;18;21;17;4259314N;07036904W;0.2
28;10;7;18;21;32;4259213N;07036949W;34.
28;10;7;18;21;47;4259326N;07036909W;0.0
28;10;7;18;22;2;4259334N;07036917W;0.5
28;10;7;18;22;17;4259314N;07036897W;1.1
28;10;7;18;22;33;4259324N;07036907W;0.6
28;10;7;18;22;48;4259298N;07036916W;0.4
28;10;7;18;23;3;4259293N;07036929W;0.2
28;10;7;18;23;18;4259307N;07036915W;0.2
28;10;7;18;23;18;4259307N;07036915W;0.2
28;10;7;18;23;18;4259307N;07036915W;0.2
28;10;7;18;23;18;4259307N;07036915W;0.2
28;10;7;18;23;33;4259310N;07036920W;0.0
28;10;7;18;23;49;4259298N;07036911W;0.1
28;11;7;18;0;4;4259320N;07036912W;0.4
28;11;7;18;0;19;4259318N;07036916W;0.8
28;11;7;18;0;34;4259324N;07036915W;1.3
28;11;7;18;0;49;4259346N;07036925W;3.9
28;11;7;18;1;4;4259314N;07036910W;0.0
28;11;7;18;1;19;4259329N;07036922W;0.6
28;11;7;18;1;34;4259307N;07036981W;0.3
28;11;7;18;1;50;4259332N;07036922W;1.7
28;11;7;18;2;5;4259323N;07036913W;0.2
28;11;7;18;2;20;4259322N;07036905W;0.4
28;11;7;18;2;36;4259325N;07036917W;0.1
28;11;7;18;2;51;4259325N;07036919W;0.2
28;11;7;18;3;6;4259319N;07036917W;0.7
28;11;7;18;3;21;4259326N;07036922W;0.6
28;11;7;18;3;36;4259330N;07036926W;0.4
28;11;7;18;3;51;4259323N;07036913W;0.1
28;11;7;18;4;6;4259321N;07036919W;0.5
28;11;7;18;4;21;4259320N;07036917W;0.0
28;11;7;18;4;37;4259328N;07036926W;0.6
28;11;7;18;4;52;4259329N;07036931W;0.2
28;11;7;18;5;7;4259329N;07036878W;0.4
28;11;7;18;5;22;4259327N;07036945W;0.2
28;11;7;18;5;37;4259327N;07036937W;0.3
28;11;7;18;5;52;4259330N;07036957W;0.1
28;11;7;18;6;7;4259326N;07036959W;0.4
28;11;7;18;6;22;4259323N;07036930W;0.0
28;11;7;18;6;37;4259350N;07036950W;0.3
28;11;7;18;6;52;4259318N;07036916W;0.1
28;11;7;18;7;7;4259319N;07036906W;0.3
28;11;7;18;7;22;4259324N;07036891W;0.3
28;11;7;18;7;38;4259329N;07036935W;0.4
28;11;7;18;7;53;4259334N;07036872W;0.3
28;11;7;18;8;8;4259174N;07036839W;0.4
28;11;7;18;8;23;4259320N;07036912W;1.7
28;11;7;18;8;38;4259291N;07036880W;0.4
28;11;7;18;8;54;4259287N;07036892W;0.2
28;11;7;18;9;9;4259317N;07036896W;0.4
28;11;7;18;9;9;4259317N;07036896W;0.4
28;11;7;18;9;24;4259282N;07036890W;0.3
28;11;7;18;9;24;4259282N;07036890W;0.3
28;11;7;18;9;24;4259282N;07036890W;0.3
28;11;7;18;9;24;4259282N;07036890W;0.3
28;11;7;18;9;39;4259288N;07036883W;0.7
28;11;7;18;9;54;4259290N;07036876W;0.2
28;11;7;18;10;10;4259283N;07036839W;0.2
28;11;7;18;10;10;4259283N;07036839W;0.2
28;11;7;18;10;10;4259283N;07036839W;0.2
28;11;7;18;10;10;4259283N;07036839W;0.2
28;11;7;18;10;25;4259283N;07036831W;0.6
28;11;7;18;10;25;4259283N;07036831W;0.6
28;11;7;18;10;25;4259283N;07036831W;0.6
28;11;7;18;10;25;4259283N;07036831W;0.6
28;11;7;18;10;25;4259283N;07036831W;0.6
28;11;7;18;10;25;4259283N;07036831W;0.6
28;11;7;18;10;40;4259266N;07036938W;0.2
28;11;7;18;10;55;4259287N;07036901W;0.1
28;11;7;18;11;10;4259280N;07036866W;0.6
28;11;7;18;11;10;4259280N;07036866W;0.6
28;11;7;18;11;26;4259289N;07036863W;2.1
28;11;7;18;11;41;4251533N;07041376W;36.
28;11;7;18;11;41;4251533N;07041376W;36.
28;11;7;18;11;56;4250048N;07040374W;0.3
28;11;7;18;11;56;4250048N;07040374W;0.3
28;11;7;18;11;56;4250048N;07040374W;0.3
28;11;7;18;11;56;4250048N;07040374W;0.3
28;11;7;18;11;56;4250048N;07040374W;0.3
28;11;7;18;12;11;4249678N;07044067W;0.2
28;11;7;18;12;26;4249589N;07044310W;1.1
28;11;7;18;12;41;4249717N;07044114W;0.9
28;11;7;18;12;56;4250339N;07043673W;0.3
28;11;7;18;12;56;4250339N;07043673W;0.3
28;11;7;18;12;56;4250339N;07043673W;0.3
28;11;7;18;12;56;4250339N;07043673W;0.3
28;11;7;18;13;11;4252719N;07042601W;17.
28;11;7;18;13;26;4256128N;07039984W;18.
28;11;7;18;13;41;4259300N;07036906W;1.2
28;11;7;18;13;56;4259285N;07036911W;0.4
28;11;7;18;13;56;4259285N;07036911W;0.4
28;11;7;18;13;56;4259285N;07036911W;0.4
28;11;7;18;14;11;4259297N;07036905W;0.5
28;11;7;18;14;11;4259297N;07036905W;0.5
28;11;7;18;14;27;4259293N;07036906W;0.3
28;11;7;18;14;27;4259293N;07036906W;0.3
28;11;7;18;14;27;4259293N;07036906W;0.3
28;11;7;18;14;42;4259300N;07036899W;0.5
28;11;7;18;14;57;4259284N;07036882W;0.3
28;11;7;18;14;57;4259284N;07036882W;0.3
28;11;7;18;14;57;4259284N;07036882W;0.3
28;11;7;18;14;57;4259284N;07036882W;0.3
28;11;7;18;15;12;4259265N;07036888W;0.2
28;11;7;18;15;27;4259275N;07036896W;0.0
28;11;7;18;15;27;4259275N;07036896W;0.0
28;11;7;18;15;27;4259275N;07036896W;0.0
28;11;7;18;15;43;4259280N;07036902W;0.3
28;11;7;18;15;58;4259287N;07036896W;0.2
28;11;7;18;15;58;4259287N;07036896W;0.2
28;11;7;18;15;58;4259287N;07036896W;0.2
28;11;7;18;15;58;4259287N;07036896W;0.2
28;11;7;18;15;58;4259287N;07036896W;0.2
28;11;7;18;16;13;4259298N;07036909W;0.7
28;11;7;18;16;13;4259298N;07036909W;0.7
28;11;7;18;16;28;4259333N;07036922W;0.6
28;11;7;18;16;44;4259313N;07036922W;0.3
28;11;7;18;16;59;4259293N;07036917W;0.1
28;11;7;18;17;14;4259298N;07036916W;0.1
28;11;7;18;17;29;4259267N;07036923W;0.4
28;11;7;18;17;44;4259321N;07036897W;1.0
28;11;7;18;18;0;4259317N;07036916W;0.1
28;11;7;18;18;15;4259099N;07036696W;0.7
28;11;7;18;18;30;4259098N;07036691W;0.9
28;11;7;18;18;45;4259094N;07036691W;0.6
28;11;7;18;19;0;4259096N;07036693W;0.4
28;11;7;18;19;16;4259242N;07036624W;25.
28;11;7;18;19;31;4259286N;07036885W;2.1
28;11;7;18;19;46;4259251N;07036902W;1.4
28;11;7;18;19;46;4259251N;07036902W;1.4
28;11;7;18;19;46;4259251N;07036902W;1.4
28;11;7;18;20;1;4259280N;07036912W;0.2
28;11;7;18;20;16;4259278N;07036901W;0.6
28;11;7;18;20;31;4259281N;07036894W;0.6
28;11;7;18;20;47;4259315N;07036914W;0.6
28;11;7;18;21;2;4259307N;07036892W;0.0
28;11;7;18;21;17;4259319N;07036898W;0.3
28;11;7;18;21;32;4259321N;07036906W;0.3
28;11;7;18;21;47;4259276N;07036941W;0.6
28;11;7;18;22;2;4259297N;07036900W;0.7
28;11;7;18;22;18;4259338N;07036905W;0.2
28;11;7;18;22;33;4259323N;07036917W;1.9
28;11;7;18;22;33;4259323N;07036917W;1.9
28;11;7;18;22;33;4259323N;07036917W;1.9
28;11;7;18;22;33;4259323N;07036917W;1.9
28;11;7;18;22;33;4259323N;07036917W;1.9
28;11;7;18;22;33;4259323N;07036917W;1.9
28;11;7;18;22;33;4259323N;07036917W;1.9
28;11;7;18;22;33;4259323N;07036917W;1.9
28;11;7;18;22;33;4259323N;07036917W;1.9
28;11;7;18;22;48;4259286N;07036940W;26.
28;11;7;18;22;48;4259286N;07036940W;26.
28;11;7;18;22;48;4259286N;07036940W;26.
28;11;7;18;23;3;4259287N;07036905W;0.1
28;11;7;18;23;18;4259254N;07036900W;0.1
28;11;7;18;23;34;4259308N;07036934W;0.3
28;11;7;18;23;49;4259264N;07036914W;0.4
28;12;7;18;0;4;4259312N;07036828W;25.
28;12;7;18;0;19;4259297N;07036901W;0.2
28;12;7;18;0;35;4259303N;07036907W;0.1
28;12;7;18;0;35;4259303N;07036907W;0.1
28;12;7;18;0;35;4259303N;07036907W;0.1
28;12;7;18;0;50;4259286N;07036894W;0.1
28;12;7;18;1;5;4259290N;07036905W;0.3
28;12;7;18;1;5;4259290N;07036905W;0.3
28;12;7;18;1;20;4259264N;07036888W;0.3
28;12;7;18;1;35;4259339N;07036888W;0.2
28;12;7;18;1;51;4259339N;07036916W;0.2
28;12;7;18;2;6;4259334N;07036923W;0.3
28;12;7;18;2;6;4259334N;07036923W;0.3
28;12;7;18;2;6;4259334N;07036923W;0.3
28;12;7;18;2;6;4259334N;07036923W;0.3
28;12;7;18;2;6;4259334N;07036923W;0.3
28;12;7;18;2;6;4259334N;07036923W;0.3
28;12;7;18;2;22;4259325N;07036918W;1.0
28;12;7;18;2;22;4259325N;07036918W;1.0
28;12;7;18;2;22;4259325N;07036918W;1.0
28;12;7;18;2;37;4259326N;07036917W;2.1
28;12;7;18;2;37;4259326N;07036917W;2.1
28;12;7;18;2;37;4259326N;07036917W;2.1
28;12;7;18;2;52;4259309N;07036909W;0.1
28;12;7;18;3;7;4259309N;07036903W;0.2
28;12;7;18;3;7;4259309N;07036903W;0.2
28;12;7;18;3;22;4259313N;07036907W;3.3
28;12;7;18;3;22;4259313N;07036907W;3.3
28;12;7;18;3;22;4259313N;07036907W;3.3
28;12;7;18;3;22;4259313N;07036907W;3.3
28;12;7;18;3;22;4259313N;07036907W;3.3
28;12;7;18;3;22;4259313N;07036907W;3.3
28;12;7;18;3;22;4259313N;07036907W;3.3
28;12;7;18;3;22;4259313N;07036907W;3.3
28;12;7;18;3;38;4259321N;07036915W;0.2
28;12;7;18;3;53;4259333N;07036928W;0.4
28;12;7;18;4;8;4259324N;07036919W;0.3
28;12;7;18;4;23;4259321N;07036915W;0.2
28;12;7;18;4;38;4259321N;07036915W;2.8
28;12;7;18;4;53;4259323N;07036918W;1.4
28;12;7;18;4;53;4259323N;07036918W;1.4
28;12;7;18;4;53;4259323N;07036918W;1.4
28;12;7;18;4;53;4259323N;07036918W;1.4
28;12;7;18;5;8;4259318N;07036918W;0.3
28;12;7;18;5;8;4259318N;07036918W;0.3
28;12;7;18;5;8;4259318N;07036918W;0.3
28;12;7;18;5;8;4259318N;07036918W;0.3
28;12;7;18;5;8;4259318N;07036918W;0.3
28;12;7;18;5;8;4259318N;07036918W;0.3
28;12;7;18;5;8;4259318N;07036918W;0.3
28;12;7;18;5;23;4259323N;07036916W;0.2
28;12;7;18;5;38;4259318N;07036920W;0.3
28;12;7;18;5;38;4259318N;07036920W;0.3
28;12;7;18;5;38;4259318N;07036920W;0.3
28;12;7;18;5;53;4259316N;07036910W;0.0
28;12;7;18;6;8;4259316N;07036911W;0.2
28;12;7;18;6;23;4259325N;07036918W;0.6
28;12;7;18;6;23;4259325N;07036918W;0.6
28;12;7;18;6;23;4259325N;07036918W;0.6
28;12;7;18;6;23;4259325N;07036918W;0.6
28;12;7;18;6;23;4259325N;07036918W;0.6
28;12;7;18;6;23;4259325N;07036918W;0.6
28;12;7;18;6;23;4259325N;07036918W;0.6
28;12;7;18;6;23;4259325N;07036918W;0.6
28;12;7;18;6;38;4259325N;07036922W;0.2
28;12;7;18;6;54;4259340N;07036928W;0.5
28;12;7;18;6;54;4259340N;07036928W;0.5
28;12;7;18;6;54;4259340N;07036928W;0.5
28;12;7;18;7;9;4259337N;07036929W;0.4
28;12;7;18;7;24;4259323N;07036926W;0.4
28;12;7;18;7;24;4259323N;07036926W;0.4
28;12;7;18;7;24;4259323N;07036926W;0.4
28;12;7;18;7;40;4259323N;07036919W;0.1
28;12;7;18;7;40;4259323N;07036919W;0.1
28;12;7;18;7;55;4259322N;07036919W;0.2
28;12;7;18;8;10;4259322N;07036920W;0.1
28;12;7;18;8;25;4259319N;07036918W;0.0
28;12;7;18;8;25;4259319N;07036918W;0.0
28;12;7;18;8;40;4259289N;07036888W;0.1
28;12;7;18;8;40;4259289N;07036888W;0.1
28;12;7;18;8;40;4259289N;07036888W;0.1
28;12;7;18;8;40;4259289N;07036888W;0.1
28;12;7;18;8;55;4259292N;07036887W;0.9
28;12;7;18;9;10;4259287N;07036883W;1.0
28;12;7;18;9;25;4259290N;07036888W;0.5
28;12;7;18;9;25;4259290N;07036888W;0.5
28;12;7;18;9;25;4259290N;07036888W;0.5
28;12;7;18;9;40;4259289N;07036891W;0.6
28;12;7;18;9;55;4259310N;07036905W;0.2
28;12;7;18;10;10;4259319N;07036911W;0.1
28;12;7;18;10;10;4259319N;07036911W;0.1
28;12;7;18;10;10;4259319N;07036911W;0.1
28;12;7;18;10;10;4259319N;07036911W;0.1
28;12;7;18;10;10;4259319N;07036911W;0.1
28;12;7;18;10;10;4259319N;07036911W;0.1
28;12;7;18;10;26;4259278N;07036875W;0.2
28;12;7;18;10;26;4259278N;07036875W;0.2
28;12;7;18;10;26;4259278N;07036875W;0.2
28;12;7;18;10;41;4259287N;07036888W;0.3
28;12;7;18;10;41;4259287N;07036888W;0.3
28;12;7;18;10;41;4259287N;07036888W;0.3
28;12;7;18;10;41;4259287N;07036888W;0.3
28;12;7;18;10;41;4259287N;07036888W;0.3
28;12;7;18;10;41;4259287N;07036888W;0.3
28;12;7;18;10;56;4259320N;07036870W;0.2
28;12;7;18;11;12;4259308N;07036855W;0.4
28;12;7;18;11;12;4259308N;07036855W;0.4
28;12;7;18;11;12;4259308N;07036855W;0.4
28;12;7;18;11;12;4259308N;07036855W;0.4
28;12;7;18;11;12;4259308N;07036855W;0.4
28;12;7;18;11;27;4259320N;07036895W;0.0
28;12;7;18;11;43;4259336N;07036867W;0.2
28;12;7;18;11;58;4259321N;07036878W;0.2
28;12;7;18;11;58;4259321N;07036878W;0.2
28;12;7;18;11;58;4259321N;07036878W;0.2
28;12;7;18;11;58;4259321N;07036878W;0.2
28;12;7;18;12;13;4259322N;07036890W;0.0
28;12;7;18;12;28;4259302N;07036910W;0.4
28;12;7;18;12;43;4259324N;07036913W;1.9
28;12;7;18;12;59;4259305N;07036919W;0.2
28;12;7;18;13;14;4259241N;07036972W;0.2
28;12;7;18;13;29;4259255N;07036886W;0.4
28;12;7;18;13;44;4259271N;07036877W;0.0
28;12;7;18;13;44;4259271N;07036877W;0.0
28;12;7;18;13;44;4259271N;07036877W;0.0
28;12;7;18;13;44;4259271N;07036877W;0.0
28;12;7;18;14;0;4259286N;07036890W;0.3
28;12;7;18;14;0;4259286N;07036890W;0.3
28;12;7;18;14;0;4259286N;07036890W;0.3
28;12;7;18;14;0;4259286N;07036890W;0.3
28;12;7;18;14;0;4259286N;07036890W;0.3
28;12;7;18;14;0;4259286N;07036890W;0.3
28;12;7;18;14;0;4259286N;07036890W;0.3
28;12;7;18;14;15;4259312N;07036926W;0.2
28;12;7;18;14;30;4259322N;07036920W;0.9
28;12;7;18;14;30;4259322N;07036920W;0.9
28;12;7;18;14;46;4259320N;07036915W;1.3
28;12;7;18;15;1;4259290N;07036888W;0.8
28;12;7;18;15;16;4259294N;07036889W;0.5
28;12;7;18;15;31;4257166N;07032070W;16.
28;12;7;18;15;46;4256880N;07030555W;9.5
28;12;7;18;16;1;4258569N;07031762W;30.
28;12;7;18;16;16;4259072N;07036666W;1.5
28;12;7;18;16;31;4259273N;07036876W;0.6
28;12;7;18;16;47;4259279N;07036871W;0.1
28;12;7;18;17;2;4259277N;07036861W;0.3
28;12;7;18;17;17;4259283N;07036878W;0.5
28;12;7;18;17;33;4259290N;07036891W;0.3
28;12;7;18;17;48;4259325N;07036921W;0.2
28;12;7;18;18;3;4259318N;07036934W;0.4
28;12;7;18;18;18;4259110N;07036717W;0.4
28;12;7;18;18;33;4259080N;07036717W;0.2
28;12;7;18;18;48;4259087N;07036720W;0.1
28;12;7;18;19;4;4259097N;07036681W;0.4
28;12;7;18;19;19;4259081N;07036710W;0.2
28;12;7;18;19;34;4259292N;07036845W;0.9
28;12;7;18;19;49;4259314N;07036929W;0.3
28;12;7;18;20;4;4259049N;07036723W;0.3
28;12;7;18;20;19;4259049N;07036740W;0.5
28;12;7;18;20;34;4259055N;07036742W;0.4
28;12;7;18;20;49;4259058N;07036738W;0.2
28;12;7;18;21;4;4259062N;07036733W;0.4
28;12;7;18;21;19;4259066N;07036732W;0.4
28;12;7;18;21;34;4259066N;07036732W;1.9
28;12;7;18;21;50;4259289N;07036891W;1.1
28;12;7;18;22;5;4259323N;07036922W;0.2
28;12;7;18;22;5;4259323N;07036922W;0.2
28;12;7;18;22;5;4259323N;07036922W;0.2
28;12;7;18;22;20;4259072N;07036732W;0.2
28;12;7;18;22;35;4259339N;07036891W;0.3
28;12;7;18;22;50;4259316N;07036918W;0.4
28;12;7;18;23;6;4259301N;07036914W;0.0
28;12;7;18;23;21;4259293N;07036920W;0.4
28;12;7;18;23;36;4259244N;07036926W;0.2
28;12;7;18;23;51;4259264N;07036909W;0.3
28;13;7;18;0;6;4259309N;07036921W;0.1
28;13;7;18;0;22;4259286N;07036904W;0.2
28;13;7;18;0;37;4259326N;07036929W;0.3
28;13;7;18;0;52;4259325N;07036918W;0.2
28;13;7;18;1;7;4259344N;07036944W;0.3
28;13;7;18;1;7;4259344N;07036944W;0.3
28;13;7;18;1;22;4259332N;07036892W;0.2
28;13;7;18;1;37;4259348N;07036883W;0.2
28;13;7;18;1;52;4259330N;07036920W;0.6
28;13;7;18;2;7;4259352N;07036930W;0.4
28;13;7;18;2;23;4259324N;07036916W;0.0
28;13;7;18;2;38;4259324N;07036917W;4.6
28;13;7;18;2;53;4259322N;07036920W;0.7
28;13;7;18;3;8;4259327N;07036918W;0.2
28;13;7;18;3;23;4259326N;07036920W;0.3
28;13;7;18;3;23;4259326N;07036920W;0.3
28;13;7;18;3;38;4259321N;07036919W;0.9
28;13;7;18;3;53;4259345N;07036949W;2.9
28;13;7;18;4;8;4259322N;07036916W;0.6
28;13;7;18;4;23;4259323N;07036915W;1.2
28;13;7;18;4;39;4259323N;07036916W;0.2
28;13;7;18;4;54;4259321N;07036909W;0.8
28;13;7;18;5;9;4259316N;07036928W;1.0
28;13;7;18;5;24;4259325N;07036914W;0.2
28;13;7;18;5;39;4259323N;07036939W;0.4
28;13;7;18;5;54;4259327N;07036938W;0.6
28;13;7;18;6;9;4259324N;07036938W;0.7
28;13;7;18;6;24;4259327N;07036944W;1.0
28;13;7;18;6;39;4259330N;07036927W;0.8
28;13;7;18;6;54;4259332N;07036928W;1.7
28;13;7;18;7;9;4259312N;07036924W;0.0
28;13;7;18;7;24;4259314N;07036930W;0.0
28;13;7;18;7;39;4259316N;07036912W;0.1
28;13;7;18;7;54;4259322N;07036916W;0.4
28;13;7;18;7;54;4259322N;07036916W;0.4
28;13;7;18;8;9;4259313N;07036924W;0.5
28;13;7;18;8;24;4259313N;07036919W;1.7
28;13;7;18;8;40;4259311N;07036916W;0.3
28;13;7;18;8;55;4259291N;07036967W;23.
28;13;7;18;9;10;4259275N;07036877W;0.1
28;13;7;18;9;25;4259295N;07036891W;1.0
28;13;7;18;9;40;4259289N;07036887W;0.3
28;13;7;18;9;55;4259289N;07036891W;0.3
28;13;7;18;10;10;4259298N;07036897W;1.4
28;13;7;18;10;26;4259299N;07036901W;0.1
28;13;7;18;10;41;4259296N;07036888W;0.1
28;13;7;18;10;56;4259295N;07036884W;0.1
28;13;7;18;11;11;4259309N;07036881W;0.1
28;13;7;18;11;27;4259311N;07036901W;0.1
28;13;7;18;11;42;4259308N;07036853W;0.2
28;13;7;18;11;58;4259285N;07036898W;2.3
28;13;7;18;12;13;4259290N;07036891W;0.0
28;13;7;18;12;28;4259329N;07036917W;0.5
28;13;7;18;12;44;4259323N;07036909W;0.1
28;13;7;18;12;59;4259361N;07036809W;0.2
28;13;7;18;13;14;4259331N;07036922W;0.1
28;13;7;18;13;29;4259330N;07036924W;1.5
28;13;7;18;13;44;4259326N;07036928W;0.3
28;13;7;18;13;59;4259294N;07036899W;0.1
28;13;7;18;14;14;4259294N;07036897W;0.6
28;13;7;18;14;30;4259244N;07036856W;0.4
28;13;7;18;14;45;4259283N;07036897W;1.1
28;13;7;18;15;0;4259287N;07036897W;0.4
28;13;7;18;15;15;4259264N;07036889W;0.9
28;13;7;18;15;30;4259302N;07036900W;0.4
28;13;7;18;15;45;4259312N;07036905W;0.1
28;13;7;18;16;1;4259319N;07036916W;0.2
28;13;7;18;16;16;4259332N;07036933W;0.2
28;13;7;18;16;31;4259323N;07036930W;1.0
28;13;7;18;16;46;4259319N;07036926W;0.0
28;13;7;18;17;1;4259286N;07036944W;1.0
