25;29;6;18;23;9;4259349N;07036965W;0.8
25;30;6;18;0;10;4259356N;07036952W;0.3
25;30;6;18;1;11;4259314N;07036926W;0.4
25;30;6;18;2;11;4259306N;07036921W;0.8
25;30;6;18;3;11;4259348N;07036913W;0.6
25;30;6;18;4;12;4259362N;07036956W;1.4
25;30;6;18;5;13;4259349N;07036955W;0.2
25;30;6;18;6;13;4259359N;07036957W;0.4
25;30;6;18;7;13;4259355N;07036950W;0.0
25;30;6;18;8;13;4258166N;07031044W;17.
25;30;6;18;9;14;4246304N;06959298W;31.
25;30;6;18;10;14;4247571N;07015131W;26.
25;30;6;18;11;15;4259357N;07036954W;0.0
25;30;6;18;12;15;4259357N;07036963W;0.5
25;30;6;18;13;16;4259350N;07036949W;0.6
25;30;6;18;14;16;4256478N;07029437W;27.
25;30;6;18;14;55;4249032N;07010213W;24.
25;30;6;18;15;10;4244765N;07004360W;25.
25;30;6;18;15;25;4241074N;06959587W;0.6
25;30;6;18;15;40;4240799N;06959688W;12.
25;30;6;18;15;56;4239603N;06959363W;15.
25;30;6;18;16;11;4238870N;06958984W;10.
25;30;6;18;16;26;4238134N;06958653W;2.6
25;30;6;18;16;41;4237620N;06959232W;23.
25;30;6;18;16;56;4238332N;07001462W;26.
25;30;6;18;17;11;4241179N;07008699W;27.
25;30;6;18;17;26;4246440N;07014591W;28.
25;30;6;18;17;41;4251714N;07020156W;1.3
25;30;6;18;17;56;4257114N;07027116W;29.
25;30;6;18;18;11;4258556N;07034203W;28.
25;30;6;18;18;27;4259361N;07036966W;0.1
25;30;6;18;18;42;4259357N;07036955W;0.4
25;30;6;18;18;57;4259350N;07036958W;0.3
25;30;6;18;19;12;4259337N;07036964W;0.7
25;30;6;18;19;27;4259335N;07036957W;2.5
25;30;6;18;19;43;4259288N;07037077W;0.5
25;30;6;18;19;58;4259324N;07036966W;0.1
25;30;6;18;20;13;4259334N;07036961W;0.2
25;30;6;18;20;28;4259365N;07036956W;0.5
25;30;6;18;20;43;4259343N;07036923W;0.1
25;30;6;18;20;59;4259356N;07036956W;0.2
25;30;6;18;21;14;4259376N;07036933W;0.1
25;30;6;18;21;29;4259367N;07036950W;0.2
25;30;6;18;21;44;4259366N;07036961W;0.1
25;30;6;18;21;59;4259378N;07036963W;0.3
25;30;6;18;22;14;4259360N;07036976W;0.3
25;30;6;18;22;30;4259375N;07037007W;0.2
25;30;6;18;22;45;4259379N;07036987W;1.4
25;30;6;18;23;0;4259380N;07036982W;0.6
25;30;6;18;23;15;4259382N;07036978W;0.1
25;30;6;18;23;31;4259365N;07037013W;0.2
25;30;6;18;23;46;4259366N;07037039W;0.3
25;1;7;18;0;1;4259332N;07036915W;0.3
25;1;7;18;0;16;4259346N;07036958W;0.5
25;1;7;18;0;32;4259305N;07036933W;0.1
25;1;7;18;0;47;4259312N;07036956W;0.3
25;1;7;18;1;2;4259306N;07036943W;0.1
25;1;7;18;1;18;4259318N;07036961W;0.1
25;1;7;18;1;33;4259305N;07036948W;0.2
25;1;7;18;2;33;4259310N;07036961W;0.5
25;1;7;18;3;34;4259354N;07036980W;0.4
25;1;7;18;4;34;4259358N;07036963W;0.3
25;1;7;18;5;35;4259356N;07036952W;0.1
25;1;7;18;6;35;4259341N;07036959W;0.5
25;1;7;18;7;35;4259351N;07036951W;0.9
25;1;7;18;8;36;4259265N;07036762W;21.
25;1;7;18;9;36;4241224N;07001951W;35.
25;1;7;18;10;36;4238214N;06954131W;2.8
25;1;7;18;11;36;4238949N;06953644W;5.6
25;1;7;18;12;36;4237990N;06959293W;23.
25;1;7;18;12;53;4240873N;07007070W;23.
25;1;7;18;13;8;4242987N;07015571W;28.
25;1;7;18;13;24;4245038N;07024311W;23.
25;1;7;18;13;39;4249926N;07031120W;31.
25;1;7;18;13;54;4256750N;07035058W;30.
25;1;7;18;14;9;4259349N;07036944W;0.2
25;1;7;18;14;25;4259383N;07036907W;0.3
25;1;7;18;14;40;4259371N;07036922W;1.1
25;1;7;18;14;55;4259339N;07036936W;0.2
25;1;7;18;15;10;4259351N;07036944W;1.3
25;1;7;18;15;25;4259345N;07036945W;0.3
25;1;7;18;15;41;4259368N;07036992W;2.1
25;1;7;18;15;56;4259336N;07036965W;1.3
25;1;7;18;16;11;4259349N;07036967W;0.8
25;1;7;18;16;26;4259368N;07037006W;0.8
25;1;7;18;16;41;4259377N;07036994W;0.6
25;1;7;18;16;56;4259355N;07036989W;0.4
25;1;7;18;17;12;4259343N;07037000W;0.4
25;1;7;18;17;27;4259256N;07036988W;0.2
25;1;7;18;17;42;4259295N;07037048W;0.4
25;1;7;18;17;57;4259323N;07036996W;0.1
25;1;7;18;18;13;4259328N;07036978W;0.1
25;1;7;18;18;28;4259356N;07036968W;0.1
25;1;7;18;19;28;4259312N;07036900W;0.2
25;1;7;18;20;28;4259387N;07037025W;0.1
25;1;7;18;21;29;4259381N;07036977W;2.8
25;1;7;18;22;29;4259324N;07036995W;0.6
25;1;7;18;23;29;4259260N;07037003W;0.2
25;2;7;18;0;30;4259291N;07036861W;0.3
25;2;7;18;1;30;4259314N;07036953W;0.8
25;2;7;18;2;31;4259439N;07036929W;1.9
25;2;7;18;3;31;4259323N;07036969W;0.5
25;2;7;18;4;31;4259370N;07036915W;1.2
25;2;7;18;5;32;4259285N;07036948W;0.3
25;2;7;18;6;32;4259327N;07036955W;0.0
25;2;7;18;7;32;4259345N;07036972W;0.3
25;2;7;18;8;32;4258751N;07033312W;22.
25;2;7;18;9;33;4254611N;07013478W;23.
25;2;7;18;10;33;4259564N;07034412W;32.
25;2;7;18;11;33;4259346N;07036974W;0.5
25;2;7;18;12;34;4259331N;07036973W;0.5
25;2;7;18;13;34;4259354N;07036960W;0.4
25;2;7;18;14;35;4259323N;07036929W;0.1
25;2;7;18;15;35;4246777N;07027142W;18.
25;2;7;18;16;36;4245696N;07025669W;20.
25;2;7;18;17;36;4232182N;07007122W;19.
25;2;7;18;17;51;4232750N;06959376W;26.
25;2;7;18;18;6;4231878N;06956109W;7.5
25;2;7;18;18;21;4231499N;06956786W;2.1
25;2;7;18;18;36;4231855N;06958141W;3.0
25;2;7;18;18;51;4232414N;06958865W;3.0
25;2;7;18;19;34;4234173N;06959967W;27.
25;2;7;18;19;53;4235148N;07000021W;3.1
25;2;7;18;20;31;4238417N;07003209W;35.
25;2;7;18;20;46;4242751N;07011231W;38.
25;2;7;18;21;1;4248768N;07021387W;37.
25;2;7;18;21;18;4254973N;07032493W;33.
25;2;7;18;22;19;4259365N;07036962W;0.2
25;2;7;18;23;20;4259357N;07036959W;0.0
25;3;7;18;0;20;4259313N;07036943W;1.2
25;3;7;18;1;20;4259356N;07036946W;0.5
25;3;7;18;2;20;4259285N;07036896W;0.1
25;3;7;18;3;21;4259332N;07036944W;0.3
25;3;7;18;4;21;4259234N;07036938W;0.2
25;3;7;18;5;22;4259338N;07036946W;1.1
25;3;7;18;6;22;4259389N;07036951W;0.2
25;3;7;18;7;22;4259339N;07036958W;0.3
25;3;7;18;8;23;4259354N;07033995W;32.
25;3;7;18;9;23;4259471N;07001478W;21.
25;3;7;18;10;24;4244436N;06946137W;19.
25;3;7;18;11;24;4228153N;06950770W;0.5
25;3;7;18;12;24;4228142N;06952123W;1.1
25;3;7;18;13;25;4229411N;06945284W;29.
25;3;7;18;14;25;4234166N;06940038W;0.5
25;3;7;18;15;1;4245196N;06941496W;24.
25;3;7;18;15;16;4248967N;06947991W;23.
25;3;7;18;15;31;4250189N;06952947W;18.
25;3;7;18;15;46;4247235N;06957996W;20.
25;3;7;18;16;2;4245849N;07001441W;20.
25;3;7;18;16;17;4241350N;07000675W;24.
25;3;7;18;16;32;4240008N;07000028W;0.1
25;3;7;18;16;47;4239957N;06956984W;8.3
25;3;7;18;17;2;4240210N;06954204W;8.4
25;3;7;18;17;17;4240437N;06951510W;7.6
25;3;7;18;17;32;4240564N;06950112W;2.5
25;3;7;18;17;47;4240907N;06949247W;3.2
25;3;7;18;18;2;4241448N;06948635W;2.1
25;3;7;18;18;17;4242226N;06948071W;2.2
25;3;7;18;18;32;4242873N;06947653W;2.3
25;3;7;18;18;48;4244270N;06953486W;28.
25;3;7;18;19;3;4244966N;07002674W;26.
25;3;7;18;19;18;4245700N;07012258W;28.
25;3;7;18;19;33;4247402N;07022276W;31.
25;3;7;18;19;48;4251425N;07031684W;38.
25;3;7;18;20;3;4258453N;07036767W;0.0
25;3;7;18;20;19;4259353N;07036954W;0.4
25;3;7;18;20;34;4259383N;07036953W;0.2
25;3;7;18;20;49;4259375N;07036951W;0.2
25;3;7;18;21;5;4259422N;07036940W;0.1
25;3;7;18;21;20;4259357N;07036929W;0.3
25;3;7;18;21;35;4259334N;07036938W;0.8
25;3;7;18;21;50;4259298N;07036924W;0.4
25;3;7;18;22;6;4259330N;07036956W;0.1
25;3;7;18;22;21;4259316N;07036945W;0.1
25;3;7;18;22;36;4259361N;07036939W;0.4
25;3;7;18;22;52;4259353N;07036953W;0.2
25;3;7;18;23;7;4259349N;07036949W;0.1
25;3;7;18;23;22;4259350N;07036960W;0.3
25;4;7;18;0;5;4259299N;07036992W;0.7
25;4;7;18;0;38;4259342N;07036934W;0.6
25;4;7;18;1;39;4259275N;07036892W;0.2
25;4;7;18;2;39;4259421N;07036853W;0.2
25;4;7;18;3;40;4259363N;07036948W;0.0
25;4;7;18;4;40;4259300N;07036878W;0.1
25;4;7;18;5;40;4259337N;07036993W;0.4
25;4;7;18;6;41;4259355N;07036971W;0.4
25;4;7;18;7;41;4259334N;07036953W;0.6
25;4;7;18;8;41;4253018N;07024564W;30.
25;4;7;18;9;42;4259361N;07036957W;0.4
25;4;7;18;10;42;4258407N;07036790W;35.
25;4;7;18;11;42;4243716N;07014867W;22.
25;4;7;18;12;43;4238529N;06958921W;3.9
25;4;7;18;13;43;4241305N;07000009W;2.7
25;4;7;18;14;43;4243805N;06957713W;2.8
25;4;7;18;15;43;4244636N;06954793W;25.
25;4;7;18;16;43;4249523N;07001253W;24.
25;4;7;18;16;43;4249523N;07001253W;24.
25;4;7;18;17;15;4255042N;07013296W;29.
25;4;7;18;17;30;4258721N;07020082W;28.
25;4;7;18;17;30;4258721N;07020082W;28.
25;4;7;18;17;45;4301068N;07025692W;1.4
25;4;7;18;18;0;4300194N;07032527W;4.6
25;4;7;18;18;16;4259353N;07036952W;0.1
25;4;7;18;18;31;4259355N;07036960W;0.1
25;4;7;18;18;46;4259314N;07037059W;0.1
25;4;7;18;19;2;4259363N;07036960W;0.0
25;4;7;18;19;17;4259356N;07036960W;0.4
25;4;7;18;19;32;4259363N;07036945W;0.5
25;4;7;18;19;47;4259356N;07036977W;0.4
25;4;7;18;20;2;4259357N;07036949W;0.4
25;4;7;18;20;18;4259364N;07036943W;0.2
25;4;7;18;20;33;4259347N;07036975W;0.7
25;4;7;18;20;48;4259343N;07036965W;0.1
25;4;7;18;21;3;4259397N;07036965W;0.2
25;4;7;18;21;18;4259322N;07036947W;0.2
25;4;7;18;22;19;4259350N;07036949W;0.2
25;4;7;18;23;19;4259334N;07036960W;0.5
25;5;7;18;0;19;4259310N;07036955W;0.5
25;5;7;18;1;20;4259311N;07036950W;0.0
25;5;7;18;2;20;4259360N;07036985W;0.1
25;5;7;18;3;20;4259339N;07036975W;0.0
25;5;7;18;4;21;4259320N;07036945W;0.1
25;5;7;18;5;21;4259398N;07036993W;0.5
25;5;7;18;6;21;4259319N;07036987W;0.0
25;5;7;18;7;22;4259331N;07036991W;0.6
25;5;7;18;8;22;4300312N;07032000W;27.
25;5;7;18;9;22;4253078N;07000311W;20.
25;5;7;18;10;23;4237159N;06943740W;27.
25;5;7;18;11;23;4224494N;06951576W;0.4
25;5;7;18;12;24;4216317N;06950173W;1.7
25;5;7;18;13;24;4218194N;06952162W;5.0
25;5;7;18;14;24;4219685N;06954044W;9.2
25;5;7;18;15;24;4221336N;07000085W;1.1
25;5;7;18;16;24;4215511N;06950503W;23.
25;5;7;18;17;7;4210269N;06955298W;21.
25;5;7;18;17;22;4209061N;07000715W;20.
25;5;7;18;17;37;4211843N;07007210W;33.
25;5;7;18;17;53;4214590N;07011114W;3.7
25;5;7;18;18;8;4214924N;07012195W;1.7
25;5;7;18;18;23;4214623N;07011168W;4.1
25;5;7;18;18;39;4214872N;07012137W;4.4
25;5;7;18;18;54;4214626N;07011591W;7.0
25;5;7;18;19;9;4214980N;07011920W;1.9
25;5;7;18;19;24;4214844N;07012637W;0.9
25;5;7;18;19;39;4214758N;07011753W;0.8
25;5;7;18;19;54;4218489N;07017211W;18.
25;5;7;18;20;9;4222597N;07023687W;38.
25;5;7;18;20;24;4227950N;07028195W;40.
25;5;7;18;20;39;4233595N;07032322W;41.
25;5;7;18;20;55;4240222N;07037014W;29.
25;5;7;18;21;10;4239938N;07037284W;9.5
25;5;7;18;21;25;4246189N;07037303W;47.
25;5;7;18;21;40;4257497N;07036888W;47.
25;5;7;18;21;55;4259320N;07036934W;1.3
25;5;7;18;22;10;4259313N;07036917W;0.4
25;5;7;18;22;26;4259325N;07036918W;0.1
25;5;7;18;22;41;4259321N;07036954W;0.2
25;5;7;18;22;56;4259316N;07036935W;0.0
25;5;7;18;23;12;4259331N;07036958W;0.0
25;5;7;18;23;27;4259324N;07036973W;0.5
25;5;7;18;23;42;4259330N;07036965W;0.1
25;5;7;18;23;57;4259317N;07036980W;0.3
25;6;7;18;0;13;4259315N;07036960W;0.1
25;6;7;18;0;28;4259311N;07036960W;0.4
25;6;7;18;0;43;4259310N;07036954W;1.0
25;6;7;18;0;58;4259338N;07036972W;0.4
25;6;7;18;1;59;4259358N;07037005W;0.3
25;6;7;18;2;59;4259369N;07036981W;0.0
25;6;7;18;4;0;4259312N;07036939W;1.0
25;6;7;18;5;0;4259371N;07036980W;0.0
25;6;7;18;6;1;4259363N;07037036W;0.1
25;6;7;18;7;1;4259334N;07037038W;0.1
25;6;7;18;8;1;4259343N;07036996W;0.4
25;6;7;18;9;2;4259427N;07036932W;0.3
25;6;7;18;10;2;4259174N;07036637W;0.5
25;6;7;18;11;2;4259385N;07036910W;0.2
25;6;7;18;12;3;4259332N;07036966W;0.6
25;6;7;18;13;3;4259352N;07036964W;25.
25;6;7;18;14;4;4256890N;07027475W;29.
25;6;7;18;15;4;4250634N;07001966W;16.
25;6;7;18;16;4;4251915N;06942482W;25.
25;6;7;18;17;4;4247487N;06937995W;0.5
25;6;7;18;18;5;4249007N;06936389W;0.5
25;6;7;18;19;5;4250718N;06923756W;41.
25;6;7;18;20;5;4254607N;06917876W;0.9
25;6;7;18;21;5;4255955N;06915577W;1.0
25;6;7;18;22;6;4255353N;06915584W;0.2
25;6;7;18;23;6;4255302N;06916431W;18.
25;7;7;18;0;6;4258005N;06931526W;20.
25;7;7;18;1;7;4256928N;06956729W;11.
25;7;7;18;2;7;4254705N;07002579W;1.4
25;7;7;18;3;8;4253324N;07003010W;1.4
25;7;7;18;4;8;4251976N;07003807W;1.6
25;7;7;18;5;8;4250538N;07005002W;2.7
25;7;7;18;6;8;4249378N;07006406W;2.4
25;7;7;18;7;8;4248651N;07007608W;1.2
25;7;7;18;8;9;4248202N;07007830W;30.
25;7;7;18;9;9;4241342N;06959890W;7.7
25;7;7;18;10;9;4238217N;06959931W;3.0
25;7;7;18;11;9;4240997N;07007666W;20.
25;7;7;18;12;9;4254743N;07028049W;21.
25;7;7;18;12;24;4257780N;07033955W;23.
25;7;7;18;12;40;4259334N;07036949W;0.5
25;7;7;18;12;55;4259346N;07036949W;0.2
25;7;7;18;13;10;4259360N;07036948W;0.2
