26;29;6;18;23;11;4259335N;07036955W;0.2
26;29;6;18;23;27;4259309N;07036940W;0.0
26;29;6;18;23;42;4259309N;07036942W;0.0
26;29;6;18;23;57;4259304N;07036938W;0.8
26;29;6;18;23;57;4259304N;07036938W;0.8
26;29;6;18;23;57;4259304N;07036938W;0.8
26;30;6;18;0;13;4259302N;07036946W;1.0
26;30;6;18;0;13;4259302N;07036946W;1.0
26;30;6;18;0;13;4259302N;07036946W;1.0
26;30;6;18;0;13;4259302N;07036946W;1.0
26;30;6;18;0;13;4259302N;07036946W;1.0
26;30;6;18;1;14;4259301N;07036938W;0.1
26;30;6;18;2;14;4259298N;07036928W;0.2
26;30;6;18;3;15;4259306N;07036934W;0.6
26;30;6;18;4;16;4259319N;07036954W;0.4
26;30;6;18;5;16;4259302N;07036938W;0.4
26;30;6;18;6;16;4259315N;07036963W;0.7
26;30;6;18;7;16;4259308N;07036959W;0.3
26;30;6;18;8;16;4259305N;07036947W;0.7
26;30;6;18;9;17;4301228N;07031633W;27.
26;30;6;18;10;17;4302512N;07029897W;23.
26;30;6;18;11;17;4258703N;07028131W;29.
26;30;6;18;12;17;4258492N;07027540W;19.
26;30;6;18;13;18;4258303N;07026419W;18.
26;30;6;18;13;42;4259180N;07035352W;29.
26;30;6;18;14;42;4259291N;07036973W;1.0
26;30;6;18;15;43;4259316N;07036950W;0.6
26;30;6;18;16;44;4259298N;07036926W;1.7
26;30;6;18;17;44;4259111N;07036771W;27.
26;30;6;18;17;59;4258546N;07029228W;23.
26;30;6;18;18;14;4258371N;07026954W;24.
26;30;6;18;18;14;4258371N;07026954W;24.
26;30;6;18;18;29;4257977N;07021735W;24.
26;30;6;18;18;29;4257977N;07021735W;24.
26;30;6;18;18;45;4257346N;07014171W;18.
26;30;6;18;19;0;4256988N;07008056W;36.
26;30;6;18;19;0;4256988N;07008056W;36.
26;30;6;18;19;0;4256988N;07008056W;36.
26;30;6;18;19;15;4302090N;07003805W;0.7
26;30;6;18;19;30;4302073N;07002656W;2.5
26;30;6;18;19;45;4302119N;07002858W;1.7
26;30;6;18;20;1;4306345N;07004416W;13.
26;30;6;18;20;16;4305319N;07003786W;1.4
26;30;6;18;20;31;4305273N;07003563W;0.5
26;30;6;18;20;46;4303928N;07004241W;12.
26;30;6;18;21;1;4306277N;07009210W;29.
26;30;6;18;21;16;4307089N;07016583W;27.
26;30;6;18;21;31;4305992N;07022764W;21.
26;30;6;18;21;46;4303970N;07029822W;20.
26;30;6;18;22;1;4301174N;07035419W;18.
26;30;6;18;22;16;4259304N;07036950W;0.3
26;30;6;18;22;32;4259300N;07036948W;1.1
26;30;6;18;22;47;4259307N;07036944W;0.0
26;30;6;18;23;2;4259304N;07036938W;0.3
26;30;6;18;23;17;4259037N;07036556W;18.
26;30;6;18;23;33;4259573N;07031463W;27.
26;30;6;18;23;48;4300257N;07028659W;0.7
26;1;7;18;0;3;4301694N;07031946W;16.
26;1;7;18;0;18;4301363N;07031769W;0.2
26;1;7;18;0;33;4300642N;07034734W;12.
26;1;7;18;0;48;4259272N;07036927W;0.0
26;1;7;18;1;3;4259274N;07036924W;0.1
26;1;7;18;1;3;4259274N;07036924W;0.1
26;1;7;18;1;3;4259274N;07036924W;0.1
26;1;7;18;1;3;4259274N;07036924W;0.1
26;1;7;18;1;3;4259274N;07036924W;0.1
26;1;7;18;1;3;4259274N;07036924W;0.1
26;1;7;18;1;3;4259274N;07036924W;0.1
26;1;7;18;1;19;4259268N;07036915W;0.2
26;1;7;18;1;34;4259274N;07036917W;0.4
26;1;7;18;1;34;4259274N;07036917W;0.4
26;1;7;18;1;34;4259274N;07036917W;0.4
26;1;7;18;1;49;4259287N;07036941W;0.3
26;1;7;18;2;4;4259303N;07036936W;0.0
26;1;7;18;2;19;4259289N;07036939W;0.6
26;1;7;18;2;34;4259284N;07036934W;0.7
26;1;7;18;2;49;4259332N;07036909W;0.0
26;1;7;18;3;5;4259317N;07036941W;0.3
26;1;7;18;3;5;4259317N;07036941W;0.3
26;1;7;18;3;5;4259317N;07036941W;0.3
26;1;7;18;3;20;4259290N;07036953W;0.2
26;1;7;18;4;21;4259293N;07036949W;0.3
26;1;7;18;5;21;4259308N;07036957W;0.6
26;1;7;18;6;21;4259306N;07036945W;0.3
26;1;7;18;7;21;4259309N;07036940W;0.1
26;1;7;18;8;21;4259185N;07031281W;0.6
26;1;7;18;9;22;4303019N;07005503W;29.
26;1;7;18;10;22;4308838N;07000590W;18.
26;1;7;18;11;22;4311487N;06944915W;28.
26;1;7;18;12;22;4313433N;06943689W;0.2
26;1;7;18;13;23;4313783N;06945207W;0.6
26;1;7;18;14;23;4313038N;06935589W;0.7
26;1;7;18;15;20;4308707N;06934902W;0.3
26;1;7;18;15;35;4310159N;06932322W;24.
26;1;7;18;15;50;4310225N;06932394W;0.5
26;1;7;18;16;5;4309933N;06933431W;26.
26;1;7;18;16;20;4309387N;06934902W;1.0
26;1;7;18;16;35;4308100N;06933981W;1.1
26;1;7;18;16;50;4308747N;06930886W;16.
26;1;7;18;17;5;4310045N;06926183W;0.3
26;1;7;18;17;21;4310890N;06923567W;1.4
26;1;7;18;17;36;4310689N;06924035W;27.
26;1;7;18;17;51;4310718N;06933524W;26.
26;1;7;18;18;6;4312379N;06943272W;30.
26;1;7;18;18;21;4313043N;06954005W;34.
26;1;7;18;18;36;4313586N;07001200W;1.0
26;1;7;18;18;51;4314605N;07009771W;39.
26;1;7;18;19;7;4311502N;07022363W;34.
26;1;7;18;19;22;4306598N;07028085W;33.
26;1;7;18;19;37;4302874N;07033384W;35.
26;1;7;18;19;52;4259290N;07036988W;0.3
26;1;7;18;20;8;4259304N;07036940W;0.2
26;1;7;18;20;23;4259302N;07036940W;0.6
26;1;7;18;20;38;4259275N;07036967W;0.6
26;1;7;18;20;53;4259341N;07036743W;22.
26;1;7;18;21;8;4259296N;07036941W;1.0
26;1;7;18;21;23;4259305N;07036941W;0.7
26;1;7;18;21;38;4259306N;07036914W;1.0
26;1;7;18;21;53;4259278N;07036937W;0.5
26;1;7;18;22;8;4259288N;07036938W;1.0
26;1;7;18;22;23;4259319N;07036952W;0.3
26;1;7;18;22;39;4259278N;07036933W;0.5
26;1;7;18;22;54;4259274N;07036926W;0.4
26;1;7;18;23;9;4259314N;07036948W;0.3
26;1;7;18;23;24;4259287N;07036934W;1.6
26;1;7;18;23;39;4259283N;07036970W;0.1
26;1;7;18;23;55;4259281N;07036941W;0.6
26;2;7;18;0;10;4259271N;07036922W;0.2
26;2;7;18;0;10;4259271N;07036922W;0.2
26;2;7;18;0;25;4259283N;07036949W;0.2
26;2;7;18;0;40;4259268N;07036923W;0.2
26;2;7;18;0;55;4259259N;07036917W;0.2
26;2;7;18;1;10;4259264N;07036928W;0.2
26;2;7;18;1;26;4259246N;07036905W;0.0
26;2;7;18;1;41;4259288N;07036937W;0.2
26;2;7;18;1;56;4259215N;07037075W;0.3
26;2;7;18;2;11;4259319N;07036918W;0.4
26;2;7;18;2;26;4259305N;07036951W;0.3
26;2;7;18;2;41;4259310N;07036959W;1.4
26;2;7;18;2;56;4259338N;07036928W;0.3
26;2;7;18;3;11;4259310N;07036965W;0.1
26;2;7;18;3;27;4259306N;07036978W;0.7
26;2;7;18;3;42;4259296N;07036966W;0.5
26;2;7;18;3;57;4259300N;07036968W;0.0
26;2;7;18;4;12;4259286N;07036960W;0.3
26;2;7;18;4;27;4259276N;07036951W;0.6
26;2;7;18;4;42;4259267N;07036939W;0.4
26;2;7;18;4;57;4259283N;07036951W;0.6
26;2;7;18;5;12;4259301N;07036965W;1.2
26;2;7;18;5;12;4259301N;07036965W;1.2
26;2;7;18;5;27;4259318N;07036963W;0.5
26;2;7;18;5;43;4259326N;07036964W;0.3
26;2;7;18;5;58;4259317N;07036984W;0.1
26;2;7;18;6;13;4259308N;07036934W;0.2
26;2;7;18;6;28;4259304N;07036936W;1.3
26;2;7;18;6;43;4259305N;07036927W;4.2
26;2;7;18;6;58;4259302N;07036924W;1.8
26;2;7;18;7;13;4259306N;07036930W;0.1
26;2;7;18;7;29;4259307N;07036928W;0.2
26;2;7;18;7;44;4259312N;07036942W;0.1
26;2;7;18;7;59;4259312N;07036938W;0.1
26;2;7;18;8;14;4259339N;07035655W;16.
26;2;7;18;8;29;4259264N;07032840W;1.1
26;2;7;18;8;45;4259021N;07026270W;27.
26;2;7;18;8;45;4259021N;07026270W;27.
26;2;7;18;9;0;4258702N;07018887W;20.
26;2;7;18;9;0;4258702N;07018887W;20.
26;2;7;18;9;15;4301926N;07015163W;18.
26;2;7;18;9;15;4301926N;07015163W;18.
26;2;7;18;9;30;4303446N;07009484W;21.
26;2;7;18;9;30;4303446N;07009484W;21.
26;2;7;18;9;45;4305472N;07005444W;21.
26;2;7;18;9;45;4305472N;07005444W;21.
26;2;7;18;10;0;4307054N;07001297W;21.
26;2;7;18;10;15;4306638N;06955172W;25.
26;2;7;18;10;30;4305409N;06954497W;1.1
26;2;7;18;10;45;4303949N;06953949W;1.6
26;2;7;18;10;45;4303949N;06953949W;1.6
26;2;7;18;10;45;4303949N;06953949W;1.6
26;2;7;18;10;45;4303949N;06953949W;1.6
26;2;7;18;11;0;4303307N;06953335W;1.2
26;2;7;18;11;0;4303307N;06953335W;1.2
26;2;7;18;11;0;4303307N;06953335W;1.2
26;2;7;18;11;0;4303307N;06953335W;1.2
26;2;7;18;11;0;4303307N;06953335W;1.2
26;2;7;18;11;0;4303307N;06953335W;1.2
26;2;7;18;11;15;4302816N;06952374W;2.4
26;2;7;18;11;30;4302477N;06951609W;7.9
26;2;7;18;11;46;4302043N;06950976W;2.5
26;2;7;18;12;1;4301906N;06948147W;20.
26;2;7;18;12;16;4302319N;06942059W;19.
26;2;7;18;12;16;4302319N;06942059W;19.
26;2;7;18;12;31;4306020N;06937924W;25.
26;2;7;18;12;31;4306020N;06937924W;25.
26;2;7;18;12;31;4306020N;06937924W;25.
26;2;7;18;12;46;4308576N;06939218W;6.7
26;2;7;18;13;1;4310286N;06938912W;31.
26;2;7;18;13;16;4310692N;06939499W;0.3
26;2;7;18;13;31;4309885N;06937613W;25.
26;2;7;18;13;47;4310709N;06939735W;1.9
26;2;7;18;14;2;4310724N;06939975W;0.9
26;2;7;18;14;17;4310797N;06940152W;0.1
26;2;7;18;14;32;4310824N;06939546W;20.
26;2;7;18;14;47;4311540N;06940400W;1.2
26;2;7;18;15;3;4311425N;06940713W;13.
26;2;7;18;15;18;4311416N;06941132W;0.7
26;2;7;18;15;33;4310849N;06939793W;0.5
26;2;7;18;15;48;4310675N;06945729W;28.
26;2;7;18;16;4;4309754N;06955439W;30.
26;2;7;18;16;4;4309754N;06955439W;30.
26;2;7;18;16;19;4309263N;07003545W;28.
26;2;7;18;16;34;4306623N;07012194W;31.
26;2;7;18;16;49;4304490N;07019434W;28.
26;2;7;18;17;4;4303500N;07026293W;33.
26;2;7;18;17;19;4300164N;07034464W;34.
26;2;7;18;17;35;4259308N;07036949W;0.3
26;2;7;18;17;50;4259309N;07036948W;0.7
26;2;7;18;18;5;4259303N;07036949W;0.3
26;2;7;18;18;20;4259307N;07036958W;0.2
26;2;7;18;18;20;4259307N;07036958W;0.2
26;2;7;18;18;35;4259272N;07036912W;1.9
26;2;7;18;18;50;4301274N;07033773W;25.
26;2;7;18;19;6;4304346N;07028515W;30.
26;2;7;18;19;21;4304581N;07028056W;23.
26;2;7;18;19;21;4304581N;07028056W;23.
26;2;7;18;19;21;4304581N;07028056W;23.
26;2;7;18;19;21;4304581N;07028056W;23.
26;2;7;18;19;21;4304581N;07028056W;23.
26;2;7;18;19;36;4304338N;07026309W;20.
26;2;7;18;19;51;4303676N;07028785W;28.
26;2;7;18;20;6;4300751N;07031812W;26.
26;2;7;18;20;21;4259267N;07036971W;0.4
26;2;7;18;20;21;4259267N;07036971W;0.4
26;2;7;18;20;21;4259267N;07036971W;0.4
26;2;7;18;20;36;4259273N;07036964W;0.4
26;2;7;18;20;36;4259273N;07036964W;0.4
26;2;7;18;20;36;4259273N;07036964W;0.4
26;2;7;18;20;51;4259179N;07037017W;0.4
26;2;7;18;21;7;4259301N;07036953W;0.3
26;2;7;18;21;7;4259301N;07036953W;0.3
26;2;7;18;21;22;4259294N;07036947W;0.5
26;2;7;18;21;37;4259334N;07036960W;0.2
26;2;7;18;21;52;4259311N;07036956W;0.1
26;2;7;18;22;8;4259332N;07036958W;0.0
26;2;7;18;22;23;4259310N;07036942W;0.0
26;2;7;18;22;38;4301630N;07033209W;26.
26;2;7;18;22;38;4301630N;07033209W;26.
26;2;7;18;22;38;4301630N;07033209W;26.
26;2;7;18;22;38;4301630N;07033209W;26.
26;2;7;18;22;54;4301967N;07032920W;1.4
26;2;7;18;22;54;4301967N;07032920W;1.4
26;2;7;18;23;9;4303483N;07030967W;23.
26;2;7;18;23;24;4303976N;07030808W;1.1
26;2;7;18;23;39;4304152N;07030685W;1.0
26;2;7;18;23;54;4304363N;07029593W;20.
26;3;7;18;0;9;4303838N;07029062W;19.
26;3;7;18;0;24;4300721N;07033630W;27.
26;3;7;18;0;39;4259248N;07036975W;0.4
26;3;7;18;0;54;4259247N;07036963W;0.4
26;3;7;18;0;54;4259247N;07036963W;0.4
26;3;7;18;0;54;4259247N;07036963W;0.4
26;3;7;18;0;54;4259247N;07036963W;0.4
26;3;7;18;1;10;4259276N;07036976W;0.5
26;3;7;18;1;25;4259292N;07036924W;0.4
26;3;7;18;1;40;4259310N;07036940W;0.1
26;3;7;18;1;55;4259277N;07036917W;0.1
26;3;7;18;2;11;4259306N;07036936W;0.1
26;3;7;18;2;26;4259306N;07036929W;0.4
26;3;7;18;2;41;4259306N;07036940W;0.9
26;3;7;18;2;56;4259305N;07036940W;0.3
26;3;7;18;2;56;4259305N;07036940W;0.3
26;3;7;18;3;11;4259309N;07036932W;0.9
26;3;7;18;3;26;4259306N;07036936W;1.2
26;3;7;18;3;41;4259304N;07036936W;0.6
26;3;7;18;3;56;4259305N;07036941W;0.5
26;3;7;18;4;11;4259310N;07036939W;0.2
26;3;7;18;4;26;4259307N;07036942W;1.0
26;3;7;18;4;26;4259307N;07036942W;1.0
26;3;7;18;4;26;4259307N;07036942W;1.0
26;3;7;18;4;41;4259304N;07036940W;0.1
26;3;7;18;4;56;4259302N;07036934W;0.6
26;3;7;18;5;11;4259303N;07036937W;0.2
26;3;7;18;5;11;4259303N;07036937W;0.2
26;3;7;18;5;11;4259303N;07036937W;0.2
26;3;7;18;5;26;4259297N;07036941W;1.1
26;3;7;18;5;41;4259305N;07036937W;0.6
26;3;7;18;5;57;4259299N;07036942W;0.5
26;3;7;18;6;12;4259297N;07036940W;0.7
26;3;7;18;6;27;4259298N;07036938W;0.3
26;3;7;18;6;27;4259298N;07036938W;0.3
26;3;7;18;6;42;4259290N;07036917W;0.1
26;3;7;18;6;57;4259290N;07036914W;0.1
26;3;7;18;6;57;4259290N;07036914W;0.1
26;3;7;18;6;57;4259290N;07036914W;0.1
26;3;7;18;6;57;4259290N;07036914W;0.1
26;3;7;18;6;57;4259290N;07036914W;0.1
26;3;7;18;6;57;4259290N;07036914W;0.1
26;3;7;18;6;57;4259290N;07036914W;0.1
26;3;7;18;6;57;4259290N;07036914W;0.1
26;3;7;18;7;12;4259331N;07037016W;0.0
26;3;7;18;7;27;4259307N;07036953W;0.1
26;3;7;18;7;27;4259307N;07036953W;0.1
26;3;7;18;7;42;4259312N;07036964W;0.0
26;3;7;18;7;58;4259306N;07036942W;0.2
26;3;7;18;8;13;4259299N;07036937W;0.6
26;3;7;18;8;29;4259304N;07036937W;0.0
26;3;7;18;8;44;4302527N;07028338W;34.
26;3;7;18;8;59;4307991N;07018732W;33.
26;3;7;18;9;14;4309372N;07009111W;30.
26;3;7;18;9;29;4308625N;07003588W;0.7
26;3;7;18;9;44;4308714N;07003403W;0.7
26;3;7;18;9;59;4308821N;07003555W;31.
26;3;7;18;10;14;4308764N;07001958W;2.7
26;3;7;18;10;30;4308072N;07002949W;0.9
26;3;7;18;10;45;4308726N;07001529W;16.
26;3;7;18;11;0;4308593N;07002603W;1.4
26;3;7;18;11;15;4309451N;07002946W;12.
26;3;7;18;11;30;4308054N;07003130W;22.
26;3;7;18;11;45;4309418N;07000625W;1.0
26;3;7;18;12;0;4308507N;07002752W;24.
26;3;7;18;12;15;4307649N;07008612W;29.
26;3;7;18;12;30;4306413N;07015702W;25.
26;3;7;18;12;45;4305372N;07023336W;23.
26;3;7;18;13;0;4303852N;07030074W;19.
26;3;7;18;13;16;4301438N;07033929W;0.0
26;3;7;18;13;31;4259296N;07036943W;0.3
26;3;7;18;13;46;4259291N;07036937W;0.6
26;3;7;18;13;46;4259291N;07036937W;0.6
26;3;7;18;14;1;4259268N;07036972W;0.0
26;3;7;18;14;16;4259287N;07036928W;0.2
26;3;7;18;14;31;4258422N;07031715W;26.
26;3;7;18;14;46;4256670N;07023269W;23.
26;3;7;18;15;1;4253274N;07017330W;22.
26;3;7;18;15;16;4250814N;07011054W;25.
26;3;7;18;15;32;4254687N;06958903W;40.
26;3;7;18;15;47;4255280N;06946796W;31.
26;3;7;18;16;2;4253374N;06942487W;0.6
26;3;7;18;16;17;4253438N;06942405W;0.6
26;3;7;18;16;33;4253407N;06942295W;0.7
26;3;7;18;16;48;4253423N;06942218W;1.4
26;3;7;18;17;3;4253424N;06942159W;0.5
26;3;7;18;17;18;4253447N;06942103W;0.6
26;3;7;18;17;33;4253495N;06941787W;0.6
26;3;7;18;17;48;4253525N;06941690W;5.2
26;3;7;18;18;3;4253461N;06941626W;16.
26;3;7;18;18;18;4253345N;06941582W;0.3
26;3;7;18;18;33;4251714N;06939772W;0.6
26;3;7;18;18;48;4251671N;06939598W;0.8
26;3;7;18;19;3;4251627N;06939422W;0.9
26;3;7;18;19;18;4251558N;06939286W;1.0
26;3;7;18;19;34;4249550N;06935596W;41.
26;3;7;18;19;49;4256445N;06934358W;34.
26;3;7;18;20;4;4301244N;06937435W;27.
26;3;7;18;20;19;4305357N;06943319W;23.
26;3;7;18;20;34;4306727N;06947493W;0.7
26;3;7;18;20;49;4306119N;06949870W;24.
26;3;7;18;21;4;4306647N;06958478W;25.
26;3;7;18;21;19;4308040N;07004051W;10.
26;3;7;18;21;34;4308105N;07004035W;0.4
26;3;7;18;21;50;4309598N;07005470W;29.
26;3;7;18;22;5;4312270N;07011118W;0.5
26;3;7;18;22;20;4315203N;07015144W;1.0
26;3;7;18;22;35;4317371N;07019598W;20.
26;3;7;18;22;50;4317367N;07019584W;0.6
26;3;7;18;23;6;4317769N;07020711W;1.0
26;3;7;18;23;21;4318916N;07020350W;36.
26;3;7;18;23;37;4317689N;07021265W;0.6
26;3;7;18;23;52;4317848N;07021328W;26.
26;4;7;18;0;7;4317408N;07021510W;1.3
26;4;7;18;0;22;4316812N;07021564W;15.
26;4;7;18;0;37;4315672N;07026592W;23.
26;4;7;18;0;52;4311467N;07031611W;22.
26;4;7;18;1;7;4306309N;07035570W;24.
26;4;7;18;1;22;4300024N;07036979W;28.
26;4;7;18;1;38;4259306N;07036948W;0.5
26;4;7;18;1;53;4259310N;07036943W;0.5
26;4;7;18;1;53;4259310N;07036943W;0.5
26;4;7;18;2;9;4259309N;07036939W;0.0
26;4;7;18;2;24;4259305N;07036937W;0.3
26;4;7;18;2;24;4259305N;07036937W;0.3
26;4;7;18;2;39;4259310N;07036936W;0.9
26;4;7;18;2;54;4259309N;07036936W;0.6
26;4;7;18;2;54;4259309N;07036936W;0.6
26;4;7;18;3;9;4259307N;07036935W;0.7
26;4;7;18;3;9;4259307N;07036935W;0.7
26;4;7;18;3;24;4259304N;07036936W;0.7
26;4;7;18;3;40;4259304N;07036934W;0.2
26;4;7;18;3;55;4259306N;07036939W;1.0
26;4;7;18;4;10;4259306N;07036937W;0.1
26;4;7;18;4;10;4259306N;07036937W;0.1
26;4;7;18;4;10;4259306N;07036937W;0.1
26;4;7;18;4;26;4259300N;07036935W;1.1
26;4;7;18;4;41;4259299N;07036934W;0.3
26;4;7;18;4;57;4259303N;07036935W;0.2
26;4;7;18;5;12;4259304N;07036933W;0.6
26;4;7;18;5;27;4259303N;07036936W;0.6
26;4;7;18;5;42;4259306N;07036938W;0.0
26;4;7;18;5;58;4259304N;07036936W;0.3
26;4;7;18;6;13;4259304N;07036938W;0.1
26;4;7;18;6;28;4259308N;07036939W;0.2
26;4;7;18;6;43;4259307N;07036939W;0.4
26;4;7;18;6;58;4259307N;07036942W;0.4
26;4;7;18;7;13;4259306N;07036944W;1.1
26;4;7;18;7;29;4259308N;07036940W;0.0
26;4;7;18;7;44;4259304N;07036935W;2.9
26;4;7;18;7;59;4259306N;07036939W;3.8
26;4;7;18;8;14;4259303N;07036938W;1.0
26;4;7;18;8;29;4300702N;07033866W;17.
26;4;7;18;8;44;4301561N;07032143W;23.
26;4;7;18;8;59;4302197N;07032043W;21.
26;4;7;18;9;14;4303431N;07028026W;0.6
26;4;7;18;9;29;4304278N;07025005W;19.
26;4;7;18;9;44;4304793N;07023051W;0.4
26;4;7;18;10;0;4304701N;07023124W;0.8
26;4;7;18;10;15;4304638N;07023235W;0.3
26;4;7;18;10;30;4304628N;07023241W;0.1
26;4;7;18;10;45;4303321N;07026205W;34.
26;4;7;18;11;0;4300335N;07034712W;30.
26;4;7;18;11;16;4259311N;07036950W;0.0
26;4;7;18;11;31;4259299N;07036956W;0.5
26;4;7;18;11;46;4257890N;07031088W;25.
26;4;7;18;12;1;4257096N;07027556W;26.
26;4;7;18;12;16;4257672N;07027398W;19.
26;4;7;18;12;31;4258225N;07026941W;2.7
26;4;7;18;12;46;4258257N;07026821W;0.8
26;4;7;18;13;1;4258283N;07026726W;0.4
26;4;7;18;13;17;4258549N;07026950W;1.1
26;4;7;18;13;32;4258527N;07032598W;29.
26;4;7;18;13;47;4259314N;07036955W;0.0
26;4;7;18;14;2;4259313N;07036958W;1.4
26;4;7;18;14;18;4259317N;07036961W;0.8
26;4;7;18;14;33;4259309N;07036953W;0.0
26;4;7;18;14;49;4259305N;07036960W;0.2
26;4;7;18;15;4;4259306N;07036960W;1.0
26;4;7;18;15;19;4259314N;07036958W;0.3
26;4;7;18;15;34;4259305N;07036931W;0.5
26;4;7;18;15;49;4259304N;07036934W;0.1
26;4;7;18;16;4;4259343N;07036936W;22.
26;4;7;18;16;19;4258970N;07030339W;23.
26;4;7;18;16;19;4258970N;07030339W;23.
26;4;7;18;16;19;4258970N;07030339W;23.
26;4;7;18;16;19;4258970N;07030339W;23.
26;4;7;18;16;19;4258970N;07030339W;23.
26;4;7;18;16;19;4258970N;07030339W;23.
26;4;7;18;16;34;4259908N;07026165W;1.2
26;4;7;18;16;49;4259722N;07026359W;1.3
26;4;7;18;16;49;4259722N;07026359W;1.3
26;4;7;18;17;4;4259497N;07026569W;1.0
26;4;7;18;17;20;4259766N;07025894W;13.
26;4;7;18;17;35;4300752N;07024533W;1.4
26;4;7;18;17;50;4301086N;07025887W;24.
26;4;7;18;18;5;4300795N;07030688W;24.
26;4;7;18;18;21;4259316N;07036948W;0.1
26;4;7;18;18;36;4259311N;07036949W;0.7
26;4;7;18;18;51;4259313N;07036954W;0.9
26;4;7;18;18;51;4259313N;07036954W;0.9
26;4;7;18;19;6;4259503N;07036665W;28.
26;4;7;18;19;21;4302871N;07031208W;0.8
26;4;7;18;19;36;4302897N;07031016W;0.9
26;4;7;18;19;36;4302897N;07031016W;0.9
26;4;7;18;19;36;4302897N;07031016W;0.9
26;4;7;18;19;36;4302897N;07031016W;0.9
26;4;7;18;19;36;4302897N;07031016W;0.9
26;4;7;18;19;36;4302897N;07031016W;0.9
26;4;7;18;19;36;4302897N;07031016W;0.9
26;4;7;18;19;51;4302611N;07027977W;29.
26;4;7;18;20;6;4303319N;07026553W;21.
26;4;7;18;20;22;4302961N;07026723W;22.
26;4;7;18;20;37;4303826N;07025933W;0.6
26;4;7;18;20;52;4303293N;07030161W;15.
26;4;7;18;21;7;4302904N;07029501W;1.1
26;4;7;18;21;22;4302608N;07029709W;0.7
26;4;7;18;21;37;4302483N;07029480W;1.1
26;4;7;18;21;37;4302483N;07029480W;1.1
26;4;7;18;21;37;4302483N;07029480W;1.1
26;4;7;18;21;37;4302483N;07029480W;1.1
26;4;7;18;21;53;4302488N;07029071W;1.1
26;4;7;18;21;53;4302488N;07029071W;1.1
26;4;7;18;22;8;4302386N;07028876W;0.7
26;4;7;18;22;8;4302386N;07028876W;0.7
26;4;7;18;22;23;4302814N;07028877W;1.5
26;4;7;18;22;38;4302971N;07029347W;14.
26;4;7;18;22;53;4302822N;07028898W;30.
26;4;7;18;23;8;4303501N;07028972W;0.2
26;4;7;18;23;23;4303344N;07028897W;1.1
26;4;7;18;23;38;4304165N;07028641W;0.1
26;4;7;18;23;38;4304165N;07028641W;0.1
26;4;7;18;23;38;4304165N;07028641W;0.1
26;4;7;18;23;54;4304068N;07028558W;0.3
26;5;7;18;0;9;4304139N;07029597W;1.4
26;5;7;18;0;24;4303543N;07031992W;21.
26;5;7;18;0;39;4300035N;07036398W;24.
26;5;7;18;0;55;4259290N;07036943W;0.6
26;5;7;18;1;10;4259281N;07036935W;0.4
26;5;7;18;1;25;4259282N;07036931W;0.4
26;5;7;18;1;40;4259299N;07036944W;0.3
26;5;7;18;1;55;4259373N;07036991W;0.4
26;5;7;18;2;10;4259302N;07036943W;0.2
26;5;7;18;2;25;4259327N;07036964W;0.7
26;5;7;18;2;40;4259317N;07036943W;0.6
26;5;7;18;2;56;4259305N;07036937W;0.1
26;5;7;18;3;11;4259307N;07036939W;0.7
26;5;7;18;3;26;4259309N;07036939W;0.6
26;5;7;18;3;41;4259303N;07036987W;0.2
26;5;7;18;3;56;4259303N;07036988W;0.5
26;5;7;18;4;11;4259301N;07036990W;0.3
26;5;7;18;4;26;4259308N;07036986W;1.1
26;5;7;18;4;42;4259304N;07036983W;0.2
26;5;7;18;4;57;4259290N;07036970W;0.7
26;5;7;18;5;12;4259302N;07036929W;0.8
26;5;7;18;5;27;4259303N;07036946W;0.3
26;5;7;18;5;42;4259303N;07036942W;0.4
26;5;7;18;5;57;4259301N;07036931W;0.5
26;5;7;18;6;12;4259307N;07036954W;0.5
26;5;7;18;6;27;4259302N;07036936W;0.7
26;5;7;18;6;42;4259310N;07036948W;0.2
26;5;7;18;6;58;4259313N;07036942W;0.2
26;5;7;18;7;13;4259314N;07036947W;0.9
26;5;7;18;7;28;4259312N;07036939W;0.4
26;5;7;18;7;44;4259305N;07036941W;0.1
26;5;7;18;7;59;4259302N;07036943W;0.2
26;5;7;18;8;14;4300065N;07035881W;31.
26;5;7;18;8;29;4300992N;07031980W;0.4
26;5;7;18;8;44;4300960N;07031878W;0.1
26;5;7;18;8;59;4302486N;07029820W;18.
26;5;7;18;9;14;4302978N;07027906W;1.5
26;5;7;18;9;29;4302797N;07027716W;1.8
26;5;7;18;9;44;4302537N;07027755W;2.5
26;5;7;18;9;59;4302477N;07028617W;22.
26;5;7;18;10;14;4302368N;07029090W;23.
26;5;7;18;10;29;4302437N;07029985W;0.1
26;5;7;18;10;44;4301177N;07029064W;27.
26;5;7;18;10;59;4301772N;07028351W;26.
26;5;7;18;11;14;4302283N;07025895W;32.
26;5;7;18;11;29;4301491N;07016192W;29.
26;5;7;18;11;45;4301704N;07005898W;31.
26;5;7;18;12;0;4303071N;07003637W;0.3
26;5;7;18;12;15;4302981N;07002576W;32.
26;5;7;18;12;30;4302976N;06951743W;22.
26;5;7;18;12;45;4303564N;06940672W;34.
26;5;7;18;13;0;4308801N;06935362W;19.
26;5;7;18;13;16;4312054N;06933511W;0.4
26;5;7;18;13;31;4312071N;06933546W;0.2
26;5;7;18;13;46;4312077N;06933575W;0.2
26;5;7;18;14;1;4312576N;06933517W;35.
26;5;7;18;14;16;4315084N;06933786W;0.3
26;5;7;18;14;31;4314422N;06935379W;10.
26;5;7;18;14;47;4314465N;06936597W;0.0
26;5;7;18;15;2;4313568N;06940741W;20.
26;5;7;18;15;17;4312306N;06941438W;1.3
26;5;7;18;15;32;4312362N;06940983W;0.9
26;5;7;18;15;47;4312504N;06940872W;0.2
26;5;7;18;16;2;4312336N;06941495W;0.3
26;5;7;18;16;17;4312322N;06941455W;1.0
26;5;7;18;16;33;4312371N;06941335W;0.4
26;5;7;18;16;48;4312395N;06941242W;0.6
26;5;7;18;17;3;4313553N;06944369W;25.
26;5;7;18;17;18;4314678N;06949797W;0.0
26;5;7;18;17;33;4314654N;06949755W;0.1
26;5;7;18;17;49;4314729N;06949654W;0.8
26;5;7;18;18;4;4314739N;06950701W;14.
26;5;7;18;18;20;4314776N;06953966W;17.
26;5;7;18;18;35;4315238N;06957135W;9.2
26;5;7;18;18;50;4315596N;07000352W;29.
26;5;7;18;19;5;4315229N;07008490W;24.
26;5;7;18;19;20;4315853N;07016939W;27.
26;5;7;18;19;35;4315885N;07020547W;21.
26;5;7;18;19;50;4312241N;07025559W;20.
26;5;7;18;20;5;4308102N;07030098W;23.
26;5;7;18;20;21;4304740N;07035282W;22.
26;5;7;18;20;36;4259653N;07036769W;21.
26;5;7;18;20;51;4259293N;07036958W;0.6
26;5;7;18;21;6;4259293N;07036954W;0.9
26;5;7;18;21;21;4259296N;07036953W;0.4
26;5;7;18;21;37;4300974N;07034632W;35.
26;5;7;18;21;52;4306432N;07025610W;45.
26;5;7;18;22;7;4307899N;07025354W;0.6
26;5;7;18;22;22;4307664N;07024219W;18.
26;5;7;18;22;37;4307925N;07025469W;31.
26;5;7;18;22;52;4312234N;07019699W;42.
26;5;7;18;23;7;4316184N;07019656W;19.
26;5;7;18;23;22;4315882N;07020326W;35.
26;5;7;18;23;38;4316280N;07019710W;0.5
26;5;7;18;23;53;4316289N;07019744W;1.4
26;6;7;18;0;8;4316243N;07019768W;2.4
26;6;7;18;0;23;4316252N;07019743W;0.5
26;6;7;18;0;38;4316244N;07019733W;0.3
26;6;7;18;0;53;4316245N;07019751W;0.9
26;6;7;18;1;8;4315533N;07023448W;19.
26;6;7;18;1;23;4313436N;07028797W;16.
26;6;7;18;1;38;4311580N;07034866W;20.
26;6;7;18;1;53;4307785N;07037397W;20.
26;6;7;18;2;8;4302884N;07038194W;19.
26;6;7;18;2;23;4259498N;07037027W;0.4
26;6;7;18;2;38;4259488N;07037001W;0.3
26;6;7;18;2;53;4259484N;07037012W;0.2
26;6;7;18;3;8;4259482N;07037021W;0.5
26;6;7;18;3;23;4259483N;07037021W;1.2
26;6;7;18;3;39;4259490N;07037033W;0.2
26;6;7;18;3;54;4259470N;07037048W;0.2
26;6;7;18;4;9;4259463N;07037048W;0.5
26;6;7;18;4;25;4259476N;07037028W;0.0
26;6;7;18;4;40;4259476N;07037030W;1.8
26;6;7;18;4;55;4259472N;07037029W;0.2
26;6;7;18;5;10;4259473N;07037030W;0.1
26;6;7;18;5;25;4259477N;07037027W;0.5
26;6;7;18;5;40;4259475N;07037031W;0.3
26;6;7;18;5;55;4259475N;07037025W;1.7
26;6;7;18;6;10;4259303N;07036941W;1.5
26;6;7;18;6;25;4259303N;07036932W;0.7
26;6;7;18;6;40;4259308N;07036940W;0.1
26;6;7;18;6;55;4259304N;07036941W;0.6
26;6;7;18;7;10;4259310N;07036956W;0.1
26;6;7;18;7;25;4259312N;07036954W;0.5
26;6;7;18;7;40;4259315N;07036960W;0.2
26;6;7;18;7;55;4259307N;07036946W;0.6
26;6;7;18;8;11;4259309N;07036943W;0.2
26;6;7;18;8;26;4259304N;07036945W;0.2
