27;29;6;18;23;29;4259361N;07036966W;0.2
27;30;6;18;0;29;4259360N;07036961W;0.0
27;30;6;18;1;30;4259364N;07036969W;0.0
27;30;6;18;2;30;4259363N;07036967W;0.4
27;30;6;18;3;31;4259361N;07036966W;0.4
27;2;7;18;18;4;4258401N;07045864W;0.5
27;2;7;18;19;4;4258417N;07045840W;0.4
27;2;7;18;20;5;4258512N;07045565W;10.
27;2;7;18;20;20;4259486N;07037284W;22.
27;2;7;18;21;21;4259362N;07036969W;0.5
27;2;7;18;22;21;4259359N;07036972W;0.3
27;2;7;18;23;22;4259359N;07036957W;0.2
27;3;7;18;0;22;4259363N;07037017W;0.5
27;3;7;18;1;23;4259352N;07036963W;0.7
27;3;7;18;2;24;4259363N;07036969W;0.0
27;3;7;18;3;24;4259366N;07036965W;0.4
27;3;7;18;4;25;4259347N;07036973W;0.6
27;3;7;18;5;25;4259358N;07036974W;0.7
27;3;7;18;6;26;4259354N;07036940W;0.2
27;3;7;18;7;27;4259364N;07036971W;0.0
27;3;7;18;8;27;4259108N;07036917W;11.
27;3;7;18;9;27;4258488N;07045891W;0.8
27;3;7;18;14;20;4258151N;07046134W;0.4
27;3;7;18;15;21;4258339N;07045624W;0.1
27;3;7;18;16;21;4258344N;07045629W;0.4
27;3;7;18;17;22;4258325N;07045680W;0.4
27;3;7;18;18;22;4259941N;07038482W;20.
27;3;7;18;19;23;4259362N;07036969W;0.2
27;3;7;18;20;23;4259351N;07036973W;0.3
27;3;7;18;21;24;4258869N;07045827W;1.2
27;3;7;18;22;24;4258647N;07045848W;19.
27;3;7;18;23;24;4257155N;07044934W;11.
27;4;7;18;0;25;4259360N;07036969W;0.3
27;4;7;18;1;26;4259355N;07036960W;0.2
27;4;7;18;2;26;4259380N;07036925W;1.5
27;4;7;18;3;27;4259358N;07036921W;0.5
27;4;7;18;4;28;4259356N;07036921W;0.2
27;4;7;18;4;28;4259356N;07036921W;0.2
27;4;7;18;5;28;4259364N;07036906W;0.6
27;4;7;18;6;28;4259358N;07036920W;0.3
27;4;7;18;19;5;4258325N;07045646W;0.0
27;4;7;18;20;6;4258317N;07045650W;0.4
27;4;7;18;21;6;4258308N;07045638W;0.0
27;4;7;18;22;7;4259356N;07036965W;0.7
27;4;7;18;23;7;4259361N;07036966W;0.1
27;5;7;18;0;8;4259362N;07036965W;0.2
27;5;7;18;1;8;4259357N;07036964W;1.7
27;5;7;18;2;8;4259362N;07036967W;0.5
27;5;7;18;3;9;4259363N;07036966W;0.1
27;5;7;18;18;42;4258307N;07045610W;0.4
27;5;7;18;19;43;4258306N;07045612W;0.3
27;5;7;18;20;43;4258404N;07045871W;0.2
27;5;7;18;21;44;4258329N;07046035W;0.3
27;5;7;18;22;45;4259362N;07036973W;0.1
27;5;7;18;23;45;4259333N;07036975W;0.6
27;6;7;18;0;45;4259341N;07036952W;0.9
27;6;7;18;1;46;4259277N;07036871W;0.0
27;6;7;18;2;46;4259358N;07036924W;0.9
27;6;7;18;3;47;4259366N;07036961W;0.1
27;6;7;18;4;47;4259350N;07036953W;0.2
27;6;7;18;5;48;4259363N;07036966W;0.2
27;6;7;18;6;48;4259364N;07036971W;0.8
27;6;7;18;7;49;4259363N;07036969W;0.3
