29;29;6;18;23;11;4259349N;07036925W;0.3
29;29;6;18;23;26;4259348N;07036926W;0.1
29;29;6;18;23;41;4259359N;07036919W;0.3
29;29;6;18;23;57;4259344N;07036931W;0.9
29;30;6;18;0;12;4259345N;07036926W;0.4
29;30;6;18;0;27;4259286N;07036954W;0.2
29;30;6;18;0;42;4259304N;07036932W;0.2
29;30;6;18;0;57;4259320N;07036924W;0.6
29;30;6;18;1;13;4259316N;07036913W;0.2
29;30;6;18;1;28;4259310N;07036902W;0.9
29;30;6;18;1;43;4259322N;07036909W;0.7
29;30;6;18;1;59;4259348N;07036938W;0.1
29;30;6;18;2;14;4259343N;07036932W;0.9
29;30;6;18;2;29;4259313N;07036916W;0.3
29;30;6;18;2;44;4259366N;07036916W;0.2
29;30;6;18;2;59;4259375N;07036892W;0.3
29;30;6;18;3;14;4259360N;07036909W;0.3
29;30;6;18;3;30;4259328N;07036921W;0.5
29;30;6;18;3;45;4259326N;07036918W;0.2
29;30;6;18;3;45;4259326N;07036918W;0.2
29;30;6;18;4;1;4259347N;07036919W;0.4
29;30;6;18;4;16;4259343N;07036915W;0.6
29;30;6;18;4;16;4259343N;07036915W;0.6
29;30;6;18;4;16;4259343N;07036915W;0.6
29;30;6;18;4;16;4259343N;07036915W;0.6
29;30;6;18;4;16;4259343N;07036915W;0.6
29;30;6;18;4;16;4259343N;07036915W;0.6
29;30;6;18;4;31;4259367N;07036938W;1.8
29;30;6;18;4;31;4259367N;07036938W;1.8
29;30;6;18;4;46;4259354N;07036910W;0.8
29;30;6;18;5;1;4259331N;07036908W;0.6
29;30;6;18;5;16;4259330N;07036916W;0.1
29;30;6;18;5;31;4259351N;07036912W;1.0
29;30;6;18;5;47;4259348N;07036920W;0.3
29;30;6;18;6;2;4259348N;07036917W;0.3
29;30;6;18;6;18;4259345N;07036921W;0.1
29;30;6;18;6;33;4259345N;07036922W;0.1
29;30;6;18;6;48;4259342N;07036928W;0.4
29;30;6;18;7;3;4259339N;07036927W;0.3
29;30;6;18;7;19;4259330N;07036938W;0.3
29;30;6;18;7;34;4259331N;07036929W;0.1
29;30;6;18;7;49;4259341N;07036929W;0.3
29;30;6;18;8;4;4259338N;07036930W;0.4
29;30;6;18;8;19;4259344N;07036922W;0.7
29;30;6;18;8;34;4259337N;07036918W;0.3
29;30;6;18;8;34;4259337N;07036918W;0.3
29;30;6;18;8;50;4259334N;07036916W;0.2
29;30;6;18;9;5;4259339N;07036917W;0.6
29;30;6;18;9;20;4259342N;07036924W;0.0
29;30;6;18;9;36;4259338N;07036928W;0.2
29;30;6;18;9;51;4259341N;07036923W;0.2
29;30;6;18;9;51;4259341N;07036923W;0.2
29;30;6;18;10;6;4259340N;07036923W;0.2
29;30;6;18;10;21;4259338N;07036920W;0.0
29;30;6;18;10;36;4259330N;07036925W;0.3
29;30;6;18;10;51;4259328N;07036913W;0.1
29;30;6;18;11;6;4259461N;07037057W;0.8
29;30;6;18;11;22;4259328N;07036922W;0.7
29;30;6;18;11;37;4259334N;07036925W;0.5
29;30;6;18;11;52;4259350N;07036896W;0.3
29;30;6;18;12;7;4259351N;07036898W;0.2
29;30;6;18;12;22;4259348N;07036900W;0.6
29;30;6;18;12;38;4259346N;07036909W;0.7
29;30;6;18;12;53;4259482N;07037032W;1.3
29;30;6;18;13;8;4259329N;07036900W;0.8
29;30;6;18;13;23;4259345N;07036899W;0.4
29;30;6;18;13;39;4259335N;07036903W;0.3
29;30;6;18;13;54;4259327N;07036898W;0.6
29;30;6;18;14;10;4259343N;07036917W;0.2
29;30;6;18;14;26;4259336N;07036922W;1.0
29;30;6;18;14;41;4259333N;07036923W;0.2
29;30;6;18;14;56;4259335N;07036908W;0.4
29;30;6;18;15;11;4259333N;07036918W;1.0
29;30;6;18;15;26;4259341N;07036913W;0.5
29;30;6;18;15;41;4259332N;07036918W;0.9
29;30;6;18;15;57;4259330N;07036925W;0.5
29;30;6;18;16;12;4259334N;07036923W;0.3
29;30;6;18;16;27;4259334N;07036910W;0.9
29;30;6;18;16;43;4259341N;07036924W;0.1
29;30;6;18;16;58;4259344N;07036929W;0.1
29;30;6;18;17;14;4259349N;07036910W;0.5
29;30;6;18;17;29;4259336N;07036918W;0.3
29;30;6;18;17;45;4259329N;07036925W;0.1
29;30;6;18;18;0;4259343N;07036903W;0.1
29;30;6;18;18;15;4259345N;07036913W;0.3
29;30;6;18;18;30;4259333N;07036933W;0.3
29;30;6;18;18;46;4259331N;07036917W;0.3
29;30;6;18;19;1;4259329N;07036923W;0.5
29;30;6;18;19;16;4259336N;07036926W;0.7
29;30;6;18;19;32;4259317N;07036926W;9.4
29;30;6;18;19;47;4259334N;07036919W;0.4
29;30;6;18;20;2;4259337N;07036921W;0.5
29;30;6;18;20;18;4259332N;07036913W;0.5
29;30;6;18;20;33;4259310N;07036938W;3.4
29;30;6;18;20;48;4259300N;07036935W;1.6
29;30;6;18;21;3;4259331N;07036922W;0.9
29;30;6;18;21;18;4259326N;07036920W;0.4
29;30;6;18;21;33;4259329N;07036898W;0.5
29;30;6;18;21;33;4259329N;07036898W;0.5
29;30;6;18;21;48;4259326N;07036922W;0.4
29;30;6;18;22;3;4259346N;07036953W;0.4
29;30;6;18;22;19;4259337N;07036920W;0.9
29;30;6;18;22;34;4259348N;07036932W;0.1
29;30;6;18;22;49;4259350N;07036926W;0.2
29;30;6;18;23;4;4259354N;07036935W;0.0
29;30;6;18;23;19;4259356N;07036931W;0.8
29;30;6;18;23;35;4259400N;07036934W;0.6
29;30;6;18;23;50;4259360N;07036969W;0.0
29;1;7;18;0;6;4259405N;07036889W;0.3
29;1;7;18;0;21;4259306N;07036928W;0.3
29;1;7;18;0;36;4259332N;07036913W;0.7
29;1;7;18;0;51;4259335N;07036913W;0.6
29;1;7;18;1;6;4259333N;07036914W;0.5
29;1;7;18;1;21;4259337N;07036906W;0.5
29;1;7;18;1;36;4259344N;07036910W;1.0
29;1;7;18;1;52;4259358N;07036936W;1.0
29;1;7;18;2;7;4259367N;07036942W;0.0
29;1;7;18;2;22;4259419N;07036802W;0.1
29;1;7;18;2;37;4259371N;07036869W;0.6
29;1;7;18;2;53;4259390N;07036849W;0.2
29;1;7;18;3;8;4259340N;07036910W;0.2
29;1;7;18;3;23;4259333N;07036901W;0.1
29;1;7;18;3;38;4259341N;07036911W;0.7
29;1;7;18;3;54;4259340N;07036917W;0.3
29;1;7;18;4;9;4259338N;07036943W;0.5
29;1;7;18;4;24;4259338N;07036936W;1.6
29;1;7;18;4;39;4259313N;07036905W;0.3
29;1;7;18;4;54;4259309N;07036902W;0.7
29;1;7;18;5;9;4259323N;07036917W;0.5
29;1;7;18;5;24;4259334N;07036938W;0.1
29;1;7;18;5;40;4259335N;07036918W;0.2
29;1;7;18;5;55;4259306N;07036903W;0.4
29;1;7;18;6;10;4259305N;07036933W;0.0
29;1;7;18;6;25;4259312N;07036931W;0.2
29;1;7;18;6;40;4259312N;07036948W;0.1
29;1;7;18;6;55;4259304N;07036931W;0.4
29;1;7;18;7;11;4259043N;07036754W;18.
29;1;7;18;7;26;4259315N;07036938W;0.1
29;1;7;18;7;41;4259335N;07036929W;0.1
29;1;7;18;7;57;4259342N;07036920W;0.2
29;1;7;18;8;12;4259343N;07036922W;0.3
29;1;7;18;8;27;4259340N;07036916W;0.4
29;1;7;18;8;42;4259343N;07036920W;0.4
29;1;7;18;8;57;4259342N;07036913W;0.0
29;1;7;18;9;12;4259342N;07036930W;0.5
29;1;7;18;9;27;4259344N;07036921W;0.6
29;1;7;18;9;42;4259319N;07036939W;0.8
29;1;7;18;9;57;4259339N;07036930W;0.6
29;1;7;18;10;13;4259333N;07036914W;0.3
29;1;7;18;10;28;4259327N;07036903W;0.4
29;1;7;18;10;43;4259327N;07036897W;0.1
29;1;7;18;10;58;4259326N;07036899W;0.3
29;1;7;18;11;13;4259321N;07036913W;0.2
29;1;7;18;11;29;4259330N;07036893W;0.5
29;1;7;18;11;44;4259336N;07036930W;0.0
29;1;7;18;11;59;4259335N;07036923W;0.1
29;1;7;18;12;15;4259339N;07036937W;0.6
29;1;7;18;12;30;4259348N;07036925W;0.4
29;1;7;18;12;30;4259348N;07036925W;0.4
29;1;7;18;12;30;4259348N;07036925W;0.4
29;1;7;18;12;45;4259346N;07036940W;0.7
29;1;7;18;13;0;4259335N;07036927W;0.3
29;1;7;18;13;15;4257826N;07035118W;21.
29;1;7;18;13;30;4252889N;07035409W;24.
29;1;7;18;13;45;4252598N;07037555W;23.
29;1;7;18;14;0;4258135N;07037163W;25.
29;1;7;18;14;16;4259346N;07036905W;0.2
29;1;7;18;14;31;4259339N;07036903W;0.3
29;1;7;18;14;47;4259355N;07036921W;0.8
29;1;7;18;15;2;4259346N;07036893W;0.4
29;1;7;18;15;18;4259361N;07036896W;2.2
29;1;7;18;15;33;4259388N;07036899W;0.1
29;1;7;18;15;49;4259348N;07036907W;0.2
29;1;7;18;16;4;4259329N;07036914W;0.4
29;1;7;18;16;19;4301201N;07037324W;19.
29;1;7;18;16;34;4259496N;07037046W;0.5
29;1;7;18;16;49;4259343N;07036933W;0.1
29;1;7;18;17;4;4259337N;07036912W;0.3
29;1;7;18;17;20;4259353N;07036935W;0.8
29;1;7;18;17;35;4259352N;07036935W;0.4
29;1;7;18;17;50;4259335N;07036940W;0.0
29;1;7;18;18;5;4259342N;07036937W;0.3
29;1;7;18;18;5;4259342N;07036937W;0.3
29;1;7;18;18;21;4259312N;07037007W;0.3
29;1;7;18;18;36;4259342N;07036936W;0.5
29;1;7;18;18;51;4259348N;07036928W;0.6
29;1;7;18;19;6;4259340N;07036925W;0.3
29;1;7;18;19;6;4259340N;07036925W;0.3
29;1;7;18;19;22;4259354N;07036954W;0.2
29;1;7;18;19;37;4259358N;07036965W;0.2
29;1;7;18;19;52;4259358N;07036981W;0.3
29;1;7;18;20;7;4259343N;07036927W;0.5
29;1;7;18;20;22;4259383N;07036893W;0.9
29;1;7;18;20;37;4259366N;07036904W;0.1
29;1;7;18;20;53;4259304N;07036932W;0.1
29;1;7;18;21;8;4259303N;07036934W;0.2
29;1;7;18;21;23;4259314N;07036926W;0.5
29;1;7;18;21;38;4259311N;07036917W;0.6
29;1;7;18;21;54;4259341N;07036930W;0.4
29;1;7;18;22;9;4259345N;07036941W;0.3
29;1;7;18;22;24;4259337N;07036918W;0.6
29;1;7;18;22;39;4259337N;07036918W;8.3
29;1;7;18;22;54;4259338N;07036905W;0.1
29;1;7;18;23;9;4259343N;07036918W;0.9
29;1;7;18;23;24;4259382N;07036941W;0.4
29;1;7;18;23;24;4259382N;07036941W;0.4
29;1;7;18;23;39;4259328N;07037030W;1.0
29;1;7;18;23;55;4259350N;07036950W;0.4
29;2;7;18;0;10;4259397N;07036921W;1.4
29;2;7;18;0;25;4259351N;07036943W;2.6
29;2;7;18;0;40;4259346N;07036936W;1.1
29;2;7;18;0;55;4259323N;07036934W;0.3
29;2;7;18;1;11;4259345N;07036914W;0.6
29;2;7;18;1;26;4259351N;07036912W;0.4
29;2;7;18;1;41;4259355N;07036911W;0.5
29;2;7;18;1;56;4259374N;07036928W;0.5
29;2;7;18;2;11;4259395N;07036930W;0.2
29;2;7;18;2;27;4259404N;07036954W;0.2
29;2;7;18;2;42;4259396N;07036962W;0.4
29;2;7;18;2;57;4259389N;07036874W;0.1
29;2;7;18;2;57;4259389N;07036874W;0.1
29;2;7;18;2;57;4259389N;07036874W;0.1
29;2;7;18;2;57;4259389N;07036874W;0.1
29;2;7;18;2;57;4259389N;07036874W;0.1
29;2;7;18;2;57;4259389N;07036874W;0.1
29;2;7;18;2;57;4259389N;07036874W;0.1
29;2;7;18;3;12;4259263N;07036816W;1.0
29;2;7;18;3;27;4259230N;07036772W;1.1
29;2;7;18;3;42;4259273N;07036821W;0.1
29;2;7;18;3;58;4259342N;07036925W;0.4
29;2;7;18;4;13;4259339N;07036922W;0.3
29;2;7;18;4;28;4259338N;07036923W;0.8
29;2;7;18;4;43;4259389N;07036990W;0.6
29;2;7;18;4;58;4259325N;07036909W;0.2
29;2;7;18;5;13;4259315N;07036902W;0.3
29;2;7;18;5;29;4259356N;07036933W;0.5
29;2;7;18;5;44;4259321N;07036933W;0.5
29;2;7;18;5;59;4259322N;07036931W;0.2
29;2;7;18;5;59;4259322N;07036931W;0.2
29;2;7;18;6;14;4259325N;07036932W;0.1
29;2;7;18;6;29;4259333N;07036932W;0.4
29;2;7;18;6;29;4259333N;07036932W;0.4
29;2;7;18;6;29;4259333N;07036932W;0.4
29;2;7;18;6;44;4259335N;07036927W;0.4
29;2;7;18;6;59;4259342N;07036929W;0.3
29;2;7;18;7;15;4259387N;07036953W;0.0
29;2;7;18;7;30;4259352N;07036928W;0.3
29;2;7;18;7;45;4259346N;07036930W;0.5
29;2;7;18;8;0;4259354N;07036943W;0.1
29;2;7;18;8;15;4259334N;07036901W;0.5
29;2;7;18;8;31;4259339N;07036906W;0.4
29;2;7;18;8;46;4259331N;07036911W;0.9
29;2;7;18;8;46;4259331N;07036911W;0.9
29;2;7;18;9;1;4259318N;07036910W;0.1
29;2;7;18;9;17;4259331N;07036910W;1.3
29;2;7;18;9;32;4259309N;07036908W;0.6
29;2;7;18;9;47;4259314N;07036899W;0.8
29;2;7;18;10;3;4259340N;07036920W;0.1
29;2;7;18;10;18;4259332N;07036910W;2.1
29;2;7;18;10;18;4259332N;07036910W;2.1
29;2;7;18;10;18;4259332N;07036910W;2.1
29;2;7;18;10;33;4259336N;07036921W;0.5
29;2;7;18;10;48;4259337N;07036923W;0.3
29;2;7;18;11;4;4259339N;07036921W;0.2
29;2;7;18;11;19;4259326N;07036938W;0.4
29;2;7;18;11;34;4259321N;07036922W;0.3
29;2;7;18;11;49;4259337N;07036891W;0.4
29;2;7;18;12;4;4259310N;07036888W;0.5
29;2;7;18;12;19;4259332N;07036908W;0.2
29;2;7;18;12;34;4259530N;07036854W;21.
29;2;7;18;12;49;4302939N;07041467W;21.
29;2;7;18;13;5;4303545N;07041225W;1.0
29;2;7;18;13;20;4301951N;07039646W;23.
29;2;7;18;13;35;4259343N;07036926W;0.8
29;2;7;18;13;50;4259334N;07036909W;0.1
29;2;7;18;14;5;4259360N;07036910W;0.2
29;2;7;18;14;20;4259408N;07036869W;0.1
29;2;7;18;14;36;4259531N;07036918W;9.4
29;2;7;18;14;36;4259531N;07036918W;9.4
29;2;7;18;14;51;4259356N;07036899W;0.2
29;2;7;18;15;6;4259337N;07036930W;0.4
29;2;7;18;15;22;4259335N;07036924W;0.1
29;2;7;18;15;37;4259332N;07036917W;0.7
29;2;7;18;15;52;4259324N;07036925W;0.5
29;2;7;18;16;8;4259334N;07036920W;1.1
29;2;7;18;16;23;4259346N;07036910W;0.2
29;2;7;18;16;38;4259328N;07036908W;0.3
29;2;7;18;16;53;4259336N;07036921W;0.2
29;2;7;18;17;8;4259348N;07036910W;0.7
29;2;7;18;17;24;4259340N;07036927W;0.6
29;2;7;18;17;39;4259270N;07036974W;1.5
29;2;7;18;17;54;4259468N;07037058W;0.3
29;2;7;18;18;9;4301638N;07037914W;12.
29;2;7;18;18;24;4259489N;07037049W;0.3
29;2;7;18;18;39;4259344N;07036934W;0.3
29;2;7;18;18;54;4259343N;07036928W;0.2
29;2;7;18;18;54;4259343N;07036928W;0.2
29;2;7;18;18;54;4259343N;07036928W;0.2
29;2;7;18;18;54;4259343N;07036928W;0.2
29;2;7;18;18;54;4259343N;07036928W;0.2
29;2;7;18;18;54;4259343N;07036928W;0.2
29;2;7;18;18;54;4259343N;07036928W;0.2
29;2;7;18;19;10;4259347N;07036931W;0.3
29;2;7;18;19;25;4259353N;07036941W;0.0
29;2;7;18;19;40;4259357N;07036945W;0.3
29;2;7;18;19;55;4259328N;07036917W;1.0
29;2;7;18;20;10;4259376N;07036876W;0.3
29;2;7;18;20;26;4259345N;07036908W;0.8
29;2;7;18;20;41;4259317N;07036926W;2.4
29;2;7;18;20;56;4259318N;07036916W;0.5
29;2;7;18;21;11;4259344N;07036928W;0.6
29;2;7;18;21;27;4259378N;07036892W;0.3
29;2;7;18;21;42;4259330N;07036909W;0.2
29;2;7;18;21;57;4259330N;07036912W;0.1
29;2;7;18;22;12;4259345N;07036897W;0.5
29;2;7;18;22;28;4259325N;07036914W;0.4
29;2;7;18;22;43;4259352N;07036931W;0.1
29;2;7;18;22;58;4259359N;07036940W;0.3
29;2;7;18;23;13;4259349N;07036935W;0.6
29;2;7;18;23;28;4259357N;07036935W;0.0
29;2;7;18;23;44;4259356N;07036944W;0.5
29;2;7;18;23;59;4259346N;07036932W;0.1
29;3;7;18;0;14;4259320N;07036928W;0.1
29;3;7;18;0;30;4259332N;07036919W;0.2
29;3;7;18;0;30;4259332N;07036919W;0.2
29;3;7;18;0;45;4259337N;07036922W;0.1
29;3;7;18;1;0;4259336N;07036916W;0.5
29;3;7;18;1;16;4259349N;07036940W;0.5
29;3;7;18;1;31;4259330N;07036915W;0.2
29;3;7;18;1;46;4259334N;07036913W;0.5
29;3;7;18;2;1;4259343N;07036926W;0.8
29;3;7;18;2;16;4259342N;07036907W;0.7
29;3;7;18;2;31;4259355N;07036930W;0.4
29;3;7;18;2;46;4259361N;07036953W;0.5
29;3;7;18;3;2;4259353N;07036945W;1.4
29;3;7;18;3;17;4259339N;07036908W;11.
29;3;7;18;3;32;4259308N;07036948W;1.1
29;3;7;18;3;47;4259345N;07036938W;0.6
29;3;7;18;4;3;4259342N;07036917W;0.3
29;3;7;18;4;18;4259343N;07036920W;2.6
29;3;7;18;4;33;4259346N;07036923W;0.3
29;3;7;18;4;48;4259327N;07036899W;0.6
29;3;7;18;5;3;4259284N;07036844W;0.8
29;3;7;18;5;18;4259342N;07036917W;0.4
29;3;7;18;5;33;4259348N;07036953W;0.6
29;3;7;18;5;48;4259338N;07036934W;0.1
29;3;7;18;6;3;4259350N;07036965W;0.5
29;3;7;18;6;18;4259329N;07036911W;0.6
29;3;7;18;6;33;4259350N;07036928W;0.4
29;3;7;18;6;48;4259347N;07036937W;0.8
29;3;7;18;7;3;4259350N;07036942W;0.5
29;3;7;18;7;18;4259364N;07036959W;0.7
29;3;7;18;7;34;4259361N;07036947W;0.4
29;3;7;18;7;49;4259344N;07036924W;0.2
29;3;7;18;8;4;4259343N;07036914W;0.6
29;3;7;18;8;19;4259348N;07036910W;0.1
29;3;7;18;8;34;4259340N;07036915W;1.7
29;3;7;18;8;50;4259343N;07036914W;0.3
29;3;7;18;9;5;4259344N;07036916W;0.8
29;3;7;18;9;20;4259346N;07036917W;0.5
29;3;7;18;9;35;4259357N;07036923W;0.7
29;3;7;18;9;50;4259341N;07036922W;0.1
29;3;7;18;10;5;4259323N;07036914W;0.4
29;3;7;18;10;21;4259341N;07036926W;0.4
29;3;7;18;10;36;4259336N;07036923W;0.5
29;3;7;18;10;51;4259374N;07036963W;0.1
29;3;7;18;10;51;4259374N;07036963W;0.1
29;3;7;18;10;51;4259374N;07036963W;0.1
29;3;7;18;11;7;4259333N;07036910W;0.0
29;3;7;18;11;22;4259482N;07037030W;0.3
29;3;7;18;11;37;4300217N;07037581W;24.
29;3;7;18;11;52;4303514N;07041222W;0.5
29;3;7;18;12;7;4303365N;07041508W;14.
29;3;7;18;12;22;4303500N;07041285W;1.1
29;3;7;18;12;37;4303492N;07041286W;3.1
29;3;7;18;12;52;4303497N;07041267W;0.5
29;3;7;18;13;7;4303138N;07041970W;20.
29;3;7;18;13;23;4303579N;07041326W;0.1
29;3;7;18;13;38;4303585N;07041314W;0.4
29;3;7;18;13;53;4304836N;07044462W;21.
29;3;7;18;14;8;4306814N;07048817W;17.
29;3;7;18;14;23;4305195N;07051762W;24.
29;3;7;18;14;39;4306236N;07051281W;0.0
29;3;7;18;14;54;4306296N;07051260W;0.3
29;3;7;18;15;9;4306280N;07051263W;0.3
29;3;7;18;15;24;4305787N;07051338W;14.
29;3;7;18;15;39;4305577N;07054237W;10.
29;3;7;18;15;54;4308346N;07056012W;18.
29;3;7;18;16;9;4312154N;07057274W;32.
29;3;7;18;16;24;4315089N;07058252W;20.
29;3;7;18;16;39;4314559N;07057741W;0.6
29;3;7;18;16;54;4314554N;07057738W;0.3
29;3;7;18;17;9;4315056N;07058090W;0.1
29;3;7;18;17;24;4314656N;07057916W;0.3
29;3;7;18;17;39;4314689N;07057942W;0.4
29;3;7;18;17;55;4314655N;07057914W;0.3
29;3;7;18;18;10;4314541N;07057717W;0.5
29;3;7;18;18;25;4314546N;07057726W;0.0
29;3;7;18;18;40;4314543N;07057706W;0.9
29;3;7;18;18;55;4314543N;07057711W;0.6
29;3;7;18;19;10;4314580N;07057780W;0.2
29;3;7;18;19;25;4314593N;07057791W;0.6
29;3;7;18;19;40;4314599N;07057789W;0.1
29;3;7;18;19;56;4314793N;07057844W;0.3
29;3;7;18;20;11;4314565N;07057734W;21.
29;3;7;18;20;26;4314707N;07058236W;29.
29;3;7;18;20;41;4315030N;07058075W;0.6
29;3;7;18;20;56;4314721N;07057938W;2.4
29;3;7;18;21;11;4313395N;07056149W;21.
29;3;7;18;21;26;4309822N;07051010W;22.
29;3;7;18;21;41;4305888N;07046577W;24.
29;3;7;18;21;56;4304246N;07041799W;0.4
29;3;7;18;22;11;4304245N;07041791W;0.0
29;3;7;18;22;26;4300474N;07038368W;21.
29;3;7;18;22;41;4259334N;07036923W;0.4
29;3;7;18;22;57;4259348N;07036920W;0.3
29;3;7;18;23;12;4259355N;07036933W;0.3
29;3;7;18;23;27;4259331N;07036922W;0.1
29;3;7;18;23;43;4259313N;07036946W;0.4
29;3;7;18;23;58;4259332N;07036922W;0.1
29;4;7;18;0;13;4259336N;07036912W;0.4
29;4;7;18;0;28;4259329N;07036920W;1.2
29;4;7;18;0;43;4259329N;07036913W;0.4
29;4;7;18;0;58;4259335N;07036914W;0.7
29;4;7;18;1;13;4259320N;07036900W;0.6
29;4;7;18;1;29;4259328N;07036906W;0.3
29;4;7;18;1;44;4259328N;07036907W;0.4
29;4;7;18;1;44;4259328N;07036907W;0.4
29;4;7;18;1;44;4259328N;07036907W;0.4
29;4;7;18;1;44;4259328N;07036907W;0.4
29;4;7;18;1;59;4259334N;07036912W;0.1
29;4;7;18;2;14;4259341N;07036918W;0.9
29;4;7;18;2;14;4259341N;07036918W;0.9
29;4;7;18;2;14;4259341N;07036918W;0.9
29;4;7;18;2;14;4259341N;07036918W;0.9
29;4;7;18;2;14;4259341N;07036918W;0.9
29;4;7;18;2;14;4259341N;07036918W;0.9
29;4;7;18;2;30;4259343N;07036916W;0.2
29;4;7;18;2;30;4259343N;07036916W;0.2
29;4;7;18;2;30;4259343N;07036916W;0.2
29;4;7;18;2;30;4259343N;07036916W;0.2
29;4;7;18;2;30;4259343N;07036916W;0.2
29;4;7;18;2;30;4259343N;07036916W;0.2
29;4;7;18;2;30;4259343N;07036916W;0.2
29;4;7;18;2;30;4259343N;07036916W;0.2
29;4;7;18;2;45;4259338N;07036934W;0.1
29;4;7;18;3;1;4259339N;07036918W;0.0
29;4;7;18;3;16;4259341N;07036920W;0.0
29;4;7;18;3;32;4259341N;07036927W;1.2
29;4;7;18;3;47;4259342N;07036935W;0.6
29;4;7;18;4;2;4259337N;07036927W;0.3
29;4;7;18;4;18;4259308N;07037002W;0.0
29;4;7;18;4;33;4259345N;07036921W;5.2
29;4;7;18;4;48;4259336N;07036918W;0.3
29;4;7;18;5;3;4259343N;07036922W;0.3
29;4;7;18;5;3;4259343N;07036922W;0.3
29;4;7;18;5;18;4259340N;07036919W;0.5
29;4;7;18;5;33;4259341N;07036920W;0.0
29;4;7;18;5;48;4259327N;07036927W;0.1
29;4;7;18;6;3;4259329N;07036925W;0.2
29;4;7;18;6;18;4259342N;07036921W;0.5
29;4;7;18;6;34;4259329N;07036908W;1.0
29;4;7;18;6;49;4259331N;07036901W;0.6
29;4;7;18;7;4;4259336N;07036906W;0.0
29;4;7;18;7;19;4259333N;07036894W;0.1
29;4;7;18;7;34;4259345N;07036920W;0.2
29;4;7;18;7;49;4259347N;07036919W;0.2
29;4;7;18;8;5;4259333N;07036917W;0.3
29;4;7;18;8;20;4259331N;07036925W;0.5
29;4;7;18;8;35;4259334N;07036917W;0.3
29;4;7;18;8;35;4259334N;07036917W;0.3
29;4;7;18;8;35;4259334N;07036917W;0.3
29;4;7;18;8;35;4259334N;07036917W;0.3
29;4;7;18;8;50;4259335N;07036921W;0.2
29;4;7;18;9;6;4259333N;07036920W;0.1
29;4;7;18;9;21;4259331N;07036928W;0.9
29;4;7;18;9;36;4259335N;07036869W;0.7
29;4;7;18;9;52;4259345N;07036923W;0.4
29;4;7;18;10;7;4259345N;07036927W;0.3
29;4;7;18;10;22;4259339N;07036919W;0.0
29;4;7;18;10;38;4259335N;07036925W;0.4
29;4;7;18;10;53;4259324N;07036916W;2.6
29;4;7;18;11;8;4259340N;07036919W;0.5
29;4;7;18;11;23;4259330N;07036916W;0.0
29;4;7;18;11;38;4259334N;07036922W;0.2
29;4;7;18;11;54;4259330N;07036928W;0.6
29;4;7;18;11;54;4259330N;07036928W;0.6
29;4;7;18;11;54;4259330N;07036928W;0.6
29;4;7;18;12;9;4259342N;07036926W;1.8
29;4;7;18;12;25;4259349N;07036916W;1.3
29;4;7;18;12;40;4259339N;07036922W;0.6
29;4;7;18;12;56;4259336N;07036925W;0.1
29;4;7;18;13;11;4259340N;07036924W;0.4
29;4;7;18;13;11;4259340N;07036924W;0.4
29;4;7;18;13;11;4259340N;07036924W;0.4
29;4;7;18;13;11;4259340N;07036924W;0.4
29;4;7;18;13;11;4259340N;07036924W;0.4
29;4;7;18;13;11;4259340N;07036924W;0.4
29;4;7;18;13;11;4259340N;07036924W;0.4
29;4;7;18;13;11;4259340N;07036924W;0.4
29;4;7;18;13;26;4259339N;07036929W;0.2
29;4;7;18;13;42;4259298N;07036910W;0.3
29;4;7;18;13;57;4259308N;07036898W;0.8
29;4;7;18;14;13;4259370N;07036926W;0.1
29;4;7;18;14;28;4259325N;07036889W;0.9
29;4;7;18;14;44;4259250N;07036977W;1.3
29;4;7;18;14;59;4259314N;07036920W;0.8
29;4;7;18;15;14;4259345N;07036904W;0.2
29;4;7;18;15;29;4259339N;07036884W;0.5
29;4;7;18;15;45;4259338N;07036920W;0.3
29;4;7;18;16;0;4259339N;07036925W;0.4
29;4;7;18;16;15;4259463N;07037056W;0.3
29;4;7;18;16;30;4259343N;07036936W;0.5
29;4;7;18;16;46;4259336N;07036930W;0.3
29;4;7;18;17;1;4259324N;07036925W;0.3
29;4;7;18;17;16;4259341N;07036919W;0.3
29;4;7;18;17;31;4259302N;07036949W;0.2
29;4;7;18;17;46;4259320N;07036941W;0.9
29;4;7;18;18;2;4259340N;07036919W;0.8
29;4;7;18;18;17;4259350N;07036917W;0.8
29;4;7;18;18;32;4259351N;07036922W;1.3
29;4;7;18;18;47;4259347N;07036923W;0.8
29;4;7;18;19;3;4259341N;07036919W;0.1
29;4;7;18;19;18;4259312N;07036987W;0.5
29;4;7;18;19;33;4259354N;07036912W;0.2
29;4;7;18;19;48;4259336N;07036931W;0.2
29;4;7;18;20;4;4259328N;07036929W;1.4
29;4;7;18;20;19;4259341N;07036920W;0.6
29;4;7;18;20;34;4259360N;07036912W;1.2
29;4;7;18;20;49;4259343N;07036921W;0.9
29;4;7;18;21;5;4259351N;07036911W;0.4
29;4;7;18;21;20;4259318N;07036911W;0.2
29;4;7;18;21;35;4259323N;07036902W;0.4
29;4;7;18;21;50;4259329N;07036917W;0.0
29;4;7;18;22;5;4259348N;07036920W;0.2
29;4;7;18;22;21;4259328N;07036927W;0.5
29;4;7;18;22;36;4259333N;07037015W;0.4
29;4;7;18;22;51;4259360N;07036951W;0.3
29;4;7;18;23;6;4259384N;07036924W;0.7
29;4;7;18;23;21;4259435N;07036845W;0.3
29;4;7;18;23;37;4259340N;07037003W;0.2
29;4;7;18;23;52;4259321N;07036919W;0.3
29;5;7;18;0;7;4259226N;07036959W;0.2
29;5;7;18;0;22;4259272N;07036923W;0.3
29;5;7;18;0;37;4259284N;07036907W;0.2
29;5;7;18;0;52;4259310N;07036897W;0.2
29;5;7;18;1;8;4259289N;07036879W;0.3
29;5;7;18;1;23;4259307N;07036894W;0.3
29;5;7;18;1;38;4259308N;07036894W;0.3
29;5;7;18;1;53;4259387N;07036950W;0.8
29;5;7;18;2;8;4259381N;07036945W;1.0
29;5;7;18;2;23;4259420N;07037081W;0.3
29;5;7;18;2;38;4259386N;07036905W;0.2
29;5;7;18;2;54;4259370N;07036920W;0.2
29;5;7;18;3;9;4259260N;07036855W;0.1
29;5;7;18;3;24;4259310N;07036897W;0.2
29;5;7;18;3;40;4259340N;07036853W;0.1
29;5;7;18;3;55;4259337N;07036916W;0.1
29;5;7;18;4;10;4259336N;07036917W;0.4
29;5;7;18;4;25;4259337N;07036909W;5.6
29;5;7;18;4;40;4259305N;07036875W;0.3
29;5;7;18;4;55;4259340N;07036917W;0.3
29;5;7;18;5;10;4259339N;07036911W;0.2
29;5;7;18;5;25;4259341N;07036928W;0.2
29;5;7;18;5;40;4259334N;07036919W;0.6
29;5;7;18;5;55;4259342N;07036926W;0.1
29;5;7;18;6;10;4259339N;07036924W;0.3
29;5;7;18;6;26;4259351N;07036931W;0.6
29;5;7;18;6;41;4259348N;07036937W;0.5
29;5;7;18;6;56;4259354N;07036937W;0.6
29;5;7;18;7;11;4259352N;07036955W;0.2
29;5;7;18;7;26;4259357N;07036945W;0.3
29;5;7;18;7;41;4259335N;07036943W;0.3
29;5;7;18;7;56;4259307N;07036909W;0.2
29;5;7;18;8;11;4259350N;07036913W;0.2
29;5;7;18;8;27;4259363N;07036884W;2.4
29;5;7;18;8;42;4259351N;07036893W;0.2
29;5;7;18;8;57;4259341N;07036920W;0.1
29;5;7;18;9;12;4259338N;07036925W;0.0
29;5;7;18;9;28;4259348N;07036922W;0.4
29;5;7;18;9;43;4259336N;07036919W;0.1
29;5;7;18;9;58;4259337N;07036905W;0.3
29;5;7;18;10;13;4259333N;07036920W;0.3
29;5;7;18;10;28;4259333N;07036921W;0.1
29;5;7;18;10;28;4259333N;07036921W;0.1
29;5;7;18;10;44;4259331N;07036906W;0.2
29;5;7;18;10;59;4259303N;07036993W;0.2
29;5;7;18;10;59;4259303N;07036993W;0.2
29;5;7;18;10;59;4259303N;07036993W;0.2
29;5;7;18;11;15;4259336N;07036924W;0.1
29;5;7;18;11;30;4259341N;07036921W;0.4
29;5;7;18;11;30;4259341N;07036921W;0.4
29;5;7;18;11;30;4259341N;07036921W;0.4
29;5;7;18;11;30;4259341N;07036921W;0.4
29;5;7;18;11;45;4259343N;07036921W;0.3
29;5;7;18;11;45;4259343N;07036921W;0.3
29;5;7;18;11;45;4259343N;07036921W;0.3
29;5;7;18;12;1;4259334N;07036925W;0.4
29;5;7;18;12;16;4259338N;07036924W;0.4
29;5;7;18;12;31;4259336N;07036921W;1.5
29;5;7;18;12;46;4259345N;07036922W;0.4
29;5;7;18;13;2;4259345N;07036909W;0.1
29;5;7;18;13;17;4259343N;07036926W;0.2
29;5;7;18;13;17;4259343N;07036926W;0.2
29;5;7;18;13;32;4259342N;07036925W;0.3
29;5;7;18;13;47;4259339N;07036919W;0.4
29;5;7;18;13;47;4259339N;07036919W;0.4
29;5;7;18;13;47;4259339N;07036919W;0.4
29;5;7;18;13;47;4259339N;07036919W;0.4
29;5;7;18;13;47;4259339N;07036919W;0.4
29;5;7;18;14;3;4259339N;07036919W;0.0
29;5;7;18;14;3;4259339N;07036919W;0.0
29;5;7;18;14;18;4259336N;07036925W;0.3
29;5;7;18;14;18;4259336N;07036925W;0.3
29;5;7;18;14;33;4259290N;07036931W;0.3
29;5;7;18;14;48;4259282N;07036896W;0.2
29;5;7;18;15;4;4259317N;07036923W;0.1
29;5;7;18;15;19;4259335N;07036916W;0.1
29;5;7;18;15;34;4259323N;07036906W;1.8
29;5;7;18;15;49;4259314N;07036926W;1.1
29;5;7;18;15;49;4259314N;07036926W;1.1
29;5;7;18;15;49;4259314N;07036926W;1.1
29;5;7;18;16;5;4259306N;07036994W;1.3
29;5;7;18;16;20;4259293N;07036923W;0.1
29;5;7;18;16;36;4259337N;07036924W;0.3
29;5;7;18;16;51;4259352N;07036917W;0.6
29;5;7;18;17;6;4259341N;07036926W;0.1
29;5;7;18;17;22;4259342N;07036923W;0.4
29;5;7;18;17;37;4259330N;07036932W;0.5
29;5;7;18;17;52;4259372N;07036926W;1.9
29;5;7;18;18;7;4259330N;07036934W;0.9
29;5;7;18;18;22;4259339N;07036942W;0.6
29;5;7;18;18;37;4259312N;07037012W;0.6
29;5;7;18;18;53;4259093N;07036696W;1.0
29;5;7;18;19;8;4259386N;07037016W;0.1
29;5;7;18;19;23;4259353N;07036940W;0.2
29;5;7;18;19;38;4259343N;07036921W;0.2
29;5;7;18;19;53;4259341N;07036933W;0.1
29;5;7;18;20;8;4259340N;07036917W;0.2
29;5;7;18;20;23;4259340N;07036923W;0.7
29;5;7;18;20;39;4259312N;07036934W;1.2
29;5;7;18;20;54;4259327N;07036927W;0.0
29;5;7;18;21;9;4259330N;07036930W;0.1
29;5;7;18;21;24;4259364N;07036933W;0.1
29;5;7;18;21;40;4259339N;07036922W;0.0
29;5;7;18;21;55;4259334N;07036924W;0.9
29;5;7;18;22;11;4259335N;07036935W;0.3
29;5;7;18;22;26;4259343N;07036955W;0.2
29;5;7;18;22;41;4259333N;07036927W;0.9
29;5;7;18;22;56;4259342N;07036941W;0.5
29;5;7;18;23;12;4259345N;07036936W;12.
29;5;7;18;23;27;4259344N;07036930W;0.4
29;5;7;18;23;43;4259260N;07037008W;1.1
29;5;7;18;23;58;4259311N;07036923W;0.6
29;6;7;18;0;13;4259298N;07036914W;0.7
29;6;7;18;0;28;4259325N;07036899W;0.0
29;6;7;18;0;43;4259304N;07036886W;0.2
29;6;7;18;0;58;4259285N;07036898W;0.3
29;6;7;18;1;14;4259288N;07036889W;0.2
29;6;7;18;1;29;4259294N;07036886W;0.6
29;6;7;18;1;44;4259300N;07036883W;0.0
29;6;7;18;1;59;4259292N;07036886W;0.0
29;6;7;18;2;15;4259330N;07036923W;0.8
29;6;7;18;2;30;4259408N;07036833W;0.3
29;6;7;18;2;45;4259321N;07036914W;0.3
29;6;7;18;3;0;4259315N;07036921W;0.3
29;6;7;18;3;0;4259315N;07036921W;0.3
29;6;7;18;3;15;4259315N;07036919W;0.9
29;6;7;18;3;15;4259315N;07036919W;0.9
29;6;7;18;3;30;4259311N;07036917W;0.3
29;6;7;18;3;46;4259319N;07036938W;0.1
29;6;7;18;4;1;4259337N;07036915W;0.0
29;6;7;18;4;17;4259337N;07036913W;2.4
29;6;7;18;4;32;4259319N;07036892W;1.2
29;6;7;18;4;47;4259336N;07036913W;3.4
29;6;7;18;5;2;4259337N;07036916W;0.0
29;6;7;18;5;17;4259334N;07036916W;2.7
29;6;7;18;5;32;4259344N;07036917W;1.1
29;6;7;18;5;47;4259336N;07036921W;0.7
29;6;7;18;6;2;4259337N;07036934W;0.6
29;6;7;18;6;18;4259338N;07036920W;0.0
29;6;7;18;6;33;4259339N;07036921W;2.5
29;6;7;18;6;48;4259340N;07036918W;0.6
29;6;7;18;7;3;4259340N;07036922W;0.6
29;6;7;18;7;18;4259338N;07036926W;0.8
29;6;7;18;7;33;4259347N;07036930W;0.2
29;6;7;18;7;48;4259350N;07036924W;3.9
29;6;7;18;8;3;4259350N;07036921W;0.8
29;6;7;18;8;19;4259342N;07036920W;0.0
29;6;7;18;8;34;4259336N;07036918W;0.6
29;6;7;18;8;49;4259344N;07036924W;0.3
29;6;7;18;9;4;4259341N;07036921W;0.7
29;6;7;18;9;20;4259349N;07036926W;0.4
29;6;7;18;9;35;4259336N;07036919W;0.2
29;6;7;18;9;50;4259337N;07036921W;0.9
29;6;7;18;10;5;4259333N;07036918W;0.4
29;6;7;18;10;21;4259330N;07036916W;0.3
29;6;7;18;10;36;4259341N;07036924W;0.5
29;6;7;18;10;52;4259345N;07036911W;0.2
29;6;7;18;11;7;4259323N;07036898W;0.1
29;6;7;18;11;23;4259328N;07036918W;0.0
29;6;7;18;11;38;4259344N;07036919W;0.2
29;6;7;18;11;54;4301917N;07040311W;29.
29;6;7;18;12;9;4304889N;07043026W;11.
29;6;7;18;12;24;4306923N;07048016W;28.
29;6;7;18;12;39;4311248N;07053094W;24.
29;6;7;18;12;55;4314576N;07057765W;0.4
29;6;7;18;13;10;4314564N;07057778W;0.3
29;6;7;18;13;25;4314462N;07057861W;0.4
29;6;7;18;13;40;4314714N;07057846W;0.5
29;6;7;18;13;55;4314726N;07057845W;0.3
29;6;7;18;14;10;4314731N;07057850W;0.1
29;6;7;18;14;25;4314738N;07057847W;0.2
29;6;7;18;14;41;4314705N;07057862W;0.1
29;6;7;18;14;56;4314719N;07057849W;0.2
29;6;7;18;15;11;4314710N;07057855W;0.6
29;6;7;18;15;26;4314709N;07057843W;0.5
29;6;7;18;15;41;4314658N;07057791W;11.
29;6;7;18;15;56;4314564N;07057784W;0.3
29;6;7;18;16;11;4314569N;07057803W;0.9
29;6;7;18;16;26;4314604N;07057791W;0.2
29;6;7;18;16;42;4314595N;07057791W;0.3
29;6;7;18;16;57;4314590N;07057795W;0.9
29;6;7;18;17;12;4313714N;07057117W;15.
29;6;7;18;17;27;4309430N;07055482W;24.
29;6;7;18;17;42;4305949N;07052260W;19.
29;6;7;18;17;57;4305330N;07052597W;28.
29;6;7;18;18;13;4303396N;07051398W;30.
29;6;7;18;18;29;4301545N;07045480W;25.
29;6;7;18;18;44;4259571N;07037134W;25.
29;6;7;18;18;59;4259338N;07036917W;0.9
29;6;7;18;19;14;4259336N;07036910W;1.2
29;6;7;18;19;14;4259336N;07036910W;1.2
29;6;7;18;19;14;4259336N;07036910W;1.2
29;6;7;18;19;14;4259336N;07036910W;1.2
29;6;7;18;19;14;4259336N;07036910W;1.2
29;6;7;18;19;30;4259338N;07036917W;0.8
29;6;7;18;19;45;4259343N;07036912W;0.2
29;6;7;18;20;0;4259359N;07036884W;2.5
29;6;7;18;20;15;4259367N;07036855W;0.9
29;6;7;18;20;30;4259335N;07036932W;0.7
29;6;7;18;20;45;4259333N;07036936W;1.0
29;6;7;18;21;1;4259346N;07036947W;0.1
29;6;7;18;21;16;4259341N;07036938W;1.0
29;6;7;18;21;31;4259334N;07036920W;0.5
29;6;7;18;21;46;4259345N;07036933W;0.3
29;6;7;18;22;1;4259339N;07036918W;0.0
29;6;7;18;22;16;4259338N;07036922W;0.1
29;6;7;18;22;16;4259338N;07036922W;0.1
29;6;7;18;22;16;4259338N;07036922W;0.1
29;6;7;18;22;16;4259338N;07036922W;0.1
29;6;7;18;22;16;4259338N;07036922W;0.1
29;6;7;18;22;16;4259338N;07036922W;0.1
29;6;7;18;22;16;4259338N;07036922W;0.1
29;6;7;18;22;31;4259340N;07036932W;0.1
29;6;7;18;22;47;4259343N;07036926W;0.8
29;6;7;18;23;2;4259340N;07036917W;0.0
29;6;7;18;23;18;4259334N;07036917W;0.3
29;6;7;18;23;18;4259334N;07036917W;0.3
29;6;7;18;23;33;4259338N;07036923W;1.0
29;6;7;18;23;48;4259323N;07036931W;0.3
29;7;7;18;0;3;4259317N;07036930W;0.8
29;7;7;18;0;18;4259318N;07036926W;0.8
29;7;7;18;0;33;4259320N;07036915W;0.5
29;7;7;18;0;48;4259316N;07036908W;0.4
29;7;7;18;1;4;4259314N;07036760W;0.1
29;7;7;18;1;4;4259314N;07036760W;0.1
29;7;7;18;1;19;4259288N;07036989W;0.7
29;7;7;18;1;34;4259282N;07037050W;0.1
29;7;7;18;1;49;4259331N;07036913W;1.2
29;7;7;18;2;4;4259329N;07036914W;1.4
29;7;7;18;2;19;4259327N;07036908W;0.6
29;7;7;18;2;34;4259343N;07036912W;0.3
29;7;7;18;2;49;4259332N;07036926W;0.5
29;7;7;18;3;4;4259334N;07036927W;0.3
29;7;7;18;3;19;4259337N;07036930W;0.8
29;7;7;18;3;34;4259339N;07036935W;0.5
29;7;7;18;3;50;4259342N;07036923W;0.2
29;7;7;18;4;5;4259341N;07036924W;0.1
29;7;7;18;4;20;4259342N;07036921W;0.2
29;7;7;18;4;35;4259342N;07036924W;0.5
29;7;7;18;4;50;4259337N;07036926W;0.1
29;7;7;18;5;5;4259340N;07036926W;0.1
29;7;7;18;5;20;4259340N;07036926W;0.2
29;7;7;18;5;35;4259343N;07036922W;0.4
29;7;7;18;5;51;4259337N;07036931W;0.5
29;7;7;18;6;6;4259340N;07036919W;0.3
29;7;7;18;6;21;4259339N;07036921W;0.2
29;7;7;18;6;36;4259341N;07036929W;0.2
29;7;7;18;6;51;4259344N;07036926W;0.2
29;7;7;18;7;6;4259345N;07036932W;0.3
29;7;7;18;7;21;4259339N;07036936W;0.2
29;7;7;18;7;36;4259338N;07036920W;0.2
29;7;7;18;7;52;4259357N;07036897W;0.4
29;7;7;18;8;7;4259350N;07036919W;0.2
29;7;7;18;8;22;4259353N;07036905W;0.1
29;7;7;18;8;37;4259340N;07036924W;0.0
29;7;7;18;8;52;4259347N;07036931W;0.1
29;7;7;18;9;7;4259347N;07036924W;0.2
29;7;7;18;9;22;4259349N;07036927W;0.6
29;7;7;18;9;37;4259348N;07036929W;0.9
29;7;7;18;9;52;4259324N;07036917W;0.3
29;7;7;18;10;8;4259339N;07036945W;0.3
29;7;7;18;10;23;4259354N;07036932W;0.8
29;7;7;18;10;38;4259329N;07036931W;2.8
29;7;7;18;10;53;4259334N;07036934W;0.5
29;7;7;18;11;8;4259335N;07036936W;0.7
29;7;7;18;11;23;4259348N;07036951W;0.2
29;7;7;18;11;38;4259339N;07036928W;0.6
29;7;7;18;11;53;4259341N;07036901W;0.7
29;7;7;18;12;8;4259348N;07036929W;0.9
29;7;7;18;12;24;4259341N;07036918W;0.5
29;7;7;18;12;39;4259345N;07036920W;0.3
29;7;7;18;12;54;4259345N;07036919W;0.6
29;7;7;18;13;9;4259359N;07036899W;0.1
29;7;7;18;13;24;4259329N;07036889W;0.4
