25;13;7;18;18;16;4259345N;07036881W;0.1
25;13;7;18;19;17;4259362N;07036941W;0.4
25;13;7;18;20;17;4259336N;07036948W;9.3
25;13;7;18;21;18;4259330N;07036947W;0.2
25;13;7;18;22;18;4259354N;07036941W;0.2
25;13;7;18;23;19;4259325N;07036946W;0.5
25;14;7;18;0;19;4259275N;07036932W;0.1
25;14;7;18;1;19;4259311N;07036985W;0.5
25;14;7;18;2;20;4259374N;07036909W;0.1
25;14;7;18;3;20;4259344N;07036978W;0.2
25;14;7;18;4;20;4259304N;07036922W;0.2
25;14;7;18;5;21;4259309N;07036937W;0.8
25;14;7;18;6;21;4259390N;07036903W;0.0
25;14;7;18;7;21;4259275N;07036964W;0.1
25;14;7;18;8;22;4300177N;07032653W;19.
25;14;7;18;9;22;4251706N;07022042W;25.
25;14;7;18;10;22;4256960N;07012215W;30.
25;14;7;18;11;23;4259355N;07036935W;0.6
25;14;7;18;12;23;4259360N;07036923W;0.3
25;14;7;18;13;24;4259405N;07036914W;0.3
25;14;7;18;14;24;4259321N;07036927W;0.1
25;14;7;18;15;24;4259349N;07036953W;0.8
25;15;7;18;19;54;4237039N;07000238W;23.
25;15;7;18;20;54;4231573N;06957809W;3.0
25;15;7;18;21;10;4232942N;07000934W;18.
25;15;7;18;21;25;4237818N;07009815W;33.
25;15;7;18;21;40;4244104N;07017408W;33.
25;15;7;18;21;55;4250923N;07024355W;35.
25;15;7;18;22;11;4256740N;07034178W;36.
25;15;7;18;22;26;4259368N;07036938W;0.4
25;15;7;18;23;27;4259363N;07036935W;0.0
25;16;7;18;0;28;4259347N;07036945W;0.4
25;16;7;18;1;28;4259363N;07036930W;0.1
25;16;7;18;2;29;4259364N;07036933W;1.2
25;16;7;18;2;29;4259364N;07036933W;1.2
25;16;7;18;2;29;4259364N;07036933W;1.2
25;16;7;18;3;30;4259369N;07036948W;0.2
25;16;7;18;4;30;4259363N;07036941W;0.4
25;16;7;18;5;31;4259367N;07036949W;0.2
25;16;7;18;6;31;4259370N;07036941W;0.6
25;16;7;18;7;32;4259356N;07036914W;1.2
25;16;7;18;8;32;4300344N;07035185W;1.5
25;16;7;18;9;32;4259368N;07036966W;0.2
25;16;7;18;10;33;4256088N;07027705W;20.
25;16;7;18;10;33;4256088N;07027705W;20.
25;16;7;18;11;33;4259295N;07036983W;0.5
25;16;7;18;12;33;4251812N;07018147W;18.
25;16;7;18;16;6;4257216N;07039692W;22.
25;16;7;18;17;7;4259361N;07036943W;0.1
25;16;7;18;18;7;4259382N;07036909W;1.5
25;16;7;18;19;8;4259293N;07037005W;0.3
25;16;7;18;20;9;4259363N;07036928W;0.1
25;16;7;18;21;9;4259367N;07036939W;0.2
25;16;7;18;22;9;4259365N;07036937W;1.5
25;16;7;18;23;10;4259365N;07036933W;0.1
25;17;7;18;0;10;4259362N;07036937W;0.0
25;17;7;18;1;10;4259350N;07036945W;1.4
25;17;7;18;2;11;4259355N;07036937W;0.5
25;17;7;18;3;12;4259358N;07036927W;0.3
25;18;7;18;15;35;4259368N;07036934W;0.2
25;18;7;18;16;36;4259357N;07036940W;0.0
25;18;7;18;17;36;4259346N;07036942W;1.1
25;18;7;18;18;37;4259357N;07036948W;1.1
25;18;7;18;19;37;4259341N;07036949W;0.2
25;18;7;18;22;23;4253694N;07006465W;25.
25;18;7;18;23;24;4259172N;07025367W;22.
25;19;7;18;0;24;4259370N;07036948W;0.2
25;19;7;18;1;25;4259366N;07036929W;0.1
25;19;7;18;2;25;4259376N;07036947W;0.2
25;19;7;18;3;26;4259368N;07036948W;0.0
25;19;7;18;4;26;4259367N;07036948W;0.1
25;19;7;18;5;27;4259366N;07036944W;0.1
25;19;7;18;6;27;4259370N;07036949W;0.1
25;19;7;18;7;28;4259371N;07036947W;0.1
25;19;7;18;8;28;4259470N;07034656W;24.
25;19;7;18;9;28;4248301N;07008761W;24.
25;19;7;18;10;29;4243007N;06945628W;0.7
25;19;7;18;13;1;4247361N;07003521W;21.
25;19;7;18;13;16;4249988N;07009807W;21.
25;19;7;18;13;31;4252677N;07015833W;25.
25;19;7;18;13;46;4255663N;07022545W;25.
25;19;7;18;14;2;4258112N;07028588W;27.
25;19;7;18;14;17;4259285N;07036655W;25.
25;19;7;18;14;32;4259361N;07036937W;1.6
25;19;7;18;14;47;4259368N;07036930W;5.1
25;19;7;18;15;3;4259362N;07036927W;1.9
25;19;7;18;15;18;4259366N;07036938W;0.3
25;19;7;18;15;33;4259329N;07036904W;0.2
25;19;7;18;15;48;4259370N;07036940W;1.0
25;19;7;18;16;4;4259364N;07036930W;1.8
25;19;7;18;16;19;4259365N;07036933W;0.2
25;19;7;18;16;34;4259365N;07036939W;5.4
25;19;7;18;16;34;4259365N;07036939W;5.4
25;19;7;18;16;50;4259363N;07036941W;0.0
25;19;7;18;17;5;4259367N;07036936W;0.1
25;19;7;18;17;21;4259368N;07036934W;0.2
25;19;7;18;17;36;4259357N;07036951W;1.0
25;19;7;18;17;51;4259356N;07036955W;0.5
25;19;7;18;18;6;4259354N;07036944W;0.2
25;19;7;18;18;22;4259365N;07036924W;0.2
25;19;7;18;18;37;4259360N;07036951W;0.4
25;19;7;18;18;52;4259357N;07036951W;0.1
25;19;7;18;19;7;4259359N;07036928W;1.6
25;19;7;18;19;23;4259366N;07036906W;0.1
25;19;7;18;19;38;4259354N;07036938W;0.5
25;19;7;18;19;53;4259341N;07036950W;0.6
25;19;7;18;20;9;4259355N;07036980W;0.7
25;19;7;18;20;24;4259349N;07036968W;1.4
25;19;7;18;20;40;4259355N;07036959W;1.1
25;19;7;18;20;55;4259351N;07036952W;5.8
25;19;7;18;21;10;4259354N;07036943W;0.1
25;19;7;18;21;25;4259365N;07036936W;0.3
25;19;7;18;21;41;4259368N;07036935W;1.0
25;19;7;18;21;56;4259363N;07036938W;0.2
25;19;7;18;22;11;4259371N;07036938W;0.7
25;19;7;18;22;27;4259367N;07036935W;0.1
25;19;7;18;22;42;4259367N;07036932W;1.0
25;19;7;18;22;58;4259361N;07036936W;0.4
25;19;7;18;23;58;4259357N;07036942W;0.3
25;20;7;18;0;59;4259368N;07036951W;0.2
25;20;7;18;2;0;4259386N;07036964W;0.2
25;20;7;18;3;1;4259365N;07036945W;0.0
25;20;7;18;4;1;4259419N;07037000W;1.0
25;20;7;18;5;2;4259365N;07036946W;0.1
25;20;7;18;6;2;4259373N;07036930W;0.6
25;20;7;18;7;3;4259363N;07036948W;0.8
25;20;7;18;8;3;4259362N;07036953W;0.5
25;20;7;18;9;3;4255849N;07025009W;26.
25;20;7;18;10;4;4244521N;07002963W;8.8
25;20;7;18;11;4;4239142N;06951202W;2.2
25;20;7;18;11;4;4239142N;06951202W;2.2
25;20;7;18;12;4;4241612N;06949053W;2.5
25;20;7;18;13;5;4247914N;07002975W;27.
25;20;7;18;13;20;4250581N;07011040W;24.
25;20;7;18;13;35;4253462N;07018637W;26.
25;20;7;18;13;50;4255789N;07027106W;27.
25;20;7;18;14;6;4258701N;07035830W;29.
25;20;7;18;14;21;4259358N;07036940W;0.2
25;20;7;18;14;37;4259377N;07036938W;1.4
25;20;7;18;14;52;4259365N;07036947W;0.6
25;20;7;18;15;7;4259366N;07036952W;0.8
25;20;7;18;15;23;4259314N;07036896W;0.2
25;20;7;18;15;38;4259345N;07036958W;0.9
25;20;7;18;15;54;4259355N;07036958W;0.2
25;20;7;18;16;9;4259351N;07036958W;0.1
25;20;7;18;16;24;4259354N;07036959W;1.0
25;20;7;18;16;40;4258761N;07036230W;21.
25;20;7;18;16;55;4257983N;07029383W;21.
25;20;7;18;17;10;4255808N;07024946W;20.
25;20;7;18;17;25;4253920N;07018990W;19.
25;20;7;18;17;40;4254287N;07011927W;20.
25;20;7;18;17;56;4254254N;07004519W;20.
25;20;7;18;18;11;4253145N;07001088W;18.
25;20;7;18;18;26;4249627N;06958536W;17.
25;20;7;18;18;41;4245564N;06955747W;19.
25;20;7;18;18;56;4241932N;06951331W;19.
25;20;7;18;19;11;4240635N;06948589W;0.9
25;20;7;18;19;26;4242600N;06954642W;30.
25;20;7;18;19;42;4246927N;07004391W;34.
25;20;7;18;19;57;4251391N;07014150W;34.
25;20;7;18;20;12;4251698N;07016109W;27.
25;20;7;18;20;27;4254191N;07025982W;37.
25;20;7;18;20;42;4259137N;07036718W;26.
25;20;7;18;20;58;4259339N;07036919W;0.7
25;20;7;18;21;13;4259338N;07036917W;0.2
25;20;7;18;21;28;4259327N;07036951W;0.2
25;20;7;18;21;44;4259321N;07036909W;0.3
25;20;7;18;21;59;4259349N;07036907W;0.2
25;20;7;18;22;14;4259322N;07036950W;0.0
25;20;7;18;22;30;4259356N;07036924W;0.3
25;20;7;18;22;46;4259356N;07036939W;2.4
25;20;7;18;23;1;4259358N;07036933W;0.6
25;20;7;18;23;16;4259343N;07036938W;0.6
25;20;7;18;23;31;4259349N;07036916W;0.1
25;20;7;18;23;47;4259353N;07036922W;0.2
25;21;7;18;0;2;4259356N;07036924W;0.2
25;21;7;18;0;17;4259336N;07036913W;0.1
25;21;7;18;0;33;4259332N;07036907W;0.2
25;21;7;18;0;48;4259318N;07036922W;0.1
25;21;7;18;1;3;4259338N;07036929W;0.2
25;21;7;18;1;19;4259343N;07036915W;0.1
25;21;7;18;1;34;4259345N;07036917W;1.1
25;21;7;18;1;50;4259338N;07036916W;0.5
25;21;7;18;2;5;4259329N;07036924W;0.5
25;21;7;18;2;20;4259359N;07036927W;0.1
25;21;7;18;2;36;4259356N;07036933W;0.2
25;21;7;18;2;51;4259358N;07036943W;0.1
25;21;7;18;3;6;4259352N;07036948W;0.2
25;21;7;18;3;22;4259357N;07036940W;0.5
25;21;7;18;3;37;4259348N;07036934W;0.3
25;21;7;18;3;52;4259406N;07036938W;0.0
25;21;7;18;3;52;4259406N;07036938W;0.0
25;21;7;18;4;8;4259289N;07036932W;0.0
25;21;7;18;4;23;4259385N;07036980W;0.3
25;21;7;18;4;39;4259380N;07036969W;0.3
25;21;7;18;4;54;4259381N;07036964W;0.0
25;21;7;18;5;10;4259360N;07036939W;0.0
25;21;7;18;5;25;4259363N;07036936W;0.0
25;21;7;18;5;40;4259367N;07036937W;0.1
25;21;7;18;5;55;4259368N;07036950W;0.1
25;21;7;18;6;10;4259329N;07036930W;0.5
25;21;7;18;6;26;4259372N;07036949W;0.6
25;21;7;18;6;41;4259372N;07036949W;0.1
25;21;7;18;6;56;4259362N;07036942W;0.3
25;21;7;18;7;12;4259365N;07036963W;0.5
25;21;7;18;7;27;4259409N;07036926W;0.1
25;21;7;18;7;42;4259351N;07036952W;0.2
25;21;7;18;7;57;4259353N;07036951W;0.5
25;21;7;18;8;12;4259366N;07036937W;0.4
25;21;7;18;8;28;4259368N;07036931W;0.2
25;21;7;18;8;43;4259389N;07036934W;0.3
25;21;7;18;8;58;4259389N;07036944W;0.5
25;21;7;18;9;14;4259368N;07036921W;0.3
25;21;7;18;9;29;4259377N;07036980W;0.3
25;21;7;18;9;44;4259366N;07036967W;0.2
25;21;7;18;10;0;4259480N;07033544W;24.
25;21;7;18;10;15;4300359N;07025691W;24.
25;21;7;18;10;30;4259521N;07021940W;1.0
25;21;7;18;10;45;4259318N;07021327W;20.
25;21;7;18;11;0;4258298N;07018897W;19.
25;21;7;18;11;16;4255589N;07013503W;18.
25;21;7;18;11;31;4252673N;07012589W;22.
25;21;7;18;11;46;4248547N;07008518W;16.
25;21;7;18;12;1;4246249N;07004626W;0.3
25;21;7;18;12;16;4248044N;07006105W;0.8
25;21;7;18;12;31;4248865N;07009380W;27.
25;21;7;18;12;47;4252615N;07015034W;0.5
25;21;7;18;13;2;4252364N;07015091W;0.5
25;21;7;18;13;18;4250989N;07015095W;0.2
25;21;7;18;13;33;4249858N;07015063W;0.6
25;21;7;18;13;48;4248386N;07015022W;0.3
25;21;7;18;14;3;4248772N;07015056W;0.2
25;21;7;18;14;18;4248999N;07015111W;1.1
25;21;7;18;14;34;4249202N;07015076W;0.9
25;21;7;18;14;55;4248139N;07014989W;6.9
25;21;7;18;15;11;4247613N;07015060W;1.1
25;21;7;18;16;11;4247960N;07015043W;3.7
25;21;7;18;16;34;4246683N;07015287W;27.
25;21;7;18;16;49;4245433N;07024346W;27.
25;21;7;18;17;4;4243162N;07032330W;27.
25;21;7;18;17;19;4239859N;07037818W;0.8
25;21;7;18;17;34;4239911N;07037205W;0.2
25;21;7;18;17;49;4244681N;07038530W;2.0
25;21;7;18;18;5;4250445N;07039694W;27.
25;21;7;18;18;20;4256903N;07038522W;23.
25;21;7;18;18;35;4259356N;07036993W;0.1
25;21;7;18;18;50;4259359N;07036966W;0.0
25;21;7;18;19;5;4259356N;07036967W;2.2
25;21;7;18;19;21;4259359N;07036957W;0.4
25;21;7;18;19;36;4259350N;07036948W;0.1
25;21;7;18;19;51;4259355N;07036954W;0.3
25;21;7;18;20;6;4259360N;07036967W;0.2
25;21;7;18;20;22;4259343N;07036967W;0.2
25;21;7;18;20;37;4259365N;07036972W;0.2
25;21;7;18;20;52;4259351N;07036952W;0.1
25;21;7;18;21;7;4259297N;07036913W;0.6
25;21;7;18;21;23;4259366N;07036972W;0.4
