26;13;7;18;13;42;4259339N;07036976W;0.3
26;13;7;18;13;57;4259124N;07036912W;14.
26;13;7;18;14;12;4259113N;07036853W;26.
26;13;7;18;14;27;4255293N;07036599W;22.
26;13;7;18;14;42;4251602N;07039569W;0.1
26;13;7;18;14;57;4251623N;07039540W;0.2
26;13;7;18;14;57;4251623N;07039540W;0.2
26;13;7;18;15;12;4249862N;07039648W;0.5
26;13;7;18;15;27;4249896N;07039609W;0.7
26;13;7;18;15;42;4248628N;07039163W;0.6
26;13;7;18;15;42;4248628N;07039163W;0.6
26;13;7;18;15;58;4248772N;07037406W;20.
26;13;7;18;16;13;4247452N;07031493W;0.7
26;13;7;18;16;28;4247465N;07029989W;23.
26;13;7;18;16;44;4247938N;07022534W;18.
26;13;7;18;16;59;4245976N;07017068W;20.
26;13;7;18;17;14;4246679N;07009901W;25.
26;13;7;18;17;29;4244618N;07003934W;20.
26;13;7;18;17;44;4242920N;07002361W;0.5
26;13;7;18;17;59;4242844N;07002236W;0.4
26;13;7;18;18;14;4242509N;07002196W;1.2
26;13;7;18;18;29;4242435N;07002185W;1.0
26;13;7;18;18;44;4244640N;07005710W;32.
26;13;7;18;19;0;4251954N;07015067W;42.
26;13;7;18;19;15;4257033N;07026644W;39.
26;13;7;18;19;30;4259232N;07036970W;0.8
26;13;7;18;19;45;4259233N;07036960W;0.4
26;13;7;18;20;0;4259263N;07036945W;0.0
26;13;7;18;20;16;4259166N;07036640W;21.
26;13;7;18;20;16;4259166N;07036640W;21.
26;13;7;18;20;31;4259142N;07036672W;14.
26;13;7;18;20;31;4259142N;07036672W;14.
26;13;7;18;20;46;4303238N;07031925W;20.
26;13;7;18;20;46;4303238N;07031925W;20.
26;13;7;18;21;1;4304938N;07027315W;18.
26;13;7;18;21;16;4306132N;07025878W;0.7
26;13;7;18;21;16;4306132N;07025878W;0.7
26;13;7;18;21;16;4306132N;07025878W;0.7
26;13;7;18;21;16;4306132N;07025878W;0.7
26;13;7;18;21;16;4306132N;07025878W;0.7
26;13;7;18;21;31;4307242N;07028610W;0.3
26;13;7;18;21;31;4307242N;07028610W;0.3
26;13;7;18;21;46;4307264N;07028623W;0.2
26;13;7;18;21;46;4307264N;07028623W;0.2
26;13;7;18;21;46;4307264N;07028623W;0.2
26;13;7;18;22;1;4307256N;07028607W;0.5
26;13;7;18;22;1;4307256N;07028607W;0.5
26;13;7;18;22;1;4307256N;07028607W;0.5
26;13;7;18;22;1;4307256N;07028607W;0.5
26;13;7;18;22;1;4307256N;07028607W;0.5
26;13;7;18;22;17;4307261N;07028611W;0.2
26;13;7;18;22;32;4307266N;07028622W;0.1
26;13;7;18;22;47;4307266N;07028618W;0.2
26;13;7;18;23;2;4307257N;07028617W;0.5
26;13;7;18;23;2;4307257N;07028617W;0.5
26;13;7;18;23;17;4307212N;07028630W;0.2
26;13;7;18;23;32;4307226N;07028613W;0.5
26;13;7;18;23;47;4307271N;07028623W;0.2
26;14;7;18;0;2;4307240N;07028599W;0.4
26;14;7;18;0;17;4305897N;07030569W;0.8
26;14;7;18;0;33;4302435N;07034789W;28.
26;14;7;18;0;33;4302435N;07034789W;28.
26;14;7;18;0;48;4259294N;07036922W;0.2
26;14;7;18;0;48;4259294N;07036922W;0.2
26;14;7;18;1;3;4300600N;07036587W;0.1
26;14;7;18;1;3;4300600N;07036587W;0.1
26;14;7;18;1;3;4300600N;07036587W;0.1
26;14;7;18;1;3;4300600N;07036587W;0.1
26;14;7;18;1;3;4300600N;07036587W;0.1
26;14;7;18;1;3;4300600N;07036587W;0.1
26;14;7;18;1;3;4300600N;07036587W;0.1
26;14;7;18;1;3;4300600N;07036587W;0.1
26;14;7;18;1;3;4300600N;07036587W;0.1
26;14;7;18;1;18;4259354N;07036957W;0.3
26;14;7;18;1;34;4259286N;07036917W;0.1
26;14;7;18;1;49;4259300N;07036926W;0.0
26;14;7;18;2;4;4259314N;07036922W;0.7
26;14;7;18;2;19;4259319N;07036925W;0.4
26;14;7;18;2;34;4259307N;07036943W;0.8
26;14;7;18;2;49;4259308N;07036946W;0.7
26;14;7;18;3;4;4259313N;07036948W;0.2
26;14;7;18;3;20;4259305N;07036937W;0.3
26;14;7;18;3;35;4259306N;07036939W;0.5
26;14;7;18;3;50;4259315N;07036950W;0.3
26;14;7;18;4;5;4259309N;07036940W;0.7
26;14;7;18;4;20;4259305N;07036939W;0.4
26;14;7;18;4;35;4259308N;07036946W;1.9
26;14;7;18;4;50;4259324N;07036927W;0.8
26;14;7;18;5;5;4259311N;07036920W;0.6
26;14;7;18;5;20;4259317N;07036958W;0.4
26;14;7;18;5;35;4259342N;07036916W;1.4
26;14;7;18;5;50;4259322N;07036949W;0.1
26;14;7;18;6;5;4259325N;07036954W;0.7
26;14;7;18;6;20;4259317N;07036935W;0.1
26;14;7;18;6;36;4259316N;07036941W;0.1
26;14;7;18;6;51;4259328N;07036968W;0.1
26;14;7;18;7;6;4259297N;07036942W;0.1
26;14;7;18;7;21;4259292N;07036934W;0.6
26;14;7;18;7;36;4259306N;07036951W;0.3
26;14;7;18;7;51;4259309N;07036950W;0.1
26;14;7;18;8;7;4259308N;07036939W;0.2
26;14;7;18;8;22;4259309N;07036983W;0.3
26;14;7;18;8;37;4259289N;07036885W;0.5
26;14;7;18;8;52;4300628N;07031450W;20.
26;14;7;18;9;7;4259898N;07025488W;21.
26;14;7;18;9;22;4301853N;07018762W;22.
26;14;7;18;9;37;4302956N;07011882W;22.
26;14;7;18;9;52;4304468N;07004982W;22.
26;14;7;18;10;7;4309120N;07003205W;0.3
26;14;7;18;10;23;4309226N;07003125W;0.5
26;14;7;18;10;38;4309224N;07003301W;0.7
26;14;7;18;10;53;4309394N;07003176W;0.6
26;14;7;18;10;53;4309394N;07003176W;0.6
26;14;7;18;11;8;4309450N;07005262W;30.
26;14;7;18;11;23;4307765N;07015869W;31.
26;14;7;18;11;38;4305405N;07025383W;28.
26;14;7;18;11;53;4301967N;07033760W;28.
26;14;7;18;12;8;4259311N;07036941W;0.2
26;14;7;18;12;23;4259308N;07036938W;0.0
26;14;7;18;12;39;4259225N;07036659W;19.
26;14;7;18;12;54;4258988N;07036411W;22.
26;14;7;18;13;9;4257583N;07029012W;20.
26;14;7;18;13;24;4256259N;07023019W;22.
26;14;7;18;13;39;4255940N;07015998W;21.
26;14;7;18;13;54;4255408N;07008968W;23.
26;14;7;18;14;9;4255459N;07005364W;0.5
26;14;7;18;14;24;4255454N;07005460W;0.2
26;14;7;18;14;40;4255425N;07005466W;0.4
26;14;7;18;14;55;4255456N;07005518W;0.4
26;14;7;18;15;10;4255903N;07010775W;35.
26;14;7;18;15;25;4257221N;07020562W;32.
26;14;7;18;15;40;4259398N;07031545W;31.
26;14;7;18;15;56;4259311N;07036948W;0.1
26;14;7;18;16;11;4259315N;07036945W;0.8
26;14;7;18;16;26;4259318N;07036942W;0.1
26;14;7;18;16;42;4259315N;07036942W;0.4
26;14;7;18;16;57;4259314N;07036943W;0.3
26;14;7;18;17;12;4259315N;07036943W;0.3
26;14;7;18;17;27;4259303N;07036949W;0.9
26;14;7;18;17;42;4259197N;07036664W;29.
26;14;7;18;17;57;4300592N;07030457W;25.
26;14;7;18;18;13;4305172N;07024697W;25.
26;14;7;18;18;28;4305394N;07020550W;20.
26;14;7;18;18;43;4307419N;07013517W;24.
26;14;7;18;18;58;4307161N;07006301W;23.
26;14;7;18;19;13;4306444N;06959961W;18.
26;14;7;18;19;28;4306226N;06952739W;22.
26;14;7;18;19;43;4303919N;06951010W;2.7
26;14;7;18;19;58;4303378N;06953847W;8.9
26;14;7;18;20;13;4302848N;06956531W;8.3
26;14;7;18;20;28;4302391N;06959193W;8.7
26;14;7;18;20;43;4301846N;07001935W;8.4
26;14;7;18;20;58;4301266N;07004820W;8.4
26;14;7;18;21;13;4300746N;07007567W;8.4
26;14;7;18;21;28;4300257N;07010290W;7.5
26;14;7;18;21;43;4259779N;07012927W;8.3
26;14;7;18;21;58;4259301N;07015562W;7.4
26;14;7;18;22;13;4300576N;07009785W;26.
26;14;7;18;22;29;4302078N;07003969W;15.
26;14;7;18;22;44;4300776N;06958859W;21.
26;14;7;18;22;59;4257958N;06953360W;18.
26;14;7;18;23;14;4256625N;06951748W;1.5
26;14;7;18;23;29;4254809N;06958103W;23.
26;14;7;18;23;44;4254929N;07008912W;36.
26;14;7;18;23;59;4256555N;07020913W;32.
26;15;7;18;0;14;4258067N;07031840W;35.
26;15;7;18;0;29;4259277N;07036910W;0.2
26;15;7;18;0;44;4259268N;07036900W;0.3
26;15;7;18;0;59;4259300N;07036921W;0.3
26;15;7;18;1;14;4259307N;07036926W;0.1
26;15;7;18;1;29;4259308N;07036922W;0.7
26;15;7;18;1;44;4259314N;07036927W;0.3
26;15;7;18;2;0;4259312N;07036935W;0.7
26;15;7;18;2;15;4259294N;07036961W;0.9
26;15;7;18;2;30;4259289N;07036967W;0.2
26;15;7;18;2;45;4259296N;07036969W;0.2
26;15;7;18;3;0;4259295N;07036965W;0.1
26;15;7;18;3;15;4259290N;07036967W;0.3
26;15;7;18;3;30;4259287N;07036958W;0.4
26;15;7;18;3;45;4259270N;07036939W;0.4
26;15;7;18;4;1;4259299N;07036969W;0.1
26;15;7;18;4;16;4259275N;07036909W;0.3
26;15;7;18;4;31;4259280N;07036874W;0.1
26;15;7;18;4;46;4259287N;07036862W;0.1
26;15;7;18;5;1;4259287N;07036879W;0.5
26;15;7;18;5;17;4259328N;07036839W;0.1
26;15;7;18;5;32;4259321N;07036835W;0.3
26;15;7;18;5;47;4259291N;07036862W;0.2
26;15;7;18;6;2;4259291N;07036877W;0.3
26;15;7;18;6;17;4259325N;07036848W;0.1
26;15;7;18;6;33;4259291N;07036887W;0.3
26;15;7;18;6;48;4259301N;07036892W;0.3
26;15;7;18;7;3;4259337N;07036900W;0.2
26;15;7;18;7;19;4259259N;07036900W;0.0
26;15;7;18;7;34;4259294N;07036895W;0.6
26;15;7;18;7;49;4259292N;07036886W;0.5
26;15;7;18;8;4;4259280N;07036892W;0.1
26;15;7;18;8;20;4259284N;07036889W;0.5
26;15;7;18;8;35;4259283N;07036887W;0.3
26;15;7;18;8;50;4259286N;07036888W;1.3
26;15;7;18;9;5;4259286N;07036887W;0.4
26;15;7;18;9;20;4259078N;07036641W;2.5
26;15;7;18;9;35;4259080N;07036700W;0.1
26;15;7;18;9;50;4259264N;07037002W;22.
26;15;7;18;10;5;4259085N;07036880W;21.
26;15;7;18;10;20;4259101N;07036861W;19.
26;15;7;18;10;35;4257437N;07033894W;22.
26;15;7;18;10;51;4257807N;07025807W;22.
26;15;7;18;11;6;4258943N;07020958W;0.4
26;15;7;18;11;21;4258978N;07020977W;0.6
26;15;7;18;11;36;4259022N;07020981W;1.5
26;15;7;18;11;51;4259066N;07021041W;0.8
26;15;7;18;12;6;4259092N;07021067W;4.1
26;15;7;18;12;21;4259166N;07021000W;0.2
26;15;7;18;12;37;4259081N;07020642W;11.
26;15;7;18;12;52;4300756N;07021987W;31.
26;15;7;18;13;7;4301767N;07022728W;3.9
26;15;7;18;13;22;4301670N;07022848W;1.0
26;15;7;18;13;37;4301477N;07023044W;1.0
26;15;7;18;13;52;4301345N;07023205W;1.9
26;15;7;18;14;8;4301327N;07023108W;9.5
26;15;7;18;14;23;4301810N;07022798W;0.7
26;15;7;18;14;38;4301923N;07025725W;7.7
26;15;7;18;14;53;4302057N;07028343W;8.8
26;15;7;18;15;8;4259733N;07026410W;23.
26;15;7;18;15;23;4256136N;07021019W;16.
26;15;7;18;15;38;4253269N;07020127W;0.1
26;15;7;18;15;53;4253013N;07019212W;0.8
26;15;7;18;16;8;4252921N;07019004W;1.0
26;15;7;18;16;24;4253056N;07019191W;0.5
26;15;7;18;16;39;4253061N;07019188W;1.2
26;15;7;18;16;54;4252030N;07019327W;0.8
26;15;7;18;17;9;4251734N;07019404W;0.5
26;15;7;18;17;24;4251742N;07019345W;0.9
26;15;7;18;17;39;4251744N;07019323W;0.1
26;15;7;18;17;54;4256326N;07026312W;29.
26;15;7;18;18;10;4259512N;07034693W;31.
26;15;7;18;18;25;4259313N;07036946W;0.0
26;15;7;18;18;40;4259309N;07036931W;0.2
26;15;7;18;18;55;4259310N;07036936W;0.3
26;15;7;18;19;10;4259195N;07036634W;26.
26;15;7;18;19;26;4257621N;07036070W;6.6
26;15;7;18;19;41;4259311N;07036926W;0.1
26;15;7;18;19;56;4258564N;07036627W;21.
26;15;7;18;20;11;4257664N;07036121W;17.
26;15;7;18;20;26;4254966N;07036353W;25.
26;15;7;18;20;41;4253000N;07038197W;2.5
26;15;7;18;20;56;4253418N;07037586W;3.4
26;15;7;18;21;11;4253167N;07036845W;2.3
26;15;7;18;21;27;4252634N;07037236W;2.1
26;15;7;18;21;42;4252234N;07037860W;2.3
26;15;7;18;21;57;4251697N;07038209W;1.8
26;15;7;18;22;12;4251421N;07037789W;23.
26;15;7;18;22;27;4251658N;07038588W;1.1
26;15;7;18;22;42;4252238N;07038000W;28.
26;15;7;18;22;57;4259305N;07036983W;1.1
26;15;7;18;23;13;4259299N;07036987W;0.3
26;15;7;18;23;28;4259200N;07036957W;0.2
26;15;7;18;23;43;4259234N;07036943W;0.2
26;15;7;18;23;58;4259242N;07036923W;0.6
26;16;7;18;0;13;4259244N;07036897W;0.3
26;16;7;18;0;29;4259256N;07036892W;0.3
26;16;7;18;0;44;4259267N;07036897W;0.6
26;16;7;18;0;59;4259302N;07036927W;0.6
26;16;7;18;1;14;4259317N;07036928W;0.2
26;16;7;18;1;14;4259317N;07036928W;0.2
26;16;7;18;1;14;4259317N;07036928W;0.2
26;16;7;18;1;29;4259324N;07036931W;0.3
26;16;7;18;1;44;4259326N;07036931W;0.7
26;16;7;18;1;59;4259321N;07036944W;0.1
26;16;7;18;2;15;4259317N;07036943W;0.2
26;16;7;18;2;30;4259314N;07036951W;0.8
26;16;7;18;2;45;4259315N;07036950W;0.3
26;16;7;18;3;0;4259315N;07036945W;0.8
26;16;7;18;3;15;4259303N;07036955W;0.5
26;16;7;18;3;30;4259335N;07036966W;1.2
26;16;7;18;3;45;4259305N;07036935W;0.0
26;16;7;18;4;0;4259330N;07036940W;0.5
26;16;7;18;4;16;4259313N;07036944W;0.0
26;16;7;18;4;31;4259307N;07036950W;0.5
26;16;7;18;4;46;4259305N;07036956W;0.4
26;16;7;18;5;1;4259308N;07036948W;0.8
26;16;7;18;5;16;4259303N;07036946W;0.5
26;16;7;18;5;31;4259301N;07036939W;0.3
26;16;7;18;5;46;4259298N;07036936W;0.1
26;16;7;18;6;1;4259283N;07036955W;0.1
26;16;7;18;6;16;4259268N;07036967W;0.3
26;16;7;18;6;31;4259269N;07036964W;0.4
26;16;7;18;6;47;4259281N;07036960W;0.6
26;16;7;18;7;2;4259291N;07036956W;0.6
26;16;7;18;7;17;4259315N;07036974W;1.5
26;16;7;18;7;32;4259279N;07036952W;0.9
26;16;7;18;7;47;4259269N;07036940W;0.0
26;16;7;18;8;3;4259318N;07036945W;0.0
26;16;7;18;8;3;4259318N;07036945W;0.0
26;16;7;18;8;18;4259315N;07036946W;0.3
26;16;7;18;8;33;4259315N;07036942W;0.1
26;16;7;18;8;49;4259316N;07036942W;0.1
26;16;7;18;9;4;4259315N;07036943W;0.2
26;16;7;18;9;19;4259307N;07036941W;0.1
26;16;7;18;9;34;4259305N;07036945W;0.3
26;16;7;18;9;49;4259302N;07036943W;0.3
26;16;7;18;10;4;4259299N;07036948W;0.2
26;16;7;18;10;20;4259295N;07036942W;0.2
26;16;7;18;10;35;4259096N;07036979W;18.
26;16;7;18;10;50;4259075N;07036717W;0.3
26;16;7;18;11;5;4259075N;07036722W;1.6
26;16;7;18;11;20;4259299N;07036930W;0.8
26;16;7;18;11;35;4259302N;07036933W;0.4
26;16;7;18;11;50;4259272N;07036873W;0.4
26;16;7;18;12;5;4259287N;07036920W;0.3
26;16;7;18;12;20;4259293N;07036928W;0.6
26;16;7;18;12;36;4257982N;07037144W;26.
26;16;7;18;12;51;4252682N;07039105W;0.4
26;16;7;18;13;6;4252802N;07037393W;0.2
26;16;7;18;13;21;4253025N;07036959W;1.3
26;16;7;18;13;36;4253363N;07037114W;0.5
26;16;7;18;13;51;4253380N;07037376W;0.6
26;16;7;18;14;6;4253607N;07037091W;1.4
26;16;7;18;14;21;4254780N;07032644W;23.
26;16;7;18;14;36;4254899N;07028777W;0.8
26;16;7;18;14;51;4255053N;07028258W;0.6
26;16;7;18;15;6;4254583N;07026591W;14.
26;16;7;18;15;21;4253089N;07020910W;0.8
26;16;7;18;15;37;4252554N;07016873W;22.
26;16;7;18;15;52;4252179N;07014298W;23.
26;16;7;18;16;7;4252411N;07013050W;0.6
26;16;7;18;16;22;4251487N;07012858W;0.4
26;16;7;18;16;37;4251385N;07012774W;0.8
26;16;7;18;16;52;4255282N;07017641W;32.
26;16;7;18;16;52;4255282N;07017641W;32.
26;16;7;18;16;52;4255282N;07017641W;32.
26;16;7;18;17;7;4300906N;07024223W;29.
26;16;7;18;17;7;4300906N;07024223W;29.
26;16;7;18;17;22;4303464N;07033173W;31.
26;16;7;18;17;38;4302148N;07040914W;23.
26;16;7;18;17;53;4259317N;07036944W;0.6
26;16;7;18;18;8;4259315N;07036947W;0.7
26;16;7;18;18;23;4259321N;07036921W;1.2
26;16;7;18;18;38;4259317N;07036945W;0.6
26;16;7;18;18;53;4259291N;07036872W;1.7
26;16;7;18;19;8;4259299N;07036861W;0.6
26;16;7;18;19;24;4259314N;07036937W;0.4
26;16;7;18;19;39;4259306N;07036943W;0.6
26;16;7;18;19;54;4259172N;07036828W;0.5
26;16;7;18;20;9;4258961N;07036670W;0.3
26;16;7;18;20;24;4258961N;07036669W;1.0
26;16;7;18;20;39;4259299N;07036933W;0.5
26;16;7;18;20;54;4259307N;07036946W;0.3
26;16;7;18;21;9;4259314N;07036934W;0.7
26;16;7;18;21;25;4259315N;07036944W;0.7
26;16;7;18;21;25;4259315N;07036944W;0.7
26;16;7;18;21;40;4259308N;07036936W;0.3
26;16;7;18;21;55;4259310N;07036942W;0.7
26;16;7;18;22;10;4259319N;07036947W;0.1
26;16;7;18;22;25;4259315N;07036953W;0.5
26;16;7;18;22;40;4259314N;07036959W;0.1
26;16;7;18;22;56;4259306N;07036961W;0.0
26;16;7;18;23;11;4259311N;07036945W;0.4
26;16;7;18;23;26;4259284N;07036966W;0.9
26;16;7;18;23;41;4259390N;07036942W;0.4
26;16;7;18;23;56;4259248N;07036908W;0.5
26;17;7;18;0;12;4259302N;07036936W;0.0
26;17;7;18;0;27;4259301N;07036934W;0.4
26;17;7;18;0;42;4259295N;07036930W;0.6
26;17;7;18;0;57;4259304N;07036936W;0.4
26;17;7;18;1;12;4259308N;07036936W;0.3
26;17;7;18;1;27;4259304N;07036937W;0.9
26;17;7;18;1;42;4259312N;07036948W;0.2
26;17;7;18;1;58;4259318N;07036933W;0.1
26;17;7;18;2;14;4259315N;07036941W;0.2
26;17;7;18;2;29;4259309N;07036937W;0.3
26;17;7;18;2;29;4259309N;07036937W;0.3
26;17;7;18;2;29;4259309N;07036937W;0.3
26;17;7;18;2;29;4259309N;07036937W;0.3
26;17;7;18;2;29;4259309N;07036937W;0.3
26;17;7;18;2;29;4259309N;07036937W;0.3
26;17;7;18;2;29;4259309N;07036937W;0.3
26;17;7;18;2;29;4259309N;07036937W;0.3
26;17;7;18;2;29;4259309N;07036937W;0.3
26;17;7;18;2;29;4259309N;07036937W;0.3
26;17;7;18;2;29;4259309N;07036937W;0.3
26;17;7;18;2;29;4259309N;07036937W;0.3
26;17;7;18;2;44;4259313N;07036945W;0.7
26;17;7;18;2;44;4259313N;07036945W;0.7
26;17;7;18;2;59;4259312N;07036944W;0.6
26;17;7;18;3;14;4259308N;07036939W;0.7
26;17;7;18;3;29;4259291N;07036893W;1.0
26;17;7;18;3;44;4259258N;07036849W;1.0
26;17;7;18;3;44;4259258N;07036849W;1.0
26;17;7;18;3;59;4259280N;07036880W;0.5
26;17;7;18;4;15;4259287N;07036892W;0.1
26;17;7;18;4;30;4259295N;07036895W;0.4
26;17;7;18;4;45;4259279N;07036915W;0.1
26;17;7;18;5;0;4259283N;07036915W;0.4
26;17;7;18;5;0;4259283N;07036915W;0.4
26;17;7;18;5;0;4259283N;07036915W;0.4
26;17;7;18;5;16;4259285N;07036911W;0.5
26;17;7;18;5;16;4259285N;07036911W;0.5
26;17;7;18;5;31;4259279N;07036911W;1.1
26;17;7;18;5;31;4259279N;07036911W;1.1
26;17;7;18;5;46;4259288N;07036911W;0.2
26;17;7;18;6;1;4259285N;07036911W;0.4
26;17;7;18;6;17;4259291N;07036929W;0.3
26;17;7;18;6;32;4259289N;07036930W;0.2
26;17;7;18;6;32;4259289N;07036930W;0.2
26;17;7;18;6;32;4259289N;07036930W;0.2
26;17;7;18;6;47;4259286N;07036893W;0.4
26;17;7;18;6;47;4259286N;07036893W;0.4
26;17;7;18;6;47;4259286N;07036893W;0.4
26;17;7;18;6;47;4259286N;07036893W;0.4
26;17;7;18;6;47;4259286N;07036893W;0.4
26;17;7;18;7;2;4259280N;07036903W;0.2
26;17;7;18;7;2;4259280N;07036903W;0.2
26;17;7;18;7;2;4259280N;07036903W;0.2
26;17;7;18;7;2;4259280N;07036903W;0.2
26;17;7;18;7;2;4259280N;07036903W;0.2
26;17;7;18;7;2;4259280N;07036903W;0.2
26;17;7;18;7;2;4259280N;07036903W;0.2
26;17;7;18;7;18;4259272N;07036903W;0.1
26;17;7;18;7;33;4259273N;07036904W;0.5
26;17;7;18;7;48;4259259N;07036899W;0.6
26;17;7;18;8;3;4259279N;07036893W;0.6
26;17;7;18;8;18;4259257N;07036878W;0.2
26;17;7;18;8;34;4259272N;07036887W;0.1
26;17;7;18;8;49;4259261N;07036840W;0.9
26;17;7;18;9;4;4259355N;07036991W;0.4
26;17;7;18;9;19;4257202N;07037321W;21.
26;17;7;18;9;19;4257202N;07037321W;21.
26;17;7;18;9;19;4257202N;07037321W;21.
26;17;7;18;9;34;4253927N;07036835W;0.2
26;17;7;18;9;49;4252976N;07037896W;24.
26;17;7;18;10;4;4249931N;07039323W;20.
26;17;7;18;10;20;4249430N;07039189W;18.
26;17;7;18;10;36;4248935N;07039441W;0.9
26;17;7;18;10;51;4248467N;07039611W;1.0
26;17;7;18;11;6;4248490N;07039392W;22.
26;17;7;18;11;21;4247695N;07038947W;1.9
26;17;7;18;11;36;4247990N;07039165W;2.3
26;17;7;18;11;36;4247990N;07039165W;2.3
26;17;7;18;11;51;4248359N;07040137W;0.3
26;17;7;18;12;6;4248891N;07040405W;1.9
26;17;7;18;12;21;4248919N;07040290W;0.7
26;17;7;18;12;36;4250016N;07038822W;28.
26;17;7;18;12;51;4250186N;07039391W;0.5
26;17;7;18;13;6;4249618N;07039180W;2.4
26;17;7;18;13;22;4253927N;07037081W;15.
26;17;7;18;13;37;4255382N;07037573W;39.
26;17;7;18;13;52;4259314N;07036856W;0.7
26;17;7;18;14;7;4259271N;07036891W;0.2
26;17;7;18;14;22;4259063N;07036788W;19.
26;17;7;18;14;38;4257561N;07032928W;22.
26;17;7;18;14;53;4255990N;07025522W;1.0
26;17;7;18;14;53;4255990N;07025522W;1.0
26;17;7;18;15;8;4256076N;07025531W;10.
26;17;7;18;15;23;4255565N;07024269W;24.
26;17;7;18;15;38;4251925N;07019686W;20.
26;17;7;18;15;53;4252921N;07021773W;14.
26;17;7;18;16;8;4254072N;07023884W;8.1
26;17;7;18;16;8;4254072N;07023884W;8.1
26;17;7;18;16;8;4254072N;07023884W;8.1
26;17;7;18;16;8;4254072N;07023884W;8.1
26;17;7;18;16;8;4254072N;07023884W;8.1
26;17;7;18;16;8;4254072N;07023884W;8.1
26;17;7;18;16;8;4254072N;07023884W;8.1
26;17;7;18;16;8;4254072N;07023884W;8.1
26;17;7;18;16;23;4259550N;07028740W;42.
26;17;7;18;16;38;4259416N;07036449W;21.
26;17;7;18;16;53;4259311N;07036949W;0.5
26;17;7;18;17;9;4259319N;07036939W;0.9
26;17;7;18;17;24;4259311N;07036936W;0.1
26;17;7;18;17;39;4258958N;07036802W;0.6
26;17;7;18;17;54;4259097N;07036777W;17.
26;17;7;18;18;9;4258650N;07036966W;0.7
26;17;7;18;18;24;4258261N;07037028W;24.
26;17;7;18;18;39;4253830N;07038171W;1.2
26;17;7;18;18;54;4252127N;07038417W;30.
26;17;7;18;19;10;4248645N;07040339W;0.4
26;17;7;18;19;25;4248517N;07040333W;0.6
26;17;7;18;19;40;4248763N;07040293W;5.4
26;17;7;18;19;40;4248763N;07040293W;5.4
26;17;7;18;19;55;4248772N;07040246W;0.7
26;17;7;18;20;10;4248815N;07040196W;1.8
26;17;7;18;20;10;4248815N;07040196W;1.8
26;17;7;18;20;10;4248815N;07040196W;1.8
26;17;7;18;20;25;4248746N;07040394W;14.
26;17;7;18;20;25;4248746N;07040394W;14.
26;17;7;18;20;40;4255701N;07040358W;31.
26;17;7;18;20;55;4259325N;07036942W;0.2
26;17;7;18;21;11;4259308N;07036940W;0.1
26;17;7;18;21;26;4259304N;07036939W;0.1
26;17;7;18;21;41;4259307N;07036942W;0.2
26;17;7;18;21;41;4259307N;07036942W;0.2
26;17;7;18;21;56;4259313N;07036927W;3.2
26;17;7;18;22;11;4259307N;07036942W;0.5
26;17;7;18;22;26;4259311N;07036921W;0.3
26;17;7;18;22;41;4259280N;07036964W;0.4
26;17;7;18;22;57;4259295N;07036944W;0.6
26;17;7;18;23;12;4259295N;07036943W;0.7
26;17;7;18;23;27;4259296N;07036940W;0.1
26;17;7;18;23;42;4259295N;07036938W;1.1
26;17;7;18;23;57;4259298N;07036934W;0.3
26;18;7;18;0;12;4259305N;07036935W;0.5
26;18;7;18;0;27;4259307N;07036998W;0.2
26;18;7;18;0;42;4259296N;07036976W;0.1
26;18;7;18;0;58;4259314N;07037019W;0.2
26;18;7;18;1;13;4259291N;07036977W;0.1
26;18;7;18;1;28;4259284N;07036985W;0.5
26;18;7;18;1;43;4259287N;07036981W;0.0
26;18;7;18;1;59;4259303N;07036969W;0.0
26;18;7;18;1;59;4259303N;07036969W;0.0
26;18;7;18;1;59;4259303N;07036969W;0.0
26;18;7;18;2;14;4259318N;07036946W;0.2
26;18;7;18;2;29;4259292N;07036931W;0.0
26;18;7;18;2;44;4259293N;07036936W;0.1
26;18;7;18;2;59;4259390N;07036855W;0.0
26;18;7;18;2;59;4259390N;07036855W;0.0
26;18;7;18;2;59;4259390N;07036855W;0.0
26;18;7;18;2;59;4259390N;07036855W;0.0
26;18;7;18;2;59;4259390N;07036855W;0.0
26;18;7;18;3;15;4259250N;07036943W;0.4
26;18;7;18;3;15;4259250N;07036943W;0.4
26;18;7;18;3;15;4259250N;07036943W;0.4
26;18;7;18;3;30;4259265N;07036911W;0.3
26;18;7;18;3;46;4259320N;07036884W;0.2
26;18;7;18;3;46;4259320N;07036884W;0.2
26;18;7;18;4;1;4259283N;07036876W;0.3
26;18;7;18;4;16;4259256N;07036895W;0.2
26;18;7;18;4;16;4259256N;07036895W;0.2
26;18;7;18;4;16;4259256N;07036895W;0.2
26;18;7;18;4;16;4259256N;07036895W;0.2
26;18;7;18;4;16;4259256N;07036895W;0.2
26;18;7;18;4;16;4259256N;07036895W;0.2
26;18;7;18;4;31;4259268N;07036868W;1.0
26;18;7;18;4;47;4259263N;07036896W;0.5
26;18;7;18;4;47;4259263N;07036896W;0.5
26;18;7;18;4;47;4259263N;07036896W;0.5
26;18;7;18;4;47;4259263N;07036896W;0.5
26;18;7;18;5;2;4259264N;07036883W;0.1
26;18;7;18;5;17;4259267N;07036890W;0.5
26;18;7;18;5;32;4259274N;07036892W;0.6
26;18;7;18;5;48;4259260N;07036862W;0.2
26;18;7;18;6;3;4259265N;07036859W;0.4
26;18;7;18;6;19;4259275N;07036859W;0.3
26;18;7;18;6;34;4259264N;07036903W;0.0
26;18;7;18;6;50;4259274N;07036868W;0.2
26;18;7;18;7;5;4259257N;07036836W;0.1
26;18;7;18;7;5;4259257N;07036836W;0.1
26;18;7;18;7;5;4259257N;07036836W;0.1
26;18;7;18;7;21;4259258N;07036822W;0.2
26;18;7;18;7;21;4259258N;07036822W;0.2
26;18;7;18;7;21;4259258N;07036822W;0.2
26;18;7;18;7;21;4259258N;07036822W;0.2
26;18;7;18;7;21;4259258N;07036822W;0.2
26;18;7;18;7;36;4259252N;07036873W;0.1
26;18;7;18;7;36;4259252N;07036873W;0.1
26;18;7;18;7;51;4259252N;07036871W;0.4
26;18;7;18;7;51;4259252N;07036871W;0.4
26;18;7;18;7;51;4259252N;07036871W;0.4
26;18;7;18;8;7;4259260N;07036863W;0.1
26;18;7;18;8;22;4259257N;07036856W;0.5
26;18;7;18;8;37;4259253N;07036853W;0.3
26;18;7;18;8;52;4259259N;07036849W;0.5
26;18;7;18;9;8;4259262N;07036984W;20.
26;18;7;18;9;24;4259289N;07036889W;0.1
26;18;7;18;9;39;4256963N;07037385W;28.
26;18;7;18;9;54;4253754N;07039260W;1.1
26;18;7;18;10;9;4253230N;07039774W;20.
26;18;7;18;10;24;4253042N;07040970W;0.7
26;18;7;18;10;39;4252913N;07041074W;0.4
26;18;7;18;10;54;4251892N;07040728W;0.7
26;18;7;18;11;9;4250059N;07040805W;1.4
26;18;7;18;11;9;4250059N;07040805W;1.4
26;18;7;18;11;25;4249373N;07040665W;1.9
26;18;7;18;11;40;4249038N;07040372W;0.3
26;18;7;18;11;55;4249022N;07040394W;0.1
26;18;7;18;12;10;4249035N;07040453W;0.4
26;18;7;18;12;25;4249399N;07039765W;0.0
26;18;7;18;12;41;4249754N;07040084W;26.
26;18;7;18;12;56;4254342N;07037799W;24.
26;18;7;18;13;11;4259295N;07036924W;0.2
26;18;7;18;13;26;4258295N;07036912W;27.
26;18;7;18;13;41;4252655N;07029678W;37.
26;18;7;18;13;56;4249266N;07020183W;29.
26;18;7;18;14;11;4246317N;07015049W;2.4
26;18;7;18;14;26;4246251N;07015157W;0.8
26;18;7;18;14;41;4246215N;07015287W;0.6
26;18;7;18;14;56;4246202N;07015529W;1.3
26;18;7;18;15;11;4246406N;07015661W;1.5
26;18;7;18;15;27;4246315N;07015776W;0.5
26;18;7;18;15;42;4245873N;07016232W;1.0
26;18;7;18;15;57;4246353N;07015304W;21.
26;18;7;18;16;12;4246885N;07013873W;24.
26;18;7;18;16;28;4250923N;07011901W;0.5
26;18;7;18;16;43;4251722N;07012803W;24.
26;18;7;18;16;58;4252794N;07012298W;0.3
26;18;7;18;17;13;4253219N;07014284W;25.
26;18;7;18;17;28;4256049N;07021098W;27.
26;18;7;18;17;43;4259327N;07027937W;26.
26;18;7;18;17;58;4259723N;07036319W;30.
26;18;7;18;18;13;4259320N;07036959W;0.5
26;18;7;18;18;28;4259315N;07036943W;0.3
26;18;7;18;18;43;4258904N;07032610W;15.
26;18;7;18;18;43;4258904N;07032610W;15.
26;18;7;18;18;58;4257784N;07026472W;23.
26;18;7;18;19;14;4255901N;07025074W;0.2
26;18;7;18;19;29;4255903N;07025154W;0.8
26;18;7;18;19;29;4255903N;07025154W;0.8
26;18;7;18;19;29;4255903N;07025154W;0.8
26;18;7;18;19;44;4255885N;07019498W;24.
26;18;7;18;19;59;4255585N;07011930W;13.
26;18;7;18;20;14;4253596N;07004180W;26.
26;18;7;18;20;14;4253596N;07004180W;26.
26;18;7;18;20;29;4253288N;07003744W;0.1
26;18;7;18;20;29;4253288N;07003744W;0.1
26;18;7;18;20;29;4253288N;07003744W;0.1
26;18;7;18;20;29;4253288N;07003744W;0.1
26;18;7;18;20;44;4253206N;07003749W;0.2
26;18;7;18;20;44;4253206N;07003749W;0.2
26;18;7;18;20;59;4251505N;07002394W;32.
26;18;7;18;20;59;4251505N;07002394W;32.
26;18;7;18;20;59;4251505N;07002394W;32.
26;18;7;18;21;14;4246978N;06959976W;0.7
26;18;7;18;21;30;4246366N;06958735W;26.
26;18;7;18;21;30;4246366N;06958735W;26.
26;18;7;18;21;45;4246270N;06958758W;0.5
26;18;7;18;22;0;4246297N;06957823W;0.2
26;18;7;18;22;15;4242912N;06955691W;30.
26;18;7;18;22;15;4242912N;06955691W;30.
26;18;7;18;22;15;4242912N;06955691W;30.
26;18;7;18;22;15;4242912N;06955691W;30.
26;18;7;18;22;15;4242912N;06955691W;30.
26;18;7;18;22;15;4242912N;06955691W;30.
26;18;7;18;22;15;4242912N;06955691W;30.
26;18;7;18;22;15;4242912N;06955691W;30.
26;18;7;18;22;15;4242912N;06955691W;30.
26;18;7;18;22;15;4242912N;06955691W;30.
26;18;7;18;22;15;4242912N;06955691W;30.
26;18;7;18;22;15;4242912N;06955691W;30.
26;18;7;18;22;15;4242912N;06955691W;30.
26;18;7;18;22;15;4242912N;06955691W;30.
26;18;7;18;22;15;4242912N;06955691W;30.
26;18;7;18;22;15;4242912N;06955691W;30.
26;18;7;18;22;30;4235711N;06951086W;35.
26;18;7;18;22;46;4233780N;06950330W;2.2
26;18;7;18;23;1;4234542N;06950394W;2.8
26;18;7;18;23;16;4235213N;06950407W;2.6
26;18;7;18;23;31;4235841N;06950020W;3.6
26;18;7;18;23;46;4236307N;06949262W;2.3
26;18;7;18;23;46;4236307N;06949262W;2.3
26;19;7;18;0;1;4236635N;06948467W;1.0
26;19;7;18;0;16;4236696N;06947482W;29.
26;19;7;18;0;32;4236409N;06946991W;24.
26;19;7;18;0;32;4236409N;06946991W;24.
26;19;7;18;0;47;4235811N;06946000W;2.6
26;19;7;18;0;47;4235811N;06946000W;2.6
26;19;7;18;0;47;4235811N;06946000W;2.6
26;19;7;18;0;47;4235811N;06946000W;2.6
26;19;7;18;0;47;4235811N;06946000W;2.6
26;19;7;18;1;2;4235455N;06945163W;2.3
26;19;7;18;1;17;4235258N;06944294W;0.6
26;19;7;18;1;32;4235075N;06943507W;0.2
26;19;7;18;1;32;4235075N;06943507W;0.2
26;19;7;18;1;47;4235110N;06942499W;20.
26;19;7;18;1;47;4235110N;06942499W;20.
26;19;7;18;2;2;4234804N;06941786W;0.9
26;19;7;18;2;17;4234520N;06941269W;9.6
26;19;7;18;2;32;4233765N;06940703W;0.5
26;19;7;18;2;47;4233189N;06940307W;0.4
26;19;7;18;3;2;4232732N;06939782W;0.2
26;19;7;18;3;17;4232332N;06939130W;0.8
26;19;7;18;3;17;4232332N;06939130W;0.8
26;19;7;18;3;33;4232157N;06938354W;13.
26;19;7;18;3;48;4231538N;06937565W;0.6
26;19;7;18;4;3;4231130N;06936883W;0.1
26;19;7;18;4;18;4230532N;06936451W;1.0
26;19;7;18;4;33;4230203N;06936470W;0.3
26;19;7;18;4;48;4230074N;06936249W;8.7
26;19;7;18;5;3;4230617N;06935434W;0.3
26;19;7;18;5;18;4231439N;06935793W;14.
26;19;7;18;5;33;4232207N;06936339W;0.7
26;19;7;18;5;48;4232859N;06936814W;0.9
26;19;7;18;5;48;4232859N;06936814W;0.9
26;19;7;18;5;48;4232859N;06936814W;0.9
26;19;7;18;5;48;4232859N;06936814W;0.9
26;19;7;18;6;4;4233385N;06937357W;0.8
26;19;7;18;6;4;4233385N;06937357W;0.8
26;19;7;18;6;19;4233983N;06938068W;1.6
26;19;7;18;6;34;4234505N;06938727W;2.5
26;19;7;18;6;34;4234505N;06938727W;2.5
26;19;7;18;6;34;4234505N;06938727W;2.5
26;19;7;18;6;49;4234951N;06939457W;0.5
26;19;7;18;7;4;4235438N;06939975W;0.7
26;19;7;18;7;19;4236229N;06940438W;3.2
26;19;7;18;7;34;4236973N;06941322W;0.3
26;19;7;18;7;49;4236941N;06941447W;1.1
26;19;7;18;8;4;4236885N;06941527W;0.3
26;19;7;18;8;19;4236864N;06941661W;1.0
26;19;7;18;8;35;4236809N;06941788W;0.6
26;19;7;18;8;50;4236746N;06941899W;0.2
26;19;7;18;9;5;4238843N;06948328W;22.
26;19;7;18;9;5;4238843N;06948328W;22.
26;19;7;18;9;20;4240193N;06956109W;22.
26;19;7;18;9;35;4240902N;07004297W;22.
26;19;7;18;9;50;4242813N;07011318W;26.
26;19;7;18;10;5;4244763N;07018282W;22.
26;19;7;18;10;20;4248110N;07023569W;21.
26;19;7;18;10;35;4251564N;07028873W;21.
26;19;7;18;10;50;4255387N;07033206W;18.
26;19;7;18;11;6;4259278N;07036904W;0.1
26;19;7;18;11;21;4259269N;07036900W;0.7
26;19;7;18;11;36;4259301N;07036930W;0.3
26;19;7;18;11;51;4259310N;07036942W;0.4
26;19;7;18;12;7;4259315N;07036946W;0.2
26;19;7;18;12;22;4259289N;07036925W;0.7
26;19;7;18;12;37;4259287N;07036922W;0.4
26;19;7;18;12;52;4259288N;07036920W;0.5
26;19;7;18;13;8;4259286N;07036924W;0.3
26;19;7;18;13;23;4259288N;07036917W;0.5
26;19;7;18;13;38;4259332N;07036942W;0.4
26;19;7;18;13;53;4257502N;07031581W;29.
26;19;7;18;14;9;4255428N;07025296W;0.6
26;19;7;18;14;24;4255465N;07025139W;0.3
26;19;7;18;14;39;4254721N;07022041W;21.
26;19;7;18;14;54;4252840N;07015070W;1.0
26;19;7;18;15;9;4252480N;07015095W;0.8
26;19;7;18;15;24;4253089N;07016175W;0.5
26;19;7;18;15;39;4254828N;07017873W;8.1
26;19;7;18;15;54;4256480N;07019299W;7.4
26;19;7;18;16;9;4257409N;07017722W;24.
26;19;7;18;16;25;4254941N;07011014W;24.
26;19;7;18;16;40;4253086N;07003715W;25.
26;19;7;18;16;55;4251259N;06956021W;0.9
26;19;7;18;17;10;4251520N;06955953W;0.6
26;19;7;18;17;25;4251600N;06956137W;0.4
26;19;7;18;17;40;4251311N;06955841W;1.0
26;19;7;18;17;55;4250667N;06955411W;1.0
26;19;7;18;18;10;4251047N;06955782W;1.9
26;19;7;18;18;25;4251642N;06956379W;0.7
26;19;7;18;18;40;4252280N;06957191W;3.5
26;19;7;18;18;55;4252809N;06957834W;0.1
26;19;7;18;19;11;4253492N;06958344W;2.7
26;19;7;18;19;26;4253072N;06958898W;5.0
26;19;7;18;19;41;4253835N;07000912W;29.
26;19;7;18;19;56;4255927N;07009769W;26.
26;19;7;18;20;11;4259539N;07018908W;30.
26;19;7;18;20;26;4302171N;07028187W;0.5
26;19;7;18;20;41;4259962N;07035966W;22.
26;19;7;18;20;56;4259358N;07036951W;0.1
26;19;7;18;21;11;4259211N;07037088W;16.
26;19;7;18;21;27;4259313N;07036897W;0.1
26;19;7;18;21;42;4259300N;07036890W;0.1
26;19;7;18;21;57;4259288N;07036883W;0.3
26;19;7;18;22;12;4259300N;07036917W;0.0
26;19;7;18;22;28;4259302N;07036965W;0.2
26;19;7;18;22;43;4259297N;07036966W;0.3
26;19;7;18;22;58;4259309N;07036951W;0.6
26;19;7;18;23;13;4259291N;07036970W;0.1
26;19;7;18;23;28;4259254N;07036897W;0.5
26;19;7;18;23;44;4259256N;07036900W;0.3
26;19;7;18;23;59;4259255N;07036889W;1.5
26;20;7;18;0;14;4259270N;07036885W;0.2
26;20;7;18;0;29;4259270N;07036886W;0.1
26;20;7;18;0;44;4259277N;07036867W;0.9
26;20;7;18;0;59;4259280N;07036855W;0.8
26;20;7;18;1;15;4259284N;07036864W;0.4
26;20;7;18;1;30;4259300N;07036872W;0.1
26;20;7;18;1;45;4259304N;07036882W;0.3
26;20;7;18;2;1;4259287N;07036886W;0.0
26;20;7;18;2;16;4259288N;07036890W;0.3
26;20;7;18;2;31;4259287N;07036888W;0.4
26;20;7;18;2;46;4259265N;07036863W;0.5
26;20;7;18;3;2;4259267N;07036867W;0.3
26;20;7;18;3;17;4259291N;07036891W;0.6
26;20;7;18;3;32;4259286N;07036886W;0.3
26;20;7;18;3;47;4259292N;07036894W;0.2
26;20;7;18;4;2;4259300N;07036887W;2.6
26;20;7;18;4;17;4259293N;07036883W;0.4
26;20;7;18;4;33;4259287N;07036887W;0.3
26;20;7;18;4;48;4259280N;07036916W;0.2
26;20;7;18;5;3;4259297N;07036894W;0.5
26;20;7;18;5;18;4259288N;07036917W;1.1
26;20;7;18;5;33;4259287N;07036930W;0.7
26;20;7;18;5;49;4259290N;07036917W;0.7
26;20;7;18;6;4;4259289N;07036904W;0.6
26;20;7;18;6;20;4259283N;07036898W;0.5
26;20;7;18;6;35;4259283N;07036885W;0.2
26;20;7;18;6;50;4259311N;07036870W;0.7
26;20;7;18;6;50;4259311N;07036870W;0.7
26;20;7;18;7;5;4259306N;07036875W;0.1
26;20;7;18;7;20;4259299N;07036877W;0.8
26;20;7;18;7;35;4259299N;07036881W;0.7
26;20;7;18;7;35;4259299N;07036881W;0.7
26;20;7;18;7;50;4259295N;07036887W;0.2
26;20;7;18;7;50;4259295N;07036887W;0.2
26;20;7;18;7;50;4259295N;07036887W;0.2
26;20;7;18;7;50;4259295N;07036887W;0.2
26;20;7;18;7;50;4259295N;07036887W;0.2
26;20;7;18;7;50;4259295N;07036887W;0.2
26;20;7;18;8;6;4259271N;07036862W;0.0
26;20;7;18;8;6;4259271N;07036862W;0.0
26;20;7;18;8;21;4259272N;07036864W;1.3
26;20;7;18;8;36;4259261N;07036850W;0.3
26;20;7;18;8;51;4259285N;07037008W;0.6
26;20;7;18;9;6;4259293N;07036880W;0.7
26;20;7;18;9;22;4259294N;07037017W;2.0
26;20;7;18;9;37;4256099N;07038208W;25.
26;20;7;18;9;52;4251868N;07038732W;1.0
26;20;7;18;10;7;4251936N;07038730W;0.9
26;20;7;18;10;22;4251955N;07038683W;0.7
26;20;7;18;10;37;4250869N;07038713W;1.2
26;20;7;18;10;52;4249097N;07039722W;28.
26;20;7;18;11;7;4246179N;07039986W;0.6
26;20;7;18;11;22;4250095N;07039095W;27.
26;20;7;18;11;37;4256201N;07037351W;25.
26;20;7;18;11;52;4259308N;07036944W;0.3
26;20;7;18;12;7;4258014N;07037446W;27.
26;20;7;18;12;23;4251519N;07039082W;23.
26;20;7;18;12;38;4246501N;07040110W;1.3
26;20;7;18;12;53;4246393N;07040051W;1.2
26;20;7;18;13;8;4246476N;07040149W;0.4
26;20;7;18;13;23;4246305N;07040291W;3.2
26;20;7;18;13;38;4245950N;07039946W;2.4
26;20;7;18;13;53;4245972N;07039974W;1.0
26;20;7;18;14;8;4243710N;07039121W;23.
26;20;7;18;14;8;4243710N;07039121W;23.
26;20;7;18;14;23;4241397N;07037542W;0.2
26;20;7;18;14;38;4241384N;07037524W;0.4
26;20;7;18;14;53;4241390N;07037538W;0.2
26;20;7;18;15;8;4241395N;07037530W;0.2
26;20;7;18;15;23;4241082N;07036360W;25.
26;20;7;18;15;38;4240811N;07030656W;0.8
26;20;7;18;15;54;4239815N;07027907W;1.0
26;20;7;18;16;9;4239095N;07029171W;5.2
26;20;7;18;16;24;4238509N;07030719W;5.4
26;20;7;18;16;39;4237969N;07032335W;4.8
26;20;7;18;16;54;4237373N;07033987W;7.4
26;20;7;18;17;9;4238337N;07038099W;0.8
26;20;7;18;17;24;4237796N;07035548W;0.3
26;20;7;18;17;40;4237766N;07035522W;0.3
26;20;7;18;17;55;4237968N;07035681W;0.1
26;20;7;18;18;11;4241080N;07035198W;34.
26;20;7;18;18;26;4247605N;07038469W;36.
26;20;7;18;18;41;4254866N;07035665W;38.
26;20;7;18;18;56;4259300N;07036920W;0.2
26;20;7;18;19;11;4259306N;07036946W;0.2
26;20;7;18;19;26;4259270N;07036900W;1.7
26;20;7;18;19;42;4259294N;07036944W;0.1
26;20;7;18;19;42;4259294N;07036944W;0.1
26;20;7;18;19;57;4259294N;07036952W;0.5
26;20;7;18;20;12;4259307N;07036947W;0.6
26;20;7;18;20;27;4259301N;07036939W;0.5
26;20;7;18;20;42;4259190N;07036659W;16.
26;20;7;18;20;57;4302414N;07033562W;21.
26;20;7;18;21;12;4305334N;07027582W;18.
26;20;7;18;21;27;4305432N;07025793W;0.3
26;20;7;18;21;42;4306589N;07024418W;22.
26;20;7;18;21;57;4305340N;07023794W;21.
26;20;7;18;22;12;4306004N;07027380W;25.
26;20;7;18;22;28;4307269N;07028551W;0.3
26;20;7;18;22;43;4307263N;07028554W;0.4
26;20;7;18;22;58;4306989N;07028939W;13.
26;20;7;18;23;13;4303748N;07033291W;29.
26;20;7;18;23;28;4259306N;07036944W;1.3
26;20;7;18;23;44;4259321N;07036942W;2.2
26;20;7;18;23;59;4259305N;07036938W;0.5
26;21;7;18;0;14;4259296N;07036924W;0.3
26;21;7;18;0;29;4259317N;07036870W;0.3
26;21;7;18;0;44;4259269N;07036869W;0.3
26;21;7;18;0;59;4259301N;07036927W;0.8
26;21;7;18;1;14;4259311N;07036932W;1.3
26;21;7;18;1;30;4259312N;07036931W;0.2
26;21;7;18;1;45;4259303N;07036983W;0.4
26;21;7;18;1;45;4259303N;07036983W;0.4
26;21;7;18;1;45;4259303N;07036983W;0.4
26;21;7;18;2;1;4259317N;07036991W;0.9
26;21;7;18;2;16;4259305N;07036984W;0.6
26;21;7;18;2;32;4259305N;07036995W;0.3
26;21;7;18;2;47;4259291N;07036976W;0.3
26;21;7;18;3;2;4259257N;07036954W;0.8
26;21;7;18;3;17;4259254N;07036956W;0.3
26;21;7;18;3;32;4259241N;07036956W;0.7
26;21;7;18;3;47;4259340N;07036957W;0.3
26;21;7;18;4;2;4259283N;07036994W;0.9
26;21;7;18;4;2;4259283N;07036994W;0.9
26;21;7;18;4;2;4259283N;07036994W;0.9
26;21;7;18;4;18;4259298N;07036989W;0.7
26;21;7;18;4;33;4259271N;07037002W;0.2
26;21;7;18;4;48;4259273N;07037000W;0.0
26;21;7;18;5;3;4259277N;07036993W;0.3
26;21;7;18;5;18;4259275N;07036987W;0.4
26;21;7;18;5;33;4259277N;07037012W;0.6
26;21;7;18;5;48;4259284N;07036991W;0.0
26;21;7;18;6;3;4259290N;07037024W;0.0
26;21;7;18;6;18;4259289N;07037014W;0.1
26;21;7;18;6;33;4259286N;07037003W;0.4
26;21;7;18;6;48;4259328N;07036976W;0.1
26;21;7;18;7;3;4259280N;07036993W;0.3
26;21;7;18;7;19;4259269N;07036996W;1.0
26;21;7;18;7;34;4259267N;07036992W;0.4
26;21;7;18;7;49;4259228N;07037010W;0.1
26;21;7;18;8;4;4259302N;07037000W;0.1
26;21;7;18;8;19;4259311N;07036947W;3.1
26;21;7;18;8;35;4259268N;07036883W;1.1
26;21;7;18;8;50;4259290N;07036888W;0.3
26;21;7;18;9;5;4259287N;07036888W;0.0
26;21;7;18;9;20;4258626N;07036726W;19.
26;21;7;18;9;20;4258626N;07036726W;19.
26;21;7;18;9;20;4258626N;07036726W;19.
26;21;7;18;9;20;4258626N;07036726W;19.
26;21;7;18;9;20;4258626N;07036726W;19.
26;21;7;18;9;35;4254172N;07038901W;0.9
26;21;7;18;9;50;4251509N;07039080W;22.
26;21;7;18;10;5;4250290N;07039554W;23.
26;21;7;18;10;21;4247295N;07040300W;23.
26;21;7;18;10;36;4245936N;07041223W;0.3
26;21;7;18;10;51;4245398N;07039926W;0.1
26;21;7;18;11;6;4245582N;07040079W;0.3
26;21;7;18;11;21;4246339N;07040575W;1.3
26;21;7;18;11;36;4246393N;07040718W;0.9
26;21;7;18;11;51;4251833N;07038469W;21.
26;21;7;18;12;6;4257350N;07036868W;25.
26;21;7;18;12;22;4259244N;07036938W;0.4
26;21;7;18;12;37;4259300N;07036934W;0.0
