27;16;7;18;19;15;4256535N;07034041W;29.
27;16;7;18;20;15;4259362N;07036991W;0.6
27;16;7;18;21;16;4259379N;07036966W;0.1
27;16;7;18;22;17;4259362N;07036966W;0.6
27;16;7;18;23;18;4259362N;07036966W;0.5
27;17;7;18;0;18;4259366N;07036964W;0.4
27;17;7;18;1;19;4259364N;07036945W;0.8
27;17;7;18;2;20;4259365N;07036957W;0.0
27;17;7;18;3;21;4259365N;07036966W;0.0
27;17;7;18;4;21;4259365N;07036953W;0.6
27;18;7;18;18;39;4258320N;07045655W;0.1
27;18;7;18;19;40;4258425N;07045837W;0.4
27;18;7;18;20;3;4259580N;07039493W;24.
27;18;7;18;20;19;4259370N;07036970W;0.4
27;18;7;18;21;19;4259362N;07036958W;0.3
27;18;7;18;21;49;4259365N;07036959W;0.1
27;18;7;18;22;50;4259361N;07036954W;0.1
27;18;7;18;23;50;4259341N;07036905W;0.4
27;19;7;18;0;51;4259341N;07036933W;0.6
27;19;7;18;1;51;4259354N;07036942W;0.3
27;19;7;18;2;51;4259351N;07036980W;0.5
27;19;7;18;3;52;4259329N;07036969W;0.6
27;19;7;18;4;53;4259367N;07036951W;0.2
27;19;7;18;5;53;4259371N;07036955W;0.0
27;19;7;18;6;54;4259363N;07036955W;0.5
27;19;7;18;7;54;4259366N;07036986W;0.1
27;19;7;18;8;55;4259360N;07036952W;0.2
27;19;7;18;9;55;4259339N;07036969W;1.0
27;19;7;18;12;8;4257851N;07046142W;0.2
27;19;7;18;13;9;4258165N;07046155W;0.3
27;19;7;18;14;9;4258349N;07045856W;0.1
27;19;7;18;15;10;4257877N;07046124W;0.1
27;19;7;18;16;10;4259470N;07037043W;0.3
27;19;7;18;17;10;4259379N;07036957W;0.5
27;19;7;18;18;11;4259369N;07036960W;0.1
27;19;7;18;19;11;4257831N;07046292W;7.3
27;19;7;18;20;11;4258143N;07046280W;0.3
27;19;7;18;21;12;4258184N;07046224W;1.8
27;19;7;18;21;27;4259596N;07039676W;25.
27;19;7;18;21;42;4259360N;07036961W;0.1
27;19;7;18;22;43;4259365N;07036959W;0.1
27;19;7;18;23;43;4259364N;07036960W;0.7
27;20;7;18;0;44;4259371N;07036961W;0.3
27;20;7;18;1;45;4259368N;07036959W;0.1
27;20;7;18;2;45;4259369N;07036953W;0.3
27;20;7;18;3;45;4259369N;07036951W;0.4
27;20;7;18;4;46;4259378N;07036977W;0.5
27;20;7;18;5;46;4259353N;07036971W;0.6
27;20;7;18;6;46;4259369N;07036955W;1.0
27;20;7;18;7;47;4259360N;07036955W;1.4
27;20;7;18;8;47;4259357N;07036942W;0.3
27;20;7;18;9;48;4258722N;07045735W;28.
27;20;7;18;10;48;4258420N;07045869W;1.3
27;20;7;18;11;48;4256935N;07037594W;24.
27;20;7;18;12;49;4259381N;07036948W;3.5
27;20;7;18;13;49;4258358N;07045954W;23.
27;20;7;18;14;44;4258224N;07046314W;19.
27;20;7;18;14;59;4258154N;07046143W;0.2
27;20;7;18;15;24;4258186N;07046200W;22.
27;20;7;18;15;39;4258315N;07045901W;0.5
27;20;7;18;15;54;4258175N;07045929W;25.
27;20;7;18;16;9;4258871N;07045736W;1.0
27;20;7;18;16;24;4258383N;07045727W;0.3
27;20;7;18;16;40;4258387N;07045712W;0.4
27;20;7;18;17;21;4258352N;07046009W;24.
27;20;7;18;17;36;4258908N;07045874W;0.5
27;20;7;18;17;51;4258839N;07045847W;1.1
27;20;7;18;18;7;4258173N;07046156W;3.2
27;20;7;18;18;22;4258171N;07046163W;0.0
27;20;7;18;18;37;4258164N;07046163W;0.2
27;20;7;18;18;52;4258310N;07045677W;0.3
27;20;7;18;19;26;4258098N;07046114W;20.
27;20;7;18;19;41;4258211N;07046188W;0.4
27;20;7;18;20;7;4258074N;07046122W;30.
27;20;7;18;20;22;4258035N;07046080W;9.1
27;20;7;18;20;37;4258081N;07046114W;12.
27;20;7;18;20;52;4258214N;07046197W;0.6
27;20;7;18;21;7;4258217N;07046211W;0.5
27;20;7;18;21;23;4258198N;07046212W;0.1
27;20;7;18;21;38;4258201N;07046230W;22.
27;20;7;18;21;53;4258213N;07046223W;0.1
27;20;7;18;22;8;4258202N;07046219W;0.7
27;20;7;18;22;23;4258198N;07046227W;0.4
27;20;7;18;22;38;4257938N;07046335W;16.
27;20;7;18;22;53;4258144N;07046234W;0.1
27;20;7;18;23;8;4257929N;07046212W;31.
27;20;7;18;23;23;4258184N;07046209W;0.4
27;20;7;18;23;38;4256687N;07047135W;1.0
27;20;7;18;23;53;4256377N;07048121W;20.
27;21;7;18;0;8;4257593N;07046005W;21.
27;21;7;18;0;24;4257093N;07047060W;20.
27;21;7;18;0;39;4257718N;07045489W;25.
27;21;7;18;0;54;4259463N;07038441W;21.
27;21;7;18;1;9;4259361N;07036917W;0.0
27;21;7;18;1;24;4259359N;07036911W;4.8
27;21;7;18;1;39;4259368N;07036907W;0.4
27;21;7;18;1;54;4259355N;07036926W;0.2
27;21;7;18;2;10;4259367N;07036952W;0.4
27;21;7;18;3;10;4259378N;07036962W;0.1
27;21;7;18;4;11;4259368N;07036950W;1.3
27;21;7;18;5;12;4259370N;07036955W;0.2
27;21;7;18;6;12;4259372N;07036957W;0.1
27;21;7;18;6;12;4259372N;07036957W;0.1
27;21;7;18;7;12;4259380N;07036932W;0.5
27;21;7;18;8;13;4259396N;07036965W;1.7
27;21;7;18;9;13;4258684N;07044590W;20.
27;21;7;18;10;13;4258116N;07046155W;20.
27;21;7;18;11;14;4258411N;07045853W;0.4
27;21;7;18;12;14;4258423N;07045858W;0.3
27;21;7;18;13;14;4258416N;07045854W;0.9
27;21;7;18;14;15;4258171N;07046205W;0.2
27;21;7;18;15;15;4258148N;07046173W;0.7
27;21;7;18;16;15;4258356N;07045610W;0.4
27;21;7;18;17;15;4258329N;07045641W;0.9
27;21;7;18;18;16;4259196N;07042622W;22.
