29;13;7;18;17;23;4259335N;07036928W;0.4
29;13;7;18;17;38;4259341N;07036936W;0.5
29;13;7;18;17;54;4259325N;07036921W;0.9
29;13;7;18;18;9;4259310N;07036887W;0.2
29;13;7;18;18;9;4259310N;07036887W;0.2
29;13;7;18;18;9;4259310N;07036887W;0.2
29;13;7;18;18;9;4259310N;07036887W;0.2
29;13;7;18;18;9;4259310N;07036887W;0.2
29;13;7;18;18;9;4259310N;07036887W;0.2
29;13;7;18;18;9;4259310N;07036887W;0.2
29;13;7;18;18;25;4259307N;07036881W;0.9
29;13;7;18;18;40;4259307N;07036912W;0.3
29;13;7;18;18;55;4259409N;07036917W;0.3
29;13;7;18;19;11;4259335N;07036925W;0.4
29;13;7;18;19;26;4302229N;07041798W;30.
29;13;7;18;19;41;4307059N;07047830W;41.
29;13;7;18;19;56;4310678N;07053145W;25.
29;13;7;18;20;11;4315030N;07058036W;31.
29;13;7;18;20;26;4315810N;07057944W;0.6
29;13;7;18;20;41;4315807N;07057939W;1.0
29;13;7;18;20;57;4315056N;07057995W;15.
29;13;7;18;21;12;4315043N;07058002W;0.5
29;13;7;18;21;27;4315657N;07057885W;0.5
29;13;7;18;21;42;4314825N;07056603W;22.
29;13;7;18;21;57;4312217N;07053968W;19.
29;13;7;18;22;12;4308882N;07049698W;22.
29;13;7;18;22;27;4305289N;07044932W;20.
29;13;7;18;22;42;4301272N;07040182W;19.
29;13;7;18;22;57;4259341N;07036935W;0.1
29;13;7;18;23;12;4259330N;07036940W;0.2
29;13;7;18;23;28;4259333N;07036929W;0.1
29;13;7;18;23;43;4259342N;07036937W;0.1
29;13;7;18;23;58;4259344N;07036933W;0.4
29;14;7;18;0;13;4259337N;07036934W;0.4
29;14;7;18;0;28;4259346N;07036907W;0.4
29;14;7;18;0;44;4259338N;07036918W;0.0
29;14;7;18;0;59;4259336N;07036905W;0.5
29;14;7;18;0;59;4259336N;07036905W;0.5
29;14;7;18;0;59;4259336N;07036905W;0.5
29;14;7;18;1;14;4259345N;07036926W;0.7
29;14;7;18;1;14;4259345N;07036926W;0.7
29;14;7;18;1;14;4259345N;07036926W;0.7
29;14;7;18;1;14;4259345N;07036926W;0.7
29;14;7;18;1;14;4259345N;07036926W;0.7
29;14;7;18;1;29;4259341N;07036911W;0.0
29;14;7;18;1;29;4259341N;07036911W;0.0
29;14;7;18;1;44;4259282N;07036989W;1.6
29;14;7;18;1;59;4259340N;07036918W;1.7
29;14;7;18;1;59;4259340N;07036918W;1.7
29;14;7;18;1;59;4259340N;07036918W;1.7
29;14;7;18;1;59;4259340N;07036918W;1.7
29;14;7;18;1;59;4259340N;07036918W;1.7
29;14;7;18;1;59;4259340N;07036918W;1.7
29;14;7;18;1;59;4259340N;07036918W;1.7
29;14;7;18;2;15;4259352N;07036907W;0.4
29;14;7;18;2;30;4259332N;07036937W;0.0
29;14;7;18;2;30;4259332N;07036937W;0.0
29;14;7;18;2;45;4259342N;07036925W;0.2
29;14;7;18;3;0;4259318N;07036901W;0.4
29;14;7;18;3;16;4259353N;07036921W;3.5
29;14;7;18;3;16;4259353N;07036921W;3.5
29;14;7;18;3;31;4259355N;07036913W;0.3
29;14;7;18;3;46;4259361N;07036920W;0.5
29;14;7;18;4;2;4259363N;07036928W;0.4
29;14;7;18;4;17;4259359N;07036923W;1.1
29;14;7;18;4;32;4259349N;07036930W;0.1
29;14;7;18;4;47;4259333N;07036907W;0.4
29;14;7;18;5;2;4259350N;07036972W;0.9
29;14;7;18;5;17;4259306N;07036918W;0.3
29;14;7;18;5;33;4259310N;07036907W;0.5
29;14;7;18;5;48;4259306N;07036896W;0.1
29;14;7;18;6;3;4259323N;07036905W;0.1
29;14;7;18;6;18;4259317N;07036915W;0.7
29;14;7;18;6;33;4259296N;07036894W;0.2
29;14;7;18;6;49;4259339N;07036938W;0.4
29;14;7;18;7;4;4259344N;07036930W;0.1
29;14;7;18;7;19;4259335N;07036934W;0.2
29;14;7;18;7;35;4259342N;07036934W;0.1
29;14;7;18;7;50;4259310N;07036934W;0.4
29;14;7;18;7;50;4259310N;07036934W;0.4
29;14;7;18;8;5;4259304N;07036909W;2.1
29;14;7;18;8;5;4259304N;07036909W;2.1
29;14;7;18;8;21;4259360N;07036919W;0.5
29;14;7;18;8;36;4259357N;07036893W;1.1
29;14;7;18;8;51;4259342N;07036918W;0.3
29;14;7;18;9;6;4259342N;07036899W;0.2
29;14;7;18;9;21;4259330N;07036902W;0.4
29;14;7;18;9;36;4259318N;07036936W;0.2
29;14;7;18;9;51;4259332N;07036915W;0.5
29;14;7;18;10;6;4259347N;07036931W;0.5
29;14;7;18;10;22;4259326N;07036908W;1.0
29;14;7;18;10;37;4259346N;07036931W;0.1
29;14;7;18;10;52;4259353N;07036932W;0.5
29;14;7;18;11;7;4259358N;07036934W;0.4
29;14;7;18;11;22;4259352N;07036933W;0.1
29;14;7;18;11;38;4259370N;07036961W;0.8
29;14;7;18;11;53;4259325N;07036915W;1.0
29;14;7;18;12;8;4259303N;07036882W;0.3
29;14;7;18;12;23;4259308N;07036904W;0.5
29;14;7;18;12;39;4259278N;07036889W;0.4
29;14;7;18;12;54;4259288N;07036894W;0.3
29;14;7;18;13;9;4259295N;07036896W;0.2
29;14;7;18;13;24;4259361N;07036861W;0.1
29;14;7;18;13;39;4259341N;07036778W;0.2
29;14;7;18;13;55;4259372N;07036842W;0.2
29;14;7;18;14;10;4259300N;07036942W;0.2
29;14;7;18;14;25;4259316N;07036978W;0.1
29;14;7;18;14;40;4259276N;07036993W;0.2
29;14;7;18;14;55;4259311N;07036921W;0.1
29;14;7;18;15;11;4259300N;07036940W;0.7
29;14;7;18;15;26;4259316N;07036917W;0.2
29;14;7;18;15;41;4259299N;07036943W;0.3
29;14;7;18;15;56;4259318N;07036935W;0.1
29;14;7;18;16;12;4259339N;07036907W;0.9
29;14;7;18;16;27;4259344N;07036924W;3.9
29;14;7;18;16;43;4259340N;07036921W;0.3
29;14;7;18;16;58;4259326N;07036933W;0.4
29;14;7;18;17;13;4259322N;07036885W;0.8
29;14;7;18;17;28;4259336N;07036907W;1.2
29;14;7;18;17;43;4259338N;07036907W;0.2
29;14;7;18;17;59;4259335N;07036912W;0.4
29;14;7;18;18;15;4259337N;07036925W;0.1
29;14;7;18;18;30;4259337N;07036922W;0.1
29;14;7;18;18;45;4259331N;07036915W;0.1
29;14;7;18;19;0;4259347N;07036923W;1.1
29;14;7;18;19;15;4259121N;07036570W;0.5
29;14;7;18;19;30;4258971N;07036678W;0.2
29;14;7;18;19;45;4259333N;07036911W;0.1
29;14;7;18;20;1;4259339N;07036901W;0.4
29;14;7;18;20;16;4259338N;07036914W;0.1
29;14;7;18;20;31;4259343N;07036912W;1.2
29;14;7;18;20;46;4259377N;07036901W;0.5
29;14;7;18;21;1;4259391N;07036905W;0.4
29;14;7;18;21;17;4259357N;07036917W;0.0
29;14;7;18;21;32;4259353N;07036918W;1.1
29;14;7;18;21;47;4259373N;07036933W;0.4
29;14;7;18;22;2;4259340N;07036936W;0.5
29;14;7;18;22;18;4259359N;07036917W;0.7
29;14;7;18;22;33;4259351N;07036901W;0.3
29;14;7;18;22;48;4259350N;07036921W;0.1
29;14;7;18;23;4;4259351N;07036921W;0.7
29;14;7;18;23;19;4259349N;07036923W;0.6
29;14;7;18;23;34;4259362N;07036918W;1.4
29;14;7;18;23;49;4259362N;07036911W;0.5
29;15;7;18;0;4;4259354N;07036914W;0.8
29;15;7;18;0;19;4259353N;07036915W;0.4
29;15;7;18;0;34;4259326N;07036914W;0.3
29;15;7;18;0;50;4259335N;07036906W;0.2
29;15;7;18;1;5;4259353N;07036919W;0.8
29;15;7;18;1;20;4259352N;07036928W;0.9
29;15;7;18;1;35;4259332N;07036902W;0.5
29;15;7;18;1;51;4259343N;07036916W;0.4
29;15;7;18;2;6;4259349N;07036909W;0.5
29;15;7;18;2;21;4259348N;07036916W;1.4
29;15;7;18;2;36;4259335N;07036928W;0.5
29;15;7;18;2;51;4259333N;07036926W;0.4
29;15;7;18;3;6;4259335N;07036921W;0.4
29;15;7;18;3;21;4259334N;07036922W;1.5
29;15;7;18;3;36;4259359N;07036952W;0.3
29;15;7;18;3;52;4259410N;07037004W;0.1
29;15;7;18;4;7;4259338N;07036914W;0.5
29;15;7;18;4;23;4259346N;07036922W;0.7
29;15;7;18;4;23;4259346N;07036922W;0.7
29;15;7;18;4;23;4259346N;07036922W;0.7
29;15;7;18;4;23;4259346N;07036922W;0.7
29;15;7;18;4;23;4259346N;07036922W;0.7
29;15;7;18;4;23;4259346N;07036922W;0.7
29;15;7;18;4;39;4259354N;07036937W;0.2
29;15;7;18;4;54;4259346N;07036890W;0.3
29;15;7;18;5;10;4259352N;07036923W;0.0
29;15;7;18;5;25;4259352N;07036917W;0.3
29;15;7;18;5;40;4259349N;07036922W;0.3
29;15;7;18;5;55;4259348N;07036926W;3.2
29;15;7;18;6;10;4259353N;07036920W;0.3
29;15;7;18;6;26;4259355N;07036924W;0.5
29;15;7;18;6;41;4259349N;07036917W;0.3
29;15;7;18;6;56;4259356N;07036924W;0.2
29;15;7;18;7;11;4259354N;07036935W;1.0
29;15;7;18;7;26;4259356N;07036939W;0.3
29;15;7;18;7;41;4259349N;07036931W;0.3
29;15;7;18;7;57;4259352N;07036931W;0.6
29;15;7;18;8;12;4259351N;07036924W;0.7
29;15;7;18;8;27;4259360N;07036924W;0.5
29;15;7;18;8;42;4259352N;07036929W;0.6
29;15;7;18;8;57;4259343N;07036925W;0.0
29;15;7;18;9;13;4259342N;07036928W;0.6
29;15;7;18;9;28;4259324N;07036906W;0.3
29;15;7;18;9;43;4259383N;07036910W;0.3
29;15;7;18;9;43;4259383N;07036910W;0.3
29;15;7;18;9;43;4259383N;07036910W;0.3
29;15;7;18;9;58;4259371N;07036940W;0.2
29;15;7;18;10;13;4259360N;07036958W;0.1
29;15;7;18;10;28;4259379N;07036922W;0.4
29;15;7;18;10;44;4259297N;07037038W;0.3
29;15;7;18;10;59;4259353N;07036945W;0.3
29;15;7;18;11;14;4259359N;07036936W;0.0
29;15;7;18;11;29;4259346N;07036927W;0.5
29;15;7;18;11;45;4259364N;07036926W;3.1
29;15;7;18;12;0;4259372N;07036923W;1.1
29;15;7;18;12;15;4259339N;07036921W;0.3
29;15;7;18;12;30;4259305N;07036896W;0.5
29;15;7;18;12;46;4259317N;07036902W;0.3
29;15;7;18;13;1;4259332N;07036888W;1.3
29;15;7;18;13;16;4259325N;07036890W;0.4
29;15;7;18;13;31;4259319N;07036900W;0.3
29;15;7;18;13;46;4259329N;07036898W;0.3
29;15;7;18;14;2;4259322N;07036897W;0.2
29;15;7;18;14;17;4259312N;07036909W;0.5
29;15;7;18;14;32;4259044N;07036700W;0.2
29;15;7;18;14;47;4259303N;07036937W;0.2
29;15;7;18;15;2;4300852N;07039090W;22.
29;15;7;18;15;17;4304871N;07044767W;24.
29;15;7;18;15;32;4308322N;07050210W;14.
29;15;7;18;15;47;4310571N;07053424W;24.
29;15;7;18;16;3;4310551N;07056269W;22.
29;15;7;18;16;18;4311302N;07055991W;0.2
29;15;7;18;16;33;4311175N;07055822W;0.6
29;15;7;18;16;48;4311353N;07055991W;0.4
29;15;7;18;17;3;4311587N;07055797W;0.1
29;15;7;18;17;18;4313035N;07056876W;28.
29;15;7;18;17;33;4316220N;07058006W;0.7
29;15;7;18;17;48;4316014N;07057828W;0.6
29;15;7;18;18;4;4315843N;07057323W;0.9
29;15;7;18;18;19;4316050N;07057986W;0.5
29;15;7;18;18;34;4316018N;07058535W;1.0
29;15;7;18;18;49;4315615N;07057861W;0.1
29;15;7;18;19;4;4315637N;07057856W;0.7
29;15;7;18;19;20;4315641N;07057854W;0.7
29;15;7;18;19;35;4315635N;07057851W;0.5
29;15;7;18;19;50;4315641N;07057851W;2.6
29;15;7;18;20;5;4315611N;07057851W;0.4
29;15;7;18;20;20;4315621N;07057879W;0.5
29;15;7;18;20;35;4315630N;07057881W;0.3
29;15;7;18;20;50;4315627N;07057882W;0.3
29;15;7;18;21;5;4314721N;07057956W;0.4
29;15;7;18;21;20;4314726N;07057952W;0.0
29;15;7;18;21;35;4314723N;07057949W;0.3
29;15;7;18;21;50;4315014N;07058010W;0.6
29;15;7;18;22;5;4315007N;07058012W;0.5
29;15;7;18;22;20;4311707N;07056378W;22.
29;15;7;18;22;35;4308844N;07053452W;19.
29;15;7;18;22;51;4306896N;07048709W;14.
29;15;7;18;23;6;4304344N;07043621W;22.
29;15;7;18;23;21;4301405N;07039160W;21.
29;15;7;18;23;37;4259348N;07036912W;0.3
29;15;7;18;23;52;4259360N;07036931W;1.2
29;16;7;18;0;7;4259275N;07036872W;1.4
29;16;7;18;0;22;4259346N;07036925W;2.2
29;16;7;18;0;37;4259351N;07036920W;0.1
29;16;7;18;0;37;4259351N;07036920W;0.1
29;16;7;18;0;52;4259373N;07036928W;0.4
29;16;7;18;1;8;4259351N;07036921W;0.5
29;16;7;18;1;23;4259353N;07036919W;0.8
29;16;7;18;1;38;4259351N;07036920W;0.2
29;16;7;18;1;53;4259350N;07036921W;0.3
29;16;7;18;2;8;4259343N;07036924W;0.7
29;16;7;18;2;8;4259343N;07036924W;0.7
29;16;7;18;2;24;4259332N;07036940W;0.6
29;16;7;18;2;24;4259332N;07036940W;0.6
29;16;7;18;2;24;4259332N;07036940W;0.6
29;16;7;18;2;24;4259332N;07036940W;0.6
29;16;7;18;2;24;4259332N;07036940W;0.6
29;16;7;18;2;24;4259332N;07036940W;0.6
29;16;7;18;2;24;4259332N;07036940W;0.6
29;16;7;18;2;24;4259332N;07036940W;0.6
29;16;7;18;2;24;4259332N;07036940W;0.6
29;16;7;18;2;39;4259332N;07036935W;0.6
29;16;7;18;2;54;4259324N;07036923W;0.3
29;16;7;18;3;9;4259333N;07036935W;0.4
29;16;7;18;3;25;4259345N;07036923W;0.0
29;16;7;18;3;40;4259345N;07036916W;0.8
29;16;7;18;3;40;4259345N;07036916W;0.8
29;16;7;18;3;55;4259344N;07036917W;0.3
29;16;7;18;3;55;4259344N;07036917W;0.3
29;16;7;18;3;55;4259344N;07036917W;0.3
29;16;7;18;3;55;4259344N;07036917W;0.3
29;16;7;18;4;10;4259354N;07036914W;0.4
29;16;7;18;4;25;4259359N;07036914W;0.1
29;16;7;18;4;40;4259355N;07036917W;0.2
29;16;7;18;4;55;4259359N;07036904W;0.9
29;16;7;18;5;10;4259358N;07036912W;0.4
29;16;7;18;5;25;4259353N;07036907W;0.4
29;16;7;18;5;41;4259353N;07036905W;0.7
29;16;7;18;5;56;4259372N;07036930W;0.6
29;16;7;18;6;11;4259358N;07036912W;0.3
29;16;7;18;6;26;4259356N;07036915W;1.0
29;16;7;18;6;41;4259335N;07036926W;2.0
29;16;7;18;6;56;4259359N;07036923W;0.6
29;16;7;18;7;11;4259358N;07036924W;0.7
29;16;7;18;7;26;4259381N;07036888W;0.1
29;16;7;18;7;41;4259378N;07036899W;0.1
29;16;7;18;7;57;4259351N;07036923W;2.4
29;16;7;18;8;12;4259345N;07036936W;1.8
29;16;7;18;8;27;4259349N;07036929W;1.5
29;16;7;18;8;42;4259353N;07036921W;0.1
29;16;7;18;8;57;4259329N;07036921W;0.5
29;16;7;18;9;12;4259347N;07036909W;0.7
29;16;7;18;9;27;4259359N;07036915W;1.1
29;16;7;18;9;42;4259375N;07036941W;0.7
29;16;7;18;9;57;4259367N;07036920W;0.7
29;16;7;18;10;13;4259353N;07036925W;0.9
29;16;7;18;10;28;4259317N;07036931W;0.6
29;16;7;18;10;43;4259310N;07036923W;0.5
29;16;7;18;10;58;4259363N;07036913W;0.4
29;16;7;18;11;13;4259358N;07036913W;0.3
29;16;7;18;11;28;4259359N;07036892W;0.6
29;16;7;18;11;43;4259356N;07036919W;0.4
29;16;7;18;11;58;4259364N;07036912W;0.6
29;16;7;18;11;58;4259364N;07036912W;0.6
29;16;7;18;11;58;4259364N;07036912W;0.6
29;16;7;18;11;58;4259364N;07036912W;0.6
29;16;7;18;12;14;4259353N;07036914W;0.5
29;16;7;18;12;29;4259347N;07036920W;0.4
29;16;7;18;12;44;4259332N;07036902W;0.1
29;16;7;18;12;44;4259332N;07036902W;0.1
29;16;7;18;12;44;4259332N;07036902W;0.1
29;16;7;18;12;59;4259329N;07036904W;0.4
29;16;7;18;12;59;4259329N;07036904W;0.4
29;16;7;18;13;14;4259330N;07036902W;0.3
29;16;7;18;13;14;4259330N;07036902W;0.3
29;16;7;18;13;14;4259330N;07036902W;0.3
29;16;7;18;13;29;4259346N;07036847W;0.4
29;16;7;18;13;29;4259346N;07036847W;0.4
29;16;7;18;13;29;4259346N;07036847W;0.4
29;16;7;18;13;45;4259382N;07036808W;0.2
29;16;7;18;14;0;4259331N;07036881W;0.2
29;16;7;18;14;15;4259293N;07037012W;0.4
29;16;7;18;14;30;4259327N;07036901W;0.6
29;16;7;18;14;45;4259341N;07036899W;0.4
29;16;7;18;15;1;4259306N;07036859W;0.6
29;16;7;18;15;16;4259300N;07036877W;0.2
29;16;7;18;15;31;4259264N;07036950W;0.9
29;16;7;18;15;47;4259354N;07036937W;0.2
29;16;7;18;16;2;4259113N;07036992W;0.4
29;16;7;18;16;17;4259284N;07036958W;0.4
29;16;7;18;16;32;4259305N;07036963W;0.4
29;16;7;18;16;47;4259381N;07036851W;0.3
29;16;7;18;17;3;4259655N;07036691W;0.2
29;16;7;18;17;18;4259384N;07036876W;0.3
29;16;7;18;17;33;4259348N;07036891W;0.2
29;16;7;18;17;49;4259832N;07036793W;0.6
29;16;7;18;18;4;4259338N;07036924W;0.2
29;16;7;18;18;20;4259336N;07036922W;0.3
29;16;7;18;18;35;4259335N;07036919W;0.1
29;16;7;18;18;50;4259311N;07036982W;0.6
29;16;7;18;19;5;4259331N;07036890W;0.8
29;16;7;18;19;20;4259069N;07035744W;0.2
29;16;7;18;19;36;4259336N;07036921W;1.4
29;16;7;18;19;51;4259591N;07033920W;0.9
29;16;7;18;20;7;4259334N;07036924W;0.1
29;16;7;18;20;22;4259327N;07036904W;0.4
29;16;7;18;20;37;4259337N;07036923W;0.4
29;16;7;18;20;52;4259336N;07036918W;0.8
29;16;7;18;21;8;4259338N;07036914W;0.9
29;16;7;18;21;23;4259345N;07036930W;0.9
29;16;7;18;21;38;4259301N;07036992W;0.3
29;16;7;18;21;53;4259317N;07036928W;0.3
29;16;7;18;21;53;4259317N;07036928W;0.3
29;16;7;18;22;9;4259346N;07036922W;0.3
29;16;7;18;22;24;4259343N;07036917W;0.1
29;16;7;18;22;39;4259346N;07036916W;1.1
29;16;7;18;22;54;4259334N;07036916W;0.3
29;16;7;18;23;10;4259331N;07036922W;0.3
29;16;7;18;23;25;4259341N;07036920W;0.1
29;16;7;18;23;40;4259296N;07037001W;0.3
29;16;7;18;23;55;4259339N;07036913W;0.6
29;17;7;18;0;11;4259294N;07036892W;0.1
29;17;7;18;0;26;4259302N;07036884W;0.5
29;17;7;18;0;41;4259332N;07036907W;0.6
29;17;7;18;0;56;4259338N;07036913W;0.0
29;17;7;18;1;11;4259343N;07036914W;1.0
29;17;7;18;1;26;4259353N;07036918W;1.4
29;17;7;18;1;41;4259366N;07036924W;0.3
29;17;7;18;1;57;4259352N;07036914W;0.3
29;17;7;18;2;12;4259363N;07036911W;0.6
29;17;7;18;2;28;4259359N;07036920W;0.1
29;17;7;18;2;43;4259357N;07036921W;0.1
29;17;7;18;2;58;4259349N;07036918W;1.0
29;17;7;18;3;13;4259353N;07036922W;0.2
29;17;7;18;3;29;4259364N;07036937W;0.4
29;17;7;18;3;44;4259356N;07036930W;0.5
29;17;7;18;3;59;4259343N;07036911W;0.5
29;17;7;18;4;14;4259337N;07036897W;0.1
29;17;7;18;4;29;4259342N;07036901W;0.0
29;17;7;18;4;44;4259345N;07036906W;0.4
29;17;7;18;4;59;4259328N;07036971W;0.1
29;17;7;18;5;15;4259336N;07036946W;0.3
29;17;7;18;5;30;4259339N;07036927W;0.4
29;17;7;18;5;30;4259339N;07036927W;0.4
29;17;7;18;5;45;4259361N;07036932W;0.3
29;17;7;18;6;0;4259355N;07036925W;0.3
29;17;7;18;6;15;4259359N;07036926W;0.5
29;17;7;18;6;15;4259359N;07036926W;0.5
29;17;7;18;6;15;4259359N;07036926W;0.5
29;17;7;18;6;30;4259356N;07036922W;0.7
29;17;7;18;6;30;4259356N;07036922W;0.7
29;17;7;18;6;46;4259355N;07036927W;0.2
29;17;7;18;7;1;4259352N;07036926W;0.6
29;17;7;18;7;16;4259354N;07036929W;0.2
29;17;7;18;7;31;4259347N;07036933W;0.1
29;17;7;18;7;46;4259356N;07036921W;0.5
29;17;7;18;8;1;4259359N;07036923W;0.5
29;17;7;18;8;17;4259343N;07036912W;0.4
29;17;7;18;8;32;4259319N;07036908W;0.4
29;17;7;18;8;47;4259314N;07036924W;0.2
29;17;7;18;9;2;4259345N;07036914W;0.5
29;17;7;18;9;2;4259345N;07036914W;0.5
29;17;7;18;9;18;4259336N;07036895W;0.6
29;17;7;18;9;33;4259347N;07036913W;0.8
29;17;7;18;9;33;4259347N;07036913W;0.8
29;17;7;18;9;33;4259347N;07036913W;0.8
29;17;7;18;9;48;4259351N;07036926W;0.5
29;17;7;18;10;3;4259333N;07036937W;0.1
29;17;7;18;10;18;4259338N;07036933W;0.4
29;17;7;18;10;33;4259340N;07036929W;0.3
29;17;7;18;10;33;4259340N;07036929W;0.3
29;17;7;18;10;48;4259332N;07036930W;0.3
29;17;7;18;10;48;4259332N;07036930W;0.3
29;17;7;18;11;4;4259335N;07036924W;0.5
29;17;7;18;11;19;4259326N;07036921W;0.5
29;17;7;18;11;34;4259334N;07036917W;0.6
29;17;7;18;11;49;4259299N;07036885W;0.3
29;17;7;18;12;5;4259318N;07036918W;0.2
29;17;7;18;12;20;4259302N;07036896W;0.4
29;17;7;18;12;35;4259332N;07036920W;0.1
29;17;7;18;12;50;4259312N;07036896W;0.3
29;17;7;18;13;5;4258682N;07037313W;1.4
29;17;7;18;13;20;4259042N;07036728W;20.
29;17;7;18;13;36;4259391N;07036784W;0.4
29;17;7;18;13;51;4259399N;07036791W;0.5
29;17;7;18;14;6;4259324N;07036901W;0.2
29;17;7;18;14;21;4259323N;07036902W;0.3
29;17;7;18;14;36;4259322N;07036914W;0.2
29;17;7;18;14;51;4259306N;07036891W;0.2
29;17;7;18;15;7;4259312N;07036933W;1.0
29;17;7;18;15;22;4259298N;07036930W;0.2
29;17;7;18;15;37;4259299N;07036928W;1.0
29;17;7;18;15;52;4259241N;07036932W;0.4
29;17;7;18;16;8;4259336N;07036920W;0.6
29;17;7;18;16;23;4259334N;07036918W;0.5
29;17;7;18;16;38;4259352N;07036910W;0.9
29;17;7;18;16;38;4259352N;07036910W;0.9
29;17;7;18;16;38;4259352N;07036910W;0.9
29;17;7;18;16;54;4259342N;07036916W;0.4
29;17;7;18;17;9;4259342N;07036915W;5.6
29;17;7;18;17;24;4259432N;07036667W;1.0
29;17;7;18;17;39;4259308N;07036428W;1.1
29;17;7;18;17;54;4259421N;07036736W;0.3
29;17;7;18;18;10;4259344N;07036939W;0.1
29;17;7;18;18;25;4259201N;07036351W;0.3
29;17;7;18;18;25;4259201N;07036351W;0.3
29;17;7;18;18;25;4259201N;07036351W;0.3
29;17;7;18;18;41;4259345N;07036929W;0.1
29;17;7;18;18;41;4259345N;07036929W;0.1
29;17;7;18;18;56;4259340N;07036931W;0.2
29;17;7;18;19;11;4258727N;07037048W;0.7
29;17;7;18;19;26;4258827N;07037241W;0.6
29;17;7;18;19;42;4259081N;07037278W;0.3
29;17;7;18;19;57;4259345N;07036922W;0.1
29;17;7;18;19;57;4259345N;07036922W;0.1
29;17;7;18;20;12;4259342N;07036925W;0.0
29;17;7;18;20;12;4259342N;07036925W;0.0
29;17;7;18;20;12;4259342N;07036925W;0.0
29;17;7;18;20;12;4259342N;07036925W;0.0
29;17;7;18;20;12;4259342N;07036925W;0.0
29;17;7;18;20;27;4259342N;07036924W;0.0
29;17;7;18;20;43;4259339N;07036922W;0.5
29;17;7;18;20;58;4259329N;07036926W;0.3
29;17;7;18;21;13;4259337N;07036919W;0.4
29;17;7;18;21;28;4259338N;07036918W;0.2
29;17;7;18;21;43;4259341N;07036922W;0.3
29;17;7;18;21;58;4259337N;07036915W;0.3
29;17;7;18;22;13;4259335N;07036917W;0.8
29;17;7;18;22;29;4259332N;07036929W;1.1
29;17;7;18;22;44;4259316N;07036923W;0.2
29;17;7;18;22;59;4259316N;07036942W;0.1
29;17;7;18;23;14;4259320N;07036933W;0.6
29;17;7;18;23;29;4259324N;07036946W;0.6
29;17;7;18;23;44;4259335N;07036946W;0.5
29;18;7;18;0;0;4259330N;07036962W;12.
29;18;7;18;0;15;4259307N;07036877W;0.5
29;18;7;18;0;30;4259328N;07036903W;0.2
29;18;7;18;0;30;4259328N;07036903W;0.2
29;18;7;18;0;30;4259328N;07036903W;0.2
29;18;7;18;0;30;4259328N;07036903W;0.2
29;18;7;18;0;30;4259328N;07036903W;0.2
29;18;7;18;0;30;4259328N;07036903W;0.2
29;18;7;18;0;30;4259328N;07036903W;0.2
29;18;7;18;0;30;4259328N;07036903W;0.2
29;18;7;18;0;45;4259339N;07036923W;0.2
29;18;7;18;1;0;4259341N;07036908W;1.4
29;18;7;18;1;16;4259347N;07036906W;0.1
29;18;7;18;1;31;4259367N;07036940W;0.8
29;18;7;18;1;46;4259368N;07036938W;0.1
29;18;7;18;2;2;4259332N;07036939W;0.6
29;18;7;18;2;17;4259329N;07036946W;0.6
29;18;7;18;2;33;4259353N;07036927W;0.0
29;18;7;18;2;48;4259353N;07036927W;1.1
29;18;7;18;3;3;4259369N;07036943W;3.0
29;18;7;18;3;18;4259358N;07036934W;1.1
29;18;7;18;3;18;4259358N;07036934W;1.1
29;18;7;18;3;18;4259358N;07036934W;1.1
29;18;7;18;3;18;4259358N;07036934W;1.1
29;18;7;18;3;18;4259358N;07036934W;1.1
29;18;7;18;3;18;4259358N;07036934W;1.1
29;18;7;18;3;18;4259358N;07036934W;1.1
29;18;7;18;3;18;4259358N;07036934W;1.1
29;18;7;18;3;35;4259352N;07036923W;0.2
29;18;7;18;3;35;4259352N;07036923W;0.2
29;18;7;18;3;35;4259352N;07036923W;0.2
29;18;7;18;3;50;4259341N;07036912W;1.0
29;18;7;18;4;6;4259351N;07036925W;0.2
29;18;7;18;4;21;4259352N;07036960W;0.3
29;18;7;18;4;21;4259352N;07036960W;0.3
29;18;7;18;4;36;4259350N;07036923W;0.4
29;18;7;18;4;52;4259355N;07036928W;0.0
29;18;7;18;5;7;4259354N;07036926W;0.7
29;18;7;18;5;22;4259349N;07036922W;2.2
29;18;7;18;5;37;4259354N;07036919W;0.4
29;18;7;18;5;37;4259354N;07036919W;0.4
29;18;7;18;5;37;4259354N;07036919W;0.4
29;18;7;18;5;52;4259358N;07036919W;0.7
29;18;7;18;6;7;4259360N;07036920W;0.7
29;18;7;18;6;22;4259386N;07036908W;0.4
29;18;7;18;6;37;4259361N;07036923W;0.1
29;18;7;18;6;37;4259361N;07036923W;0.1
29;18;7;18;6;52;4259352N;07036930W;0.5
29;18;7;18;7;7;4259333N;07036938W;0.4
29;18;7;18;7;23;4259346N;07036929W;0.1
29;18;7;18;7;38;4259359N;07036911W;0.3
29;18;7;18;7;53;4259356N;07036923W;0.4
29;18;7;18;7;53;4259356N;07036923W;0.4
29;18;7;18;8;8;4259351N;07036921W;0.0
29;18;7;18;8;23;4259432N;07037009W;0.4
29;18;7;18;8;38;4259370N;07036923W;0.2
29;18;7;18;8;53;4259334N;07036917W;1.4
29;18;7;18;9;9;4259344N;07036932W;0.7
29;18;7;18;9;24;4259366N;07036919W;0.6
29;18;7;18;9;39;4259350N;07036932W;0.5
29;18;7;18;9;54;4259356N;07036936W;0.6
29;18;7;18;10;10;4259342N;07036918W;0.2
29;18;7;18;10;10;4259342N;07036918W;0.2
29;18;7;18;10;25;4259343N;07036915W;0.1
29;18;7;18;10;25;4259343N;07036915W;0.1
29;18;7;18;10;40;4259342N;07036925W;0.5
29;18;7;18;10;55;4259336N;07036927W;0.6
29;18;7;18;11;11;4259337N;07036923W;0.4
29;18;7;18;11;26;4259343N;07036918W;0.8
29;18;7;18;11;41;4259339N;07036923W;0.4
29;18;7;18;11;56;4259330N;07036923W;0.2
29;18;7;18;12;11;4259328N;07036918W;0.2
29;18;7;18;12;26;4259316N;07036905W;0.1
29;18;7;18;12;41;4259316N;07036907W;0.3
29;18;7;18;12;41;4259316N;07036907W;0.3
29;18;7;18;12;56;4302784N;07037879W;17.
29;18;7;18;12;56;4302784N;07037879W;17.
29;18;7;18;13;11;4304763N;07039107W;0.3
29;18;7;18;13;27;4305007N;07038977W;0.6
29;18;7;18;13;42;4305112N;07039375W;0.2
29;18;7;18;13;57;4305068N;07039515W;0.4
29;18;7;18;14;12;4303818N;07040109W;14.
29;18;7;18;14;28;4259331N;07036883W;0.3
29;18;7;18;14;43;4259314N;07036899W;0.7
29;18;7;18;14;58;4259349N;07036912W;0.1
29;18;7;18;15;13;4259351N;07036937W;0.4
29;18;7;18;15;13;4259351N;07036937W;0.4
29;18;7;18;15;13;4259351N;07036937W;0.4
29;18;7;18;15;29;4259341N;07036929W;0.4
29;18;7;18;15;44;4259351N;07036929W;0.6
29;18;7;18;16;0;4259327N;07036923W;0.5
29;18;7;18;16;0;4259327N;07036923W;0.5
29;18;7;18;16;0;4259327N;07036923W;0.5
29;18;7;18;16;0;4259327N;07036923W;0.5
29;18;7;18;16;15;4259329N;07036935W;0.7
29;18;7;18;16;15;4259329N;07036935W;0.7
29;18;7;18;16;30;4259344N;07036921W;0.3
29;18;7;18;16;46;4301147N;07036169W;16.
29;18;7;18;17;1;4301544N;07035742W;25.
29;18;7;18;17;16;4259323N;07036942W;0.8
29;18;7;18;17;31;4259339N;07036924W;0.8
29;18;7;18;17;47;4259333N;07036929W;0.0
29;18;7;18;18;2;4259348N;07036924W;0.8
29;18;7;18;18;17;4259339N;07036923W;0.9
29;18;7;18;18;32;4259330N;07036918W;0.8
29;18;7;18;18;48;4259336N;07036922W;0.3
29;18;7;18;19;3;4259335N;07036939W;0.4
29;18;7;18;19;3;4259335N;07036939W;0.4
29;18;7;18;19;3;4259335N;07036939W;0.4
29;18;7;18;19;3;4259335N;07036939W;0.4
29;18;7;18;19;18;4259336N;07036938W;0.6
29;18;7;18;19;33;4259337N;07036940W;1.1
29;18;7;18;19;48;4259344N;07036935W;0.8
29;18;7;18;20;3;4259359N;07036942W;0.3
29;18;7;18;20;19;4259342N;07036941W;0.4
29;18;7;18;20;34;4259342N;07036933W;0.5
29;18;7;18;20;49;4259340N;07036948W;0.4
29;18;7;18;21;4;4259344N;07036939W;0.1
29;18;7;18;21;20;4259340N;07036923W;0.4
29;18;7;18;21;35;4259343N;07036925W;1.3
29;18;7;18;21;50;4259339N;07036924W;0.6
29;18;7;18;22;6;4259342N;07036919W;1.2
29;18;7;18;22;21;4259297N;07037016W;0.8
29;18;7;18;22;36;4259393N;07036952W;0.4
29;18;7;18;22;51;4259563N;07036733W;0.7
29;18;7;18;23;6;4259431N;07036870W;0.3
29;18;7;18;23;21;4259396N;07036914W;0.9
29;18;7;18;23;37;4259396N;07036934W;0.6
29;18;7;18;23;52;4259394N;07036930W;0.6
29;19;7;18;0;7;4259340N;07036922W;0.6
29;19;7;18;0;23;4259339N;07036926W;0.7
29;19;7;18;0;38;4259463N;07037032W;0.2
29;19;7;18;0;53;4259472N;07037024W;0.1
29;19;7;18;1;8;4259356N;07036919W;0.1
29;19;7;18;1;23;4259369N;07036926W;0.2
29;19;7;18;1;39;4259367N;07036895W;0.6
29;19;7;18;1;54;4259373N;07036902W;0.7
29;19;7;18;2;9;4259345N;07036950W;0.3
29;19;7;18;2;25;4259358N;07036910W;0.1
29;19;7;18;2;40;4259359N;07036917W;1.2
29;19;7;18;2;55;4259367N;07036922W;0.3
29;19;7;18;3;10;4259370N;07036921W;0.7
29;19;7;18;3;25;4259353N;07036927W;0.9
29;19;7;18;3;41;4259343N;07036917W;0.6
29;19;7;18;3;56;4259352N;07036916W;1.3
29;19;7;18;4;11;4259352N;07036934W;0.6
29;19;7;18;4;26;4259350N;07036932W;1.6
29;19;7;18;4;41;4259355N;07036929W;0.2
29;19;7;18;4;56;4259365N;07036856W;0.9
29;19;7;18;5;11;4259368N;07036867W;1.4
29;19;7;18;5;26;4259357N;07036919W;0.4
29;19;7;18;5;41;4259350N;07036936W;0.9
29;19;7;18;5;56;4259363N;07036926W;1.9
29;19;7;18;6;12;4259360N;07036942W;2.0
29;19;7;18;6;28;4259359N;07036924W;0.7
29;19;7;18;6;43;4259360N;07036920W;0.5
29;19;7;18;6;58;4259356N;07036913W;0.2
29;19;7;18;7;13;4259354N;07036916W;0.2
29;19;7;18;7;28;4259348N;07036939W;0.5
29;19;7;18;7;43;4259348N;07036936W;0.2
29;19;7;18;7;58;4259349N;07036935W;0.7
29;19;7;18;8;13;4259349N;07036930W;0.4
29;19;7;18;8;29;4259352N;07036939W;1.6
29;19;7;18;8;44;4259365N;07036918W;0.2
29;19;7;18;8;59;4259353N;07036912W;0.8
29;19;7;18;9;14;4259360N;07036912W;0.8
29;19;7;18;9;29;4259349N;07036912W;1.4
29;19;7;18;9;44;4259356N;07036909W;0.3
29;19;7;18;9;59;4259351N;07036910W;0.4
29;19;7;18;10;14;4259352N;07036911W;0.2
29;19;7;18;10;29;4259351N;07036910W;0.3
29;19;7;18;10;44;4259347N;07036916W;0.2
29;19;7;18;10;59;4259370N;07036933W;0.9
29;19;7;18;11;15;4259322N;07036915W;0.5
29;19;7;18;11;30;4259325N;07036913W;0.3
29;19;7;18;11;45;4259323N;07036922W;0.3
29;19;7;18;12;0;4259355N;07036937W;0.1
29;19;7;18;12;16;4259320N;07036907W;1.1
29;19;7;18;12;32;4259336N;07036926W;0.3
29;19;7;18;12;47;4259335N;07036929W;0.5
29;19;7;18;13;2;4259324N;07036909W;0.2
29;19;7;18;13;17;4259402N;07037021W;23.
29;19;7;18;13;32;4259335N;07036924W;0.8
29;19;7;18;13;48;4259323N;07036934W;0.2
29;19;7;18;14;3;4259329N;07036928W;1.7
29;19;7;18;14;18;4259332N;07036922W;0.5
29;19;7;18;14;18;4259332N;07036922W;0.5
29;19;7;18;14;33;4259329N;07036914W;0.4
29;19;7;18;14;48;4259326N;07036908W;0.0
29;19;7;18;15;4;4259338N;07036925W;0.2
29;19;7;18;15;19;4259343N;07036931W;0.4
29;19;7;18;15;34;4259342N;07036929W;0.2
29;19;7;18;15;49;4259346N;07036926W;0.6
29;19;7;18;16;4;4259350N;07036932W;0.1
29;19;7;18;16;19;4259349N;07036928W;0.0
29;19;7;18;16;34;4259334N;07036934W;0.9
29;19;7;18;16;50;4259350N;07036905W;0.0
29;19;7;18;17;5;4259329N;07036915W;0.6
29;19;7;18;17;20;4259326N;07036914W;0.5
29;19;7;18;17;35;4259312N;07036903W;0.7
29;19;7;18;17;51;4259185N;07036647W;24.
29;19;7;18;18;6;4256646N;07033146W;17.
29;19;7;18;18;21;4253029N;07029387W;19.
29;19;7;18;18;36;4252330N;07027950W;30.
29;19;7;18;18;51;4251952N;07034175W;27.
29;19;7;18;19;6;4253065N;07039025W;16.
29;19;7;18;19;21;4257836N;07039540W;24.
29;19;7;18;19;36;4259078N;07036712W;0.5
29;19;7;18;19;51;4259349N;07036958W;0.7
29;19;7;18;20;7;4259354N;07036965W;0.4
29;19;7;18;20;22;4259360N;07036975W;1.0
29;19;7;18;20;37;4259342N;07036951W;0.5
29;19;7;18;20;53;4259334N;07036925W;0.2
29;19;7;18;21;8;4259334N;07036911W;0.0
29;19;7;18;21;23;4259335N;07036908W;0.8
29;19;7;18;21;38;4259336N;07036934W;0.3
29;19;7;18;21;53;4259339N;07036925W;0.2
29;19;7;18;22;8;4259326N;07036943W;0.6
29;19;7;18;22;24;4259338N;07036922W;0.5
29;19;7;18;22;24;4259338N;07036922W;0.5
29;19;7;18;22;24;4259338N;07036922W;0.5
29;19;7;18;22;24;4259338N;07036922W;0.5
29;19;7;18;22;24;4259338N;07036922W;0.5
29;19;7;18;22;24;4259338N;07036922W;0.5
29;19;7;18;22;24;4259338N;07036922W;0.5
29;19;7;18;22;40;4259313N;07036944W;0.4
29;19;7;18;22;55;4259329N;07036921W;0.4
29;19;7;18;23;10;4259325N;07036921W;0.0
29;19;7;18;23;10;4259325N;07036921W;0.0
29;19;7;18;23;25;4259316N;07036914W;0.5
29;19;7;18;23;40;4259328N;07036914W;0.4
29;19;7;18;23;55;4259280N;07036901W;0.2
29;20;7;18;0;11;4259278N;07036888W;0.3
29;20;7;18;0;26;4259297N;07036893W;0.7
29;20;7;18;0;41;4259328N;07036899W;0.4
29;20;7;18;0;56;4259340N;07036916W;0.5
29;20;7;18;0;56;4259340N;07036916W;0.5
29;20;7;18;1;11;4259368N;07036925W;0.4
29;20;7;18;1;26;4259369N;07036919W;0.3
29;20;7;18;1;41;4259365N;07036918W;1.2
29;20;7;18;1;41;4259365N;07036918W;1.2
29;20;7;18;1;41;4259365N;07036918W;1.2
29;20;7;18;1;41;4259365N;07036918W;1.2
29;20;7;18;1;41;4259365N;07036918W;1.2
29;20;7;18;1;41;4259365N;07036918W;1.2
29;20;7;18;1;41;4259365N;07036918W;1.2
29;20;7;18;1;41;4259365N;07036918W;1.2
29;20;7;18;1;41;4259365N;07036918W;1.2
29;20;7;18;1;41;4259365N;07036918W;1.2
29;20;7;18;1;41;4259365N;07036918W;1.2
29;20;7;18;1;57;4259372N;07036906W;0.2
29;20;7;18;1;57;4259372N;07036906W;0.2
29;20;7;18;1;57;4259372N;07036906W;0.2
29;20;7;18;1;57;4259372N;07036906W;0.2
29;20;7;18;1;57;4259372N;07036906W;0.2
29;20;7;18;2;12;4259355N;07036925W;0.3
29;20;7;18;2;27;4259361N;07036922W;0.5
29;20;7;18;2;42;4259346N;07036920W;0.5
29;20;7;18;2;57;4259337N;07036905W;0.3
29;20;7;18;2;57;4259337N;07036905W;0.3
29;20;7;18;2;57;4259337N;07036905W;0.3
29;20;7;18;3;13;4259359N;07036905W;0.2
29;20;7;18;3;28;4259343N;07036902W;0.2
29;20;7;18;3;43;4259362N;07036904W;2.1
29;20;7;18;3;58;4259361N;07036908W;0.4
29;20;7;18;4;13;4259363N;07036905W;0.5
29;20;7;18;4;28;4259359N;07036915W;0.3
29;20;7;18;4;43;4259354N;07036916W;0.0
29;20;7;18;4;59;4259349N;07036920W;0.5
29;20;7;18;5;14;4259332N;07036896W;0.2
29;20;7;18;5;29;4259320N;07036862W;0.2
29;20;7;18;5;44;4259371N;07036960W;0.7
29;20;7;18;5;59;4259370N;07036959W;0.6
29;20;7;18;6;14;4259354N;07036935W;0.2
29;20;7;18;6;29;4259351N;07036925W;0.3
29;20;7;18;6;44;4259351N;07036932W;0.2
29;20;7;18;7;0;4259357N;07036937W;0.4
29;20;7;18;7;15;4259344N;07036943W;0.2
29;20;7;18;7;30;4259342N;07036940W;0.7
29;20;7;18;7;45;4259297N;07036918W;0.1
29;20;7;18;8;0;4259283N;07036941W;0.1
29;20;7;18;8;16;4259332N;07036924W;1.7
29;20;7;18;8;31;4259349N;07036923W;0.0
29;20;7;18;8;46;4259305N;07036887W;0.5
29;20;7;18;9;1;4259170N;07036819W;14.
29;20;7;18;9;16;4259338N;07036923W;0.0
29;20;7;18;9;31;4259331N;07036933W;0.4
29;20;7;18;9;46;4259339N;07036927W;0.4
29;20;7;18;10;2;4259340N;07036935W;0.8
29;20;7;18;10;17;4259351N;07036924W;0.3
29;20;7;18;10;32;4259328N;07036931W;1.0
29;20;7;18;10;32;4259328N;07036931W;1.0
29;20;7;18;10;32;4259328N;07036931W;1.0
29;20;7;18;10;47;4259324N;07036929W;1.0
29;20;7;18;11;2;4259328N;07036935W;0.2
29;20;7;18;11;18;4259325N;07036927W;0.9
29;20;7;18;11;18;4259325N;07036927W;0.9
29;20;7;18;11;18;4259325N;07036927W;0.9
29;20;7;18;11;18;4259325N;07036927W;0.9
29;20;7;18;11;33;4259317N;07036927W;0.5
29;20;7;18;11;48;4259325N;07036945W;0.2
29;20;7;18;12;3;4259326N;07036926W;0.2
29;20;7;18;12;19;4259327N;07036928W;0.5
29;20;7;18;12;34;4259321N;07036946W;0.3
29;20;7;18;12;49;4259321N;07036936W;1.7
29;20;7;18;13;4;4300022N;07038605W;20.
29;20;7;18;13;19;4303833N;07039551W;4.9
29;20;7;18;13;34;4304102N;07039559W;14.
29;20;7;18;13;49;4304342N;07040348W;0.3
29;20;7;18;14;4;4304357N;07040340W;0.2
29;20;7;18;14;19;4304361N;07040337W;0.3
29;20;7;18;14;34;4304361N;07040322W;0.2
29;20;7;18;14;49;4304323N;07040288W;0.1
29;20;7;18;15;4;4304285N;07040260W;0.1
29;20;7;18;15;19;4304306N;07040275W;1.0
29;20;7;18;15;34;4304075N;07039796W;20.
29;20;7;18;15;50;4304101N;07038665W;16.
29;20;7;18;16;5;4304274N;07038855W;27.
29;20;7;18;16;20;4304299N;07040267W;0.4
29;20;7;18;16;35;4302170N;07039608W;25.
29;20;7;18;16;50;4259347N;07037077W;21.
29;20;7;18;17;6;4259333N;07036921W;0.1
29;20;7;18;17;21;4259341N;07036921W;0.1
29;20;7;18;17;36;4259331N;07036921W;0.2
29;20;7;18;17;51;4259329N;07036917W;0.6
29;20;7;18;18;6;4259344N;07036948W;0.6
29;20;7;18;18;21;4259331N;07036921W;0.6
29;20;7;18;18;37;4259336N;07036928W;0.3
29;20;7;18;18;52;4259339N;07036917W;2.8
29;20;7;18;19;7;4259355N;07036914W;0.7
29;20;7;18;19;22;4259346N;07036917W;0.3
29;20;7;18;19;37;4259346N;07036959W;0.6
29;20;7;18;19;52;4259350N;07036918W;1.5
29;20;7;18;20;8;4259365N;07036929W;1.1
29;20;7;18;20;23;4259365N;07036934W;1.5
29;20;7;18;20;38;4259328N;07036906W;0.6
29;20;7;18;20;53;4259309N;07036865W;0.2
29;20;7;18;21;9;4259349N;07036916W;0.6
29;20;7;18;21;24;4259335N;07036935W;0.6
29;20;7;18;21;39;4259078N;07036683W;0.1
29;20;7;18;21;54;4259336N;07036931W;0.2
29;20;7;18;22;10;4259296N;07037006W;0.2
29;20;7;18;22;25;4259306N;07036934W;0.3
29;20;7;18;22;40;4259296N;07036921W;0.5
29;20;7;18;22;55;4259296N;07036908W;0.4
29;20;7;18;23;10;4259292N;07036909W;0.2
29;20;7;18;23;25;4259280N;07036927W;0.4
29;20;7;18;23;41;4259301N;07036901W;0.5
29;20;7;18;23;56;4259299N;07036895W;0.1
29;21;7;18;0;11;4259307N;07036895W;0.4
29;21;7;18;0;26;4259270N;07036845W;0.7
29;21;7;18;0;41;4259335N;07036915W;0.4
29;21;7;18;0;56;4259320N;07036922W;0.1
29;21;7;18;0;56;4259320N;07036922W;0.1
29;21;7;18;0;56;4259320N;07036922W;0.1
29;21;7;18;0;56;4259320N;07036922W;0.1
29;21;7;18;1;12;4259322N;07036923W;0.3
29;21;7;18;1;27;4259355N;07036945W;0.3
29;21;7;18;1;27;4259355N;07036945W;0.3
29;21;7;18;1;42;4259444N;07036913W;0.4
29;21;7;18;1;57;4259348N;07036907W;1.0
29;21;7;18;2;12;4259282N;07037026W;0.5
29;21;7;18;2;28;4259304N;07036945W;0.4
29;21;7;18;2;43;4259303N;07036943W;0.1
29;21;7;18;2;58;4259286N;07036927W;1.2
29;21;7;18;2;58;4259286N;07036927W;1.2
29;21;7;18;3;13;4259323N;07036930W;0.2
29;21;7;18;3;29;4259335N;07036924W;0.2
29;21;7;18;3;44;4259348N;07036910W;1.2
29;21;7;18;3;44;4259348N;07036910W;1.2
29;21;7;18;3;44;4259348N;07036910W;1.2
29;21;7;18;3;44;4259348N;07036910W;1.2
29;21;7;18;3;44;4259348N;07036910W;1.2
29;21;7;18;3;44;4259348N;07036910W;1.2
29;21;7;18;3;44;4259348N;07036910W;1.2
29;21;7;18;3;44;4259348N;07036910W;1.2
29;21;7;18;3;44;4259348N;07036910W;1.2
29;21;7;18;3;59;4259322N;07036923W;0.2
29;21;7;18;3;59;4259322N;07036923W;0.2
29;21;7;18;4;14;4259349N;07036915W;0.1
29;21;7;18;4;29;4259313N;07036916W;0.3
29;21;7;18;4;44;4259331N;07036912W;0.7
29;21;7;18;4;59;4259355N;07036921W;0.3
29;21;7;18;5;14;4259352N;07036934W;0.7
29;21;7;18;5;29;4259348N;07036930W;0.7
29;21;7;18;5;45;4259343N;07036922W;0.4
29;21;7;18;6;0;4259347N;07036931W;0.2
29;21;7;18;6;15;4259349N;07036933W;0.5
29;21;7;18;6;30;4259346N;07036929W;0.4
29;21;7;18;6;45;4259345N;07036942W;0.6
29;21;7;18;7;0;4259345N;07036940W;0.2
29;21;7;18;7;15;4259341N;07036940W;0.3
29;21;7;18;7;31;4259342N;07036935W;0.6
29;21;7;18;7;46;4259320N;07036938W;0.4
29;21;7;18;8;1;4259308N;07036927W;0.4
29;21;7;18;8;16;4259337N;07036918W;0.7
29;21;7;18;8;31;4259311N;07036907W;0.1
29;21;7;18;8;46;4259324N;07036922W;0.7
29;21;7;18;9;2;4259316N;07036923W;0.4
29;21;7;18;9;17;4259294N;07036933W;0.3
29;21;7;18;9;32;4259304N;07036909W;0.3
29;21;7;18;9;32;4259304N;07036909W;0.3
29;21;7;18;9;48;4259320N;07036908W;0.2
29;21;7;18;10;3;4259339N;07036925W;0.0
29;21;7;18;10;19;4259335N;07036928W;1.0
29;21;7;18;10;34;4259337N;07036927W;0.6
