25;26;5;18;21;18;4259330N;07036933W;0.2
25;26;5;18;21;33;4259311N;07036917W;0.5
25;26;5;18;21;49;4259352N;07036943W;0.3
25;26;5;18;22;4;4259432N;07036936W;0.2
25;26;5;18;22;20;4259365N;07036937W;0.2
25;26;5;18;22;35;4259394N;07036984W;0.1
25;26;5;18;22;50;4259388N;07036983W;0.1
25;26;5;18;23;5;4259353N;07036950W;0.0
25;26;5;18;23;21;4259344N;07036966W;0.0
25;26;5;18;23;36;4259353N;07036959W;6.0
25;26;5;18;23;51;4259353N;07036963W;0.8
25;27;5;18;0;6;4259352N;07036956W;0.4
25;27;5;18;0;21;4259357N;07036944W;1.2
25;27;5;18;0;37;4259355N;07036953W;0.2
25;27;5;18;0;52;4259350N;07036959W;1.2
25;27;5;18;1;7;4259349N;07036953W;0.6
25;27;5;18;1;22;4259343N;07036953W;1.0
25;27;5;18;1;37;4259342N;07036958W;0.8
25;27;5;18;1;53;4259349N;07036959W;0.1
25;27;5;18;2;8;4259348N;07036957W;1.4
25;27;5;18;2;23;4259350N;07036957W;0.9
25;27;5;18;2;39;4259352N;07036954W;0.1
25;27;5;18;2;54;4259355N;07036960W;0.3
25;27;5;18;3;9;4259355N;07036960W;0.9
25;27;5;18;3;24;4259355N;07036963W;0.4
25;27;5;18;3;39;4259349N;07036955W;0.4
25;27;5;18;3;54;4259354N;07036955W;0.3
25;27;5;18;4;10;4259354N;07036955W;0.0
25;27;5;18;4;25;4259355N;07036956W;0.4
25;27;5;18;4;40;4259357N;07036954W;0.1
25;27;5;18;4;56;4259338N;07036938W;0.1
25;27;5;18;5;12;4259352N;07036955W;0.1
25;27;5;18;5;27;4259352N;07036957W;1.7
25;27;5;18;5;42;4259345N;07036946W;8.5
25;27;5;18;5;57;4259373N;07036960W;5.3
25;27;5;18;6;12;4259356N;07036951W;4.1
25;27;5;18;6;27;4259351N;07036939W;0.4
25;27;5;18;6;42;4259352N;07036934W;0.1
25;27;5;18;6;58;4259355N;07036944W;0.3
25;27;5;18;7;13;4259428N;07037032W;0.5
25;27;5;18;7;28;4259413N;07037081W;0.2
25;27;5;18;7;43;4259354N;07036945W;0.2
25;27;5;18;7;58;4259464N;07037102W;0.0
25;27;5;18;8;13;4259631N;07036977W;0.6
25;27;5;18;8;28;4259434N;07037284W;0.2
25;27;5;18;8;44;4259357N;07036948W;0.1
25;27;5;18;8;59;4259516N;07037229W;0.4
25;27;5;18;9;15;4259353N;07036948W;0.0
25;27;5;18;9;30;4259352N;07036947W;0.4
25;27;5;18;9;45;4259355N;07036958W;0.5
25;27;5;18;10;0;4259355N;07036959W;6.6
25;27;5;18;10;15;4259346N;07036953W;1.2
25;27;5;18;10;30;4259347N;07036961W;0.7
25;27;5;18;10;45;4259342N;07036958W;1.0
25;27;5;18;11;0;4259347N;07036959W;1.8
25;27;5;18;11;15;4259347N;07036961W;0.4
25;27;5;18;11;31;4259354N;07036952W;0.2
25;27;5;18;11;46;4259355N;07036981W;0.7
25;27;5;18;12;1;4259347N;07036991W;0.4
25;27;5;18;12;16;4259348N;07036961W;1.0
25;27;5;18;12;31;4259324N;07036943W;0.6
25;27;5;18;12;46;4259307N;07036907W;0.6
25;27;5;18;13;2;4259327N;07036921W;0.3
25;27;5;18;13;17;4259336N;07036935W;0.2
25;27;5;18;13;32;4259349N;07037040W;0.3
25;27;5;18;13;47;4259333N;07037049W;0.1
25;27;5;18;14;3;4259344N;07036953W;0.3
25;27;5;18;14;18;4259345N;07036949W;0.2
25;27;5;18;14;33;4259341N;07036949W;1.1
25;27;5;18;14;48;4259339N;07036941W;1.5
25;27;5;18;15;3;4259336N;07036938W;0.4
25;27;5;18;15;19;4259352N;07036926W;0.3
25;27;5;18;15;34;4259342N;07036943W;0.1
25;27;5;18;15;49;4259332N;07036939W;0.2
25;27;5;18;16;4;4259350N;07036929W;1.1
25;27;5;18;16;19;4259323N;07036937W;0.8
25;27;5;18;16;35;4259352N;07036951W;0.3
25;27;5;18;16;50;4259355N;07036961W;0.2
25;27;5;18;17;5;4259367N;07036958W;0.1
25;27;5;18;17;20;4259358N;07036971W;0.2
25;27;5;18;17;35;4259350N;07036971W;0.5
25;27;5;18;17;51;4259303N;07036948W;0.1
25;27;5;18;18;6;4259355N;07036969W;0.1
25;27;5;18;18;21;4259381N;07036968W;0.0
25;27;5;18;18;36;4259493N;07037085W;4.1
25;27;5;18;18;51;4259383N;07036982W;0.4
25;27;5;18;19;7;4259559N;07037220W;0.0
25;27;5;18;19;22;4259495N;07037247W;0.3
25;27;5;18;19;37;4259676N;07037399W;0.2
25;27;5;18;19;52;4259279N;07037330W;0.3
25;27;5;18;20;8;4259391N;07036947W;0.2
25;27;5;18;20;23;4259383N;07037000W;0.2
25;27;5;18;20;38;4259125N;07037433W;0.2
25;27;5;18;20;54;4259355N;07036956W;0.0
25;27;5;18;21;9;4259356N;07036957W;0.4
25;27;5;18;21;24;4259355N;07036955W;3.9
25;27;5;18;21;39;4259356N;07036963W;0.6
25;27;5;18;21;55;4259351N;07036945W;0.1
25;27;5;18;22;10;4259349N;07036952W;0.2
25;27;5;18;22;25;4259349N;07036964W;0.3
25;27;5;18;22;40;4259351N;07036956W;0.5
25;27;5;18;22;55;4259295N;07036948W;0.3
25;27;5;18;23;11;4258617N;07037192W;0.4
25;27;5;18;23;26;4259254N;07036940W;0.8
25;27;5;18;23;41;4259355N;07036959W;0.1
25;27;5;18;23;56;4259359N;07036954W;0.3
25;28;5;18;0;12;4259163N;07036725W;0.6
25;28;5;18;0;27;4258966N;07036718W;0.0
25;28;5;18;0;43;4259357N;07036947W;0.0
25;28;5;18;0;58;4259210N;07036953W;0.5
25;28;5;18;1;13;4259249N;07037212W;0.5
25;28;5;18;1;28;4259324N;07036978W;0.8
25;28;5;18;1;43;4259320N;07036972W;0.1
25;28;5;18;1;59;4259357N;07036955W;4.1
25;28;5;18;2;14;4259323N;07036960W;0.2
25;28;5;18;2;29;4259410N;07036920W;0.4
25;28;5;18;2;44;4259394N;07036947W;0.3
25;28;5;18;2;59;4259274N;07036972W;0.5
25;28;5;18;3;14;4259272N;07036952W;0.9
25;28;5;18;3;30;4259320N;07036941W;0.2
25;28;5;18;3;45;4259322N;07036936W;0.1
25;28;5;18;4;0;4259296N;07036944W;0.5
25;28;5;18;4;15;4259299N;07036936W;0.4
25;28;5;18;4;30;4259338N;07036934W;0.3
25;28;5;18;4;45;4259342N;07036935W;0.5
25;28;5;18;5;1;4259345N;07036942W;0.3
25;28;5;18;5;16;4259312N;07036976W;0.4
25;28;5;18;5;31;4259313N;07036972W;0.6
25;28;5;18;5;31;4259313N;07036972W;0.6
25;28;5;18;5;46;4259326N;07036978W;0.9
25;28;5;18;6;1;4259322N;07036976W;0.3
25;28;5;18;6;16;4259352N;07036953W;0.6
25;28;5;18;6;32;4259397N;07037033W;0.4
25;28;5;18;6;47;4259358N;07036973W;0.1
25;28;5;18;7;2;4259434N;07037076W;0.7
25;28;5;18;7;17;4259234N;07037125W;0.5
25;28;5;18;7;33;4259347N;07036958W;0.2
25;28;5;18;7;48;4259399N;07037106W;0.1
25;28;5;18;8;3;4259400N;07037267W;0.1
25;28;5;18;8;18;4259384N;07037248W;0.5
25;28;5;18;8;33;4259350N;07036961W;0.1
25;28;5;18;8;49;4259337N;07037032W;0.4
25;28;5;18;9;4;4259339N;07036991W;0.0
25;28;5;18;9;19;4259596N;07037659W;0.3
25;28;5;18;9;34;4259672N;07037939W;0.2
25;28;5;18;9;50;4259765N;07038163W;0.3
25;28;5;18;10;5;4259350N;07036992W;0.2
25;28;5;18;10;20;4259356N;07036969W;0.3
25;28;5;18;10;35;4258555N;07037313W;0.4
25;28;5;18;10;50;4258672N;07035523W;25.
25;28;5;18;11;6;4256275N;07032354W;26.
25;28;5;18;11;21;4254559N;07030233W;0.7
25;28;5;18;11;36;4254371N;07030221W;0.5
25;28;5;18;11;51;4254677N;07030215W;0.8
25;28;5;18;12;6;4254054N;07028940W;1.4
25;28;5;18;12;21;4254351N;07027242W;0.7
25;28;5;18;12;36;4254232N;07027075W;1.6
25;28;5;18;12;51;4254273N;07027043W;0.7
25;28;5;18;13;6;4254060N;07026716W;0.1
25;28;5;18;13;22;4253309N;07024838W;0.6
25;28;5;18;13;37;4252644N;07023923W;6.5
25;28;5;18;13;52;4251316N;07024675W;26.
25;28;5;18;14;7;4250505N;07021581W;27.
25;28;5;18;14;22;4250131N;07021571W;0.7
25;28;5;18;14;37;4250297N;07021359W;2.2
25;28;5;18;14;52;4250295N;07020152W;8.3
25;28;5;18;15;8;4248587N;07018850W;12.
25;28;5;18;15;23;4248869N;07019385W;12.
25;28;5;18;15;38;4249549N;07020138W;24.
25;28;5;18;15;53;4253900N;07024590W;25.
25;28;5;18;16;8;4256182N;07031844W;27.
25;28;5;18;16;23;4259378N;07036866W;0.1
25;28;5;18;16;38;4259386N;07036875W;1.6
25;28;5;18;16;53;4259372N;07036910W;0.3
25;28;5;18;17;9;4259364N;07036935W;0.1
25;28;5;18;17;24;4259356N;07036954W;0.2
25;28;5;18;17;39;4259331N;07036952W;0.6
25;28;5;18;17;54;4259323N;07036954W;0.6
25;28;5;18;18;9;4258973N;07037023W;0.6
25;28;5;18;18;25;4259327N;07036958W;0.3
25;28;5;18;18;40;4259370N;07036947W;0.0
25;28;5;18;18;55;4259320N;07036939W;0.5
25;28;5;18;19;10;4259577N;07037267W;1.1
25;28;5;18;19;26;4259633N;07037275W;0.0
25;28;5;18;19;41;4259637N;07037305W;0.4
25;28;5;18;19;56;4259499N;07037394W;0.3
25;28;5;18;20;11;4259410N;07036752W;0.1
25;28;5;18;20;26;4259647N;07037039W;0.1
25;28;5;18;20;42;4259346N;07036716W;0.2
25;28;5;18;20;57;4259210N;07036644W;0.4
25;28;5;18;21;13;4259358N;07036957W;0.0
25;28;5;18;21;28;4259352N;07036963W;0.2
25;28;5;18;21;43;4259359N;07036968W;0.4
25;28;5;18;21;58;4259360N;07036952W;0.2
25;28;5;18;22;13;4259331N;07036776W;0.6
25;28;5;18;22;28;4259461N;07036677W;1.4
25;28;5;18;22;43;4259616N;07036609W;0.7
25;28;5;18;22;59;4259458N;07036665W;0.0
25;28;5;18;23;14;4259431N;07036685W;0.4
25;28;5;18;23;29;4259489N;07036364W;1.6
25;28;5;18;23;44;4259235N;07036681W;0.4
25;28;5;18;23;59;4259218N;07036718W;0.8
25;29;5;18;0;14;4259316N;07036990W;0.2
25;29;5;18;0;30;4259277N;07037021W;0.1
25;29;5;18;0;45;4259354N;07036953W;0.1
25;29;5;18;1;1;4259362N;07036953W;0.3
25;29;5;18;1;16;4259360N;07036954W;0.2
25;29;5;18;1;31;4259352N;07036966W;0.0
25;29;5;18;1;46;4259351N;07036954W;0.4
25;29;5;18;2;1;4259352N;07036964W;0.4
25;29;5;18;2;16;4259354N;07036959W;0.6
25;29;5;18;2;32;4259329N;07036931W;0.2
25;29;5;18;2;47;4259331N;07036950W;0.3
25;29;5;18;3;2;4259335N;07036967W;0.3
25;29;5;18;3;17;4259356N;07036959W;0.6
25;29;5;18;3;32;4259329N;07036945W;0.1
25;29;5;18;3;47;4259310N;07036924W;0.2
25;29;5;18;4;2;4259308N;07036924W;0.5
25;29;5;18;4;18;4259320N;07036930W;0.3
25;29;5;18;4;33;4259343N;07036944W;0.5
25;29;5;18;4;48;4259367N;07036953W;0.0
25;29;5;18;5;3;4259371N;07036934W;0.9
25;29;5;18;5;18;4259366N;07036974W;0.7
25;29;5;18;5;33;4259344N;07036967W;0.5
25;29;5;18;5;49;4259330N;07036982W;0.6
25;29;5;18;6;4;4259329N;07036970W;0.6
25;29;5;18;6;19;4259347N;07036977W;0.5
25;29;5;18;6;34;4259337N;07036980W;0.3
25;29;5;18;6;49;4259339N;07036990W;1.0
25;29;5;18;7;5;4259344N;07036979W;0.1
25;29;5;18;7;20;4259338N;07036974W;0.3
25;29;5;18;7;35;4259328N;07036898W;0.1
25;29;5;18;7;50;4259321N;07036960W;0.1
25;29;5;18;8;6;4259343N;07036908W;0.3
25;29;5;18;8;21;4259363N;07036945W;0.7
25;29;5;18;8;36;4259350N;07036943W;0.6
25;29;5;18;8;51;4259364N;07036969W;0.3
25;29;5;18;9;6;4259359N;07036952W;0.2
25;29;5;18;9;21;4259356N;07036973W;0.4
25;29;5;18;9;36;4259367N;07036967W;0.3
25;29;5;18;9;52;4259382N;07036993W;0.3
25;29;5;18;10;7;4259372N;07036974W;0.1
25;29;5;18;10;22;4259352N;07036975W;0.4
25;29;5;18;10;37;4259366N;07036958W;0.5
25;29;5;18;10;52;4259356N;07036964W;1.4
25;29;5;18;11;7;4259275N;07036970W;0.5
25;29;5;18;11;23;4259316N;07036981W;0.2
25;29;5;18;11;38;4259356N;07036958W;0.5
25;29;5;18;11;53;4259500N;07036981W;0.8
25;29;5;18;12;9;4259359N;07036953W;0.3
25;29;5;18;12;24;4259361N;07036949W;0.1
25;29;5;18;12;39;4259328N;07036918W;0.4
25;29;5;18;12;54;4259350N;07036914W;0.0
25;29;5;18;13;10;4259304N;07036925W;0.2
25;29;5;18;13;25;4259375N;07036964W;0.2
25;29;5;18;13;41;4259353N;07036961W;0.4
25;29;5;18;13;56;4259356N;07036972W;0.3
25;29;5;18;14;11;4259355N;07036959W;0.7
25;29;5;18;14;26;4259352N;07036958W;0.8
25;29;5;18;14;41;4259348N;07036957W;0.3
25;29;5;18;14;56;4259355N;07036959W;0.4
25;29;5;18;15;11;4259356N;07036956W;0.0
25;29;5;18;15;26;4256775N;07032474W;22.
25;29;5;18;15;41;4254337N;07027320W;24.
25;29;5;18;15;57;4252268N;07021443W;11.
25;29;5;18;16;12;4250341N;07022665W;23.
25;29;5;18;16;27;4250076N;07023251W;1.1
25;29;5;18;16;42;4250638N;07022094W;22.
25;29;5;18;16;57;4252280N;07020645W;19.
25;29;5;18;17;12;4250062N;07016826W;27.
25;29;5;18;17;27;4249044N;07011613W;23.
25;29;5;18;17;42;4243406N;07012932W;22.
25;29;5;18;17;57;4239956N;07013363W;27.
25;29;5;18;18;12;4240210N;07015500W;29.
25;29;5;18;18;28;4244726N;07021837W;26.
25;29;5;18;18;43;4248518N;07025665W;0.6
25;29;5;18;18;58;4248776N;07025675W;1.1
25;29;5;18;19;13;4248875N;07028173W;28.
25;29;5;18;19;28;4249670N;07032149W;0.4
25;29;5;18;19;43;4250897N;07037317W;14.
25;29;5;18;19;58;4251903N;07041694W;14.
25;29;5;18;20;13;4252814N;07046084W;12.
25;29;5;18;20;28;4255679N;07046055W;0.1
25;29;5;18;20;43;4256606N;07044088W;29.
25;29;5;18;20;59;4259070N;07036867W;13.
25;29;5;18;21;14;4259317N;07036962W;0.1
25;29;5;18;21;29;4259318N;07036955W;0.5
25;29;5;18;21;45;4259316N;07036955W;0.4
25;29;5;18;22;0;4259329N;07036980W;0.5
25;29;5;18;22;15;4259376N;07036973W;0.2
25;29;5;18;22;30;4259364N;07036974W;0.5
25;29;5;18;22;45;4259364N;07036973W;0.0
25;29;5;18;23;1;4259344N;07036985W;0.2
25;29;5;18;23;16;4259352N;07036949W;0.0
25;29;5;18;23;31;4259352N;07036954W;0.7
25;29;5;18;23;47;4259343N;07036952W;0.0
25;30;5;18;0;2;4259354N;07036952W;0.1
25;30;5;18;0;17;4259341N;07036944W;0.2
25;30;5;18;0;32;4259344N;07036954W;0.5
25;30;5;18;0;47;4259356N;07036956W;1.4
25;30;5;18;1;2;4259350N;07036960W;0.1
25;30;5;18;1;17;4259352N;07036956W;0.5
25;30;5;18;1;33;4259352N;07036957W;0.2
25;30;5;18;1;48;4259351N;07036955W;0.5
25;30;5;18;2;4;4259353N;07036953W;0.3
25;30;5;18;2;19;4259351N;07036955W;0.4
25;30;5;18;2;34;4259350N;07036952W;0.7
25;30;5;18;2;49;4259349N;07036954W;2.7
25;30;5;18;3;5;4259354N;07036958W;0.4
25;30;5;18;3;20;4259356N;07036958W;0.0
25;30;5;18;3;35;4259353N;07036955W;0.2
25;30;5;18;3;50;4259347N;07036949W;0.4
25;30;5;18;4;5;4259356N;07036935W;0.0
25;30;5;18;4;21;4259343N;07036919W;0.5
25;30;5;18;4;36;4259362N;07036930W;0.1
25;30;5;18;4;51;4259353N;07036941W;0.4
25;30;5;18;5;6;4259343N;07036940W;0.6
25;30;5;18;5;21;4259362N;07036946W;0.8
25;30;5;18;5;37;4259351N;07036951W;0.6
25;30;5;18;5;52;4259352N;07036950W;0.7
25;30;5;18;6;7;4259359N;07036957W;1.0
25;30;5;18;6;22;4259358N;07036954W;0.6
25;30;5;18;6;37;4259369N;07036984W;0.6
25;30;5;18;6;53;4259206N;07036773W;0.1
25;30;5;18;7;8;4259355N;07036969W;0.1
25;30;5;18;7;23;4259304N;07036895W;0.4
25;30;5;18;7;38;4259332N;07036956W;0.2
25;30;5;18;7;53;4259338N;07036949W;0.4
25;30;5;18;8;9;4259356N;07036955W;0.0
25;30;5;18;8;24;4259352N;07036951W;3.3
25;30;5;18;8;39;4259356N;07036947W;2.4
25;30;5;18;8;54;4259355N;07036960W;0.1
25;30;5;18;9;9;4259358N;07036960W;0.5
25;30;5;18;9;25;4259353N;07036956W;0.8
25;30;5;18;9;40;4259361N;07036970W;0.5
25;30;5;18;9;55;4259352N;07036960W;0.3
25;30;5;18;10;10;4259356N;07036971W;0.7
25;30;5;18;10;25;4259350N;07036956W;0.0
25;30;5;18;10;40;4259346N;07036971W;0.2
25;30;5;18;10;55;4259345N;07036970W;0.2
25;30;5;18;11;10;4259352N;07036965W;0.2
25;30;5;18;11;26;4259352N;07036962W;0.4
25;30;5;18;11;41;4259355N;07036964W;1.6
25;30;5;18;11;56;4259358N;07036960W;0.3
25;30;5;18;12;11;4259360N;07036958W;1.1
25;30;5;18;12;26;4259357N;07036952W;0.9
25;30;5;18;12;42;4259350N;07036941W;0.3
25;30;5;18;12;57;4259356N;07036933W;0.3
25;30;5;18;13;12;4259355N;07036941W;0.3
25;30;5;18;13;28;4259357N;07036950W;0.3
25;30;5;18;13;43;4259357N;07036953W;0.1
25;30;5;18;13;58;4259367N;07036956W;0.2
25;30;5;18;14;14;4259358N;07036961W;0.3
25;30;5;18;14;29;4259355N;07036959W;0.3
25;30;5;18;14;44;4259349N;07036958W;0.4
25;30;5;18;15;0;4259355N;07036958W;0.1
25;30;5;18;15;15;4259356N;07036958W;0.3
25;30;5;18;15;30;4259353N;07036956W;1.7
25;30;5;18;15;46;4259356N;07036957W;0.0
25;30;5;18;16;1;4259357N;07036955W;0.8
25;30;5;18;16;16;4259357N;07036959W;0.1
25;30;5;18;16;31;4259356N;07036960W;0.1
25;30;5;18;16;46;4259349N;07036951W;0.1
25;30;5;18;17;1;4259371N;07036958W;0.3
25;30;5;18;17;16;4259352N;07036976W;0.4
25;30;5;18;17;32;4259348N;07036962W;0.1
25;30;5;18;17;47;4259348N;07036956W;0.1
25;30;5;18;18;2;4259352N;07036964W;0.3
25;30;5;18;18;17;4259304N;07036973W;0.3
25;30;5;18;18;32;4259316N;07036914W;0.4
25;30;5;18;18;48;4259387N;07036999W;0.4
25;30;5;18;19;3;4259396N;07036996W;0.5
25;30;5;18;19;18;4259419N;07037050W;0.9
25;30;5;18;19;33;4259379N;07036979W;0.0
25;30;5;18;19;48;4259383N;07036979W;0.4
25;30;5;18;20;4;4259387N;07036967W;0.1
25;30;5;18;20;19;4259447N;07036982W;0.6
25;30;5;18;20;34;4259362N;07036970W;1.5
25;30;5;18;20;50;4259356N;07036973W;1.2
25;30;5;18;21;5;4259355N;07036972W;0.6
25;30;5;18;21;20;4259310N;07036940W;1.6
25;30;5;18;21;35;4259124N;07036627W;0.8
25;30;5;18;21;50;4259100N;07036704W;0.9
25;30;5;18;22;5;4257746N;07033077W;20.
25;30;5;18;22;21;4255998N;07027216W;20.
25;30;5;18;22;36;4255126N;07021655W;17.
25;30;5;18;22;51;4254709N;07016732W;17.
25;30;5;18;23;6;4252569N;07012124W;17.
25;30;5;18;23;21;4253341N;07007949W;13.
25;30;5;18;23;36;4253901N;07010274W;13.
25;30;5;18;23;51;4252078N;07013832W;26.
25;31;5;18;0;6;4250645N;07020490W;23.
25;31;5;18;0;21;4253995N;07029035W;29.
25;31;5;18;0;36;4258414N;07035870W;29.
25;31;5;18;0;51;4259340N;07036924W;0.7
25;31;5;18;1;7;4259340N;07036933W;0.1
25;31;5;18;1;22;4259353N;07036955W;0.1
25;31;5;18;1;37;4259353N;07036955W;0.9
25;31;5;18;1;53;4259342N;07036954W;0.4
25;31;5;18;2;8;4259335N;07036967W;0.8
25;31;5;18;2;23;4259337N;07036959W;0.1
25;31;5;18;2;38;4259343N;07036952W;0.2
25;31;5;18;2;53;4259345N;07036946W;0.4
25;31;5;18;3;9;4259346N;07036948W;0.3
25;31;5;18;3;24;4259343N;07036923W;4.2
25;31;5;18;3;39;4259341N;07036926W;0.4
25;31;5;18;3;54;4259366N;07036925W;0.3
25;31;5;18;4;9;4259366N;07036918W;1.2
25;31;5;18;4;24;4259351N;07036921W;0.4
25;31;5;18;4;39;4259352N;07036927W;1.2
25;31;5;18;4;55;4259374N;07036934W;0.4
25;31;5;18;5;10;4259354N;07036942W;0.2
25;31;5;18;5;25;4259348N;07036944W;0.5
25;31;5;18;5;40;4259326N;07036948W;0.8
25;31;5;18;5;55;4259348N;07036960W;1.1
25;31;5;18;6;10;4259348N;07036964W;0.4
25;31;5;18;6;26;4259350N;07036974W;0.3
25;31;5;18;6;41;4259342N;07036961W;1.5
25;31;5;18;6;56;4259327N;07036961W;0.5
25;31;5;18;7;11;4259333N;07036964W;0.9
25;31;5;18;7;26;4259333N;07036956W;0.2
25;31;5;18;7;41;4259340N;07036959W;0.1
25;31;5;18;7;57;4259339N;07036933W;0.6
25;31;5;18;8;12;4259354N;07036942W;0.2
25;31;5;18;8;27;4259359N;07036951W;0.4
25;31;5;18;8;42;4259362N;07036946W;0.6
25;31;5;18;8;58;4259356N;07036957W;0.3
25;31;5;18;9;13;4259353N;07036956W;0.2
25;31;5;18;9;28;4259339N;07036941W;0.5
25;31;5;18;9;43;4259171N;07036103W;25.
25;31;5;18;9;58;4257208N;07030933W;27.
25;31;5;18;10;13;4254733N;07023977W;23.
25;31;5;18;10;28;4253486N;07024075W;23.
25;31;5;18;10;43;4252151N;07021739W;1.0
25;31;5;18;10;58;4249547N;07020966W;14.
25;31;5;18;11;13;4246702N;07019956W;20.
25;31;5;18;11;28;4245175N;07014355W;21.
25;31;5;18;11;44;4245790N;07007722W;24.
25;31;5;18;11;59;4245279N;07002505W;25.
25;31;5;18;12;14;4242573N;06958437W;22.
25;31;5;18;12;29;4241128N;06950958W;23.
25;31;5;18;12;44;4241171N;06948031W;1.8
25;31;5;18;12;59;4241339N;06947953W;0.5
25;31;5;18;13;14;4241499N;06947830W;0.5
25;31;5;18;13;29;4241601N;06947766W;1.1
25;31;5;18;13;44;4241848N;06947663W;0.5
25;31;5;18;13;59;4241990N;06947581W;1.3
25;31;5;18;14;15;4242159N;06947553W;1.3
25;31;5;18;14;30;4242313N;06947584W;0.7
25;31;5;18;14;45;4242414N;06947632W;1.1
25;31;5;18;15;0;4242572N;06947629W;13.
25;31;5;18;15;15;4245876N;06946718W;0.3
25;31;5;18;15;30;4245929N;06946734W;0.2
25;31;5;18;15;45;4246969N;06946879W;0.5
25;31;5;18;16;0;4247979N;06949018W;0.4
25;31;5;18;16;15;4248088N;06948961W;0.5
25;31;5;18;16;30;4248256N;06948820W;1.2
25;31;5;18;16;45;4248384N;06948762W;0.4
25;31;5;18;17;1;4248482N;06948731W;0.7
25;31;5;18;17;16;4248477N;06948649W;0.9
25;31;5;18;17;31;4248413N;06948668W;12.
25;31;5;18;17;46;4248398N;06948629W;1.8
25;31;5;18;18;1;4248332N;06948759W;0.6
25;31;5;18;18;16;4248311N;06948833W;0.1
25;31;5;18;18;31;4248295N;06948923W;0.9
25;31;5;18;18;46;4248260N;06949023W;0.3
25;31;5;18;19;1;4248378N;06950911W;0.1
25;31;5;18;19;16;4248779N;06952836W;21.
25;31;5;18;19;32;4248929N;06953399W;0.2
25;31;5;18;19;47;4250382N;06956581W;18.
25;31;5;18;20;2;4252157N;07005029W;30.
25;31;5;18;20;17;4253924N;07013947W;28.
25;31;5;18;20;32;4256342N;07022606W;23.
25;31;5;18;20;47;4257453N;07031544W;30.
25;31;5;18;21;2;4259376N;07036977W;0.2
25;31;5;18;21;18;4259370N;07036977W;0.4
25;31;5;18;21;33;4259359N;07036973W;0.3
25;31;5;18;21;48;4259366N;07036984W;0.2
25;31;5;18;22;3;4259358N;07036990W;0.3
25;31;5;18;22;19;4259376N;07036981W;0.1
25;31;5;18;22;34;4259365N;07036973W;0.2
25;31;5;18;22;49;4259357N;07036979W;0.3
25;31;5;18;23;4;4259350N;07036984W;0.7
25;31;5;18;23;19;4259374N;07036975W;0.6
25;31;5;18;23;34;4259367N;07036986W;0.4
25;31;5;18;23;50;4259348N;07036979W;0.0
25;1;6;18;0;5;4259398N;07036966W;0.1
25;1;6;18;0;21;4259359N;07036953W;0.4
25;1;6;18;0;36;4259352N;07036950W;0.1
25;1;6;18;0;51;4259355N;07036957W;0.0
25;1;6;18;1;6;4259353N;07036955W;1.4
25;1;6;18;1;21;4259355N;07036952W;0.2
25;1;6;18;1;36;4259361N;07036959W;0.1
25;1;6;18;1;51;4259381N;07036969W;1.0
25;1;6;18;2;7;4259353N;07036959W;0.3
25;1;6;18;2;22;4259340N;07036918W;0.4
25;1;6;18;2;37;4259334N;07036930W;1.0
25;1;6;18;2;52;4259332N;07036928W;0.9
25;1;6;18;3;7;4259342N;07036914W;0.3
25;1;6;18;3;16;4259364N;07036942W;0.1
25;1;6;18;3;17;4259360N;07036939W;1.1
25;1;6;18;3;17;4259364N;07036946W;1.1
25;1;6;18;3;18;4259359N;07036933W;8.0
25;1;6;18;3;18;4259365N;07036937W;0.2
25;1;6;18;3;34;4259365N;07036942W;0.1
25;1;6;18;3;49;4259367N;07036942W;0.2
25;1;6;18;4;4;4259367N;07036945W;0.3
25;1;6;18;4;20;4259366N;07036944W;0.1
25;1;6;18;4;35;4259366N;07036943W;0.1
25;1;6;18;4;50;4259376N;07036949W;0.7
25;1;6;18;5;5;4259384N;07036936W;1.5
25;1;6;18;5;20;4259387N;07036936W;0.5
25;1;6;18;5;36;4259384N;07036932W;0.4
25;1;6;18;5;51;4259383N;07036933W;0.7
25;1;6;18;6;6;4259379N;07036935W;0.2
25;1;6;18;6;22;4259362N;07036940W;0.4
25;1;6;18;6;37;4259363N;07036939W;0.2
25;1;6;18;6;52;4259362N;07036939W;0.6
25;1;6;18;7;7;4259364N;07036944W;0.5
25;1;6;18;7;22;4259370N;07036939W;0.7
25;1;6;18;7;38;4259368N;07036945W;0.8
25;1;6;18;7;54;4259361N;07036936W;0.4
25;1;6;18;8;9;4259364N;07036935W;0.0
25;1;6;18;8;24;4259324N;07037022W;0.8
25;1;6;18;8;39;4259350N;07036953W;0.3
25;1;6;18;8;54;4259352N;07036957W;0.8
25;1;6;18;9;9;4259366N;07036964W;0.2
25;1;6;18;9;24;4259362N;07036940W;0.9
25;1;6;18;9;40;4259360N;07036936W;4.1
25;1;6;18;9;55;4259358N;07036957W;0.1
25;1;6;18;10;10;4259358N;07036951W;0.6
25;1;6;18;10;26;4259354N;07036963W;0.2
25;1;6;18;10;41;4259349N;07036964W;1.6
25;1;6;18;10;56;4259346N;07036981W;0.8
25;1;6;18;11;11;4259368N;07036905W;0.6
25;1;6;18;11;27;4259358N;07036933W;0.1
25;1;6;18;11;42;4259355N;07036946W;0.3
25;1;6;18;11;58;4259354N;07036927W;1.6
25;1;6;18;12;13;4259354N;07036932W;0.5
25;1;6;18;12;28;4259351N;07036947W;0.4
25;1;6;18;12;43;4259351N;07036939W;0.2
25;1;6;18;12;58;4259353N;07036947W;0.1
25;1;6;18;13;14;4259351N;07036949W;0.5
25;1;6;18;13;29;4259343N;07036959W;0.9
25;1;6;18;13;44;4259340N;07036928W;1.7
25;1;6;18;13;59;4259353N;07036961W;0.1
25;1;6;18;14;14;4259342N;07036944W;1.2
25;1;6;18;14;30;4259333N;07036934W;0.4
25;1;6;18;14;45;4259328N;07036926W;0.6
25;1;6;18;15;0;4259354N;07036957W;0.0
25;1;6;18;15;15;4259356N;07036959W;0.2
25;1;6;18;15;31;4259347N;07036952W;0.3
25;1;6;18;15;46;4259349N;07036952W;0.4
25;1;6;18;16;2;4259356N;07036959W;0.0
25;1;6;18;16;17;4259354N;07036953W;2.6
25;1;6;18;16;32;4259356N;07036963W;0.1
25;1;6;18;16;47;4259335N;07036965W;0.2
25;1;6;18;17;2;4259342N;07036957W;0.1
25;1;6;18;17;17;4259344N;07036949W;0.1
