26	26	5	2018	21	18	2018-5-26 21:18	4259351	42.59351	7036992	70.36992	0.2
26	26	5	2018	21	33	2018-5-26 21:33	4259349	42.59349	7036995	70.36995	0.1
26	26	5	2018	21	48	2018-5-26 21:48	4259305	42.59305	7036889	70.36889	0.6
26	26	5	2018	22	04	2018-5-26 22:04	4259353	42.59353	7036795	70.36795	18
26	26	5	2018	22	19	2018-5-26 22:19	4259116	42.59116	7036741	70.36741	0.3
26	26	5	2018	22	34	2018-5-26 22:34	4259090	42.5909	7036740	70.3674	0.6
26	26	5	2018	22	49	2018-5-26 22:49	4259277	42.59277	7037047	70.37047	0.4
26	26	5	2018	23	04	2018-5-26 23:04	4259247	42.59247	7037061	70.37061	0.2
26	26	5	2018	23	20	2018-5-26 23:20	4259297	42.59297	7036959	70.36959	0.3
26	26	5	2018	23	35	2018-5-26 23:35	4259281	42.59281	7036956	70.36956	0.5
26	26	5	2018	23	51	2018-5-26 23:51	4259285	42.59285	7036947	70.36947	0.4
26	27	5	2018	0	06	2018-5-27 0:06	4259288	42.59288	7036944	70.36944	0.1
26	27	5	2018	0	21	2018-5-27 0:21	4259292	42.59292	7036941	70.36941	0.2
26	27	5	2018	0	36	2018-5-27 0:36	4259296	42.59296	7036940	70.3694	0.8
26	27	5	2018	0	52	2018-5-27 0:52	4259308	42.59308	7036943	70.36943	0.1
26	27	5	2018	1	07	2018-5-27 1:07	4259310	42.5931	7036943	70.36943	0.3
26	27	5	2018	1	22	2018-5-27 1:22	4259309	42.59309	7036944	70.36944	0.1
26	27	5	2018	1	37	2018-5-27 1:37	4259310	42.5931	7036938	70.36938	0.8
26	27	5	2018	1	53	2018-5-27 1:53	4259293	42.59293	7036936	70.36936	1.1
26	27	5	2018	2	08	2018-5-27 2:08	4259311	42.59311	7036938	70.36938	0.4
26	27	5	2018	2	23	2018-5-27 2:23	4259292	42.59292	7036944	70.36944	0.6
26	27	5	2018	2	39	2018-5-27 2:39	4259308	42.59308	7036936	70.36936	0.6
26	27	5	2018	2	54	2018-5-27 2:54	4259310	42.5931	7036934	70.36934	1.1
26	27	5	2018	3	09	2018-5-27 3:09	4259305	42.59305	7036937	70.36937	1.1
26	27	5	2018	3	24	2018-5-27 3:24	4259307	42.59307	7036940	70.3694	0.4
26	27	5	2018	3	39	2018-5-27 3:39	4259295	42.59295	7036935	70.36935	1.5
26	27	5	2018	3	54	2018-5-27 3:54	4259307	42.59307	7036935	70.36935	0.2
26	27	5	2018	4	10	2018-5-27 4:10	4259308	42.59308	7036940	70.3694	0.1
26	27	5	2018	4	25	2018-5-27 4:25	4259305	42.59305	7036941	70.36941	2
26	27	5	2018	4	40	2018-5-27 4:40	4259317	42.59317	7036945	70.36945	0.5
26	27	5	2018	4	55	2018-5-27 4:55	4259308	42.59308	7036937	70.36937	1.7
26	27	5	2018	5	11	2018-5-27 5:11	4259306	42.59306	7036937	70.36937	0.3
26	27	5	2018	5	26	2018-5-27 5:26	4259310	42.5931	7036940	70.3694	0.5
26	27	5	2018	5	41	2018-5-27 5:41	4259313	42.59313	7036951	70.36951	0.3
26	27	5	2018	5	56	2018-5-27 5:56	4259313	42.59313	7036951	70.36951	0.3
26	27	5	2018	6	12	2018-5-27 6:12	4259308	42.59308	7036939	70.36939	1.2
26	27	5	2018	6	27	2018-5-27 6:27	4259319	42.59319	7036952	70.36952	1.6
26	27	5	2018	6	43	2018-5-27 6:43	4259314	42.59314	7036939	70.36939	0.4
26	27	5	2018	6	58	2018-5-27 6:58	4259318	42.59318	7036949	70.36949	0
26	27	5	2018	7	13	2018-5-27 7:13	4259312	42.59312	7036941	70.36941	0.3
26	27	5	2018	7	28	2018-5-27 7:28	4259309	42.59309	7036942	70.36942	0.3
26	27	5	2018	7	43	2018-5-27 7:43	4259308	42.59308	7036951	70.36951	0.5
26	27	5	2018	7	58	2018-5-27 7:58	4259308	42.59308	7036946	70.36946	0.2
26	27	5	2018	8	13	2018-5-27 8:13	4259306	42.59306	7036943	70.36943	0.2
26	27	5	2018	8	29	2018-5-27 8:29	4259303	42.59303	7036929	70.36929	0.2
26	27	5	2018	8	44	2018-5-27 8:44	4259298	42.59298	7036896	70.36896	0.1
26	27	5	2018	8	44	2018-5-27 8:44	4259298	42.59298	7036896	70.36896	0.1
26	27	5	2018	8	59	2018-5-27 8:59	4259302	42.59302	7036923	70.36923	0.4
26	27	5	2018	9	14	2018-5-27 9:14	4259301	42.59301	7036936	70.36936	2.6
26	27	5	2018	9	29	2018-5-27 9:29	4257683	42.57683	7032134	70.32134	21
26	27	5	2018	9	44	2018-5-27 9:44	4255561	42.55561	7027561	70.27561	16
26	27	5	2018	10	00	2018-5-27 10:00	4252656	42.52656	7022412	70.22412	13
26	27	5	2018	10	15	2018-5-27 10:15	4256794	42.56794	7026065	70.26065	30
26	27	5	2018	10	31	2018-5-27 10:31	4259310	42.5931	7036941	70.36941	0.7
26	27	5	2018	10	46	2018-5-27 10:46	4259312	42.59312	7036942	70.36942	0.5
26	27	5	2018	11	01	2018-5-27 11:01	4259309	42.59309	7036943	70.36943	0.2
26	27	5	2018	11	16	2018-5-27 11:16	4259309	42.59309	7036944	70.36944	0.2
26	27	5	2018	11	31	2018-5-27 11:31	4259310	42.5931	7036942	70.36942	1
26	27	5	2018	11	46	2018-5-27 11:46	4259310	42.5931	7036941	70.36941	0.3
26	27	5	2018	12	02	2018-5-27 12:02	4259310	42.5931	7036941	70.36941	0.4
26	27	5	2018	12	17	2018-5-27 12:17	4259310	42.5931	7036944	70.36944	0.3
26	27	5	2018	12	32	2018-5-27 12:32	4259310	42.5931	7036932	70.36932	0.6
26	27	5	2018	12	47	2018-5-27 12:47	4259308	42.59308	7036935	70.36935	0.2
26	27	5	2018	13	02	2018-5-27 13:02	4259314	42.59314	7036929	70.36929	0.7
26	27	5	2018	13	17	2018-5-27 13:17	4259314	42.59314	7036937	70.36937	0.4
26	27	5	2018	13	33	2018-5-27 13:33	4259312	42.59312	7036946	70.36946	0.3
26	27	5	2018	13	48	2018-5-27 13:48	4259309	42.59309	7036955	70.36955	1.1
26	27	5	2018	14	03	2018-5-27 14:03	4259314	42.59314	7036947	70.36947	1.3
26	27	5	2018	14	18	2018-5-27 14:18	4259305	42.59305	7036947	70.36947	0.8
26	27	5	2018	14	34	2018-5-27 14:34	4259306	42.59306	7036940	70.3694	0.3
26	27	5	2018	14	49	2018-5-27 14:49	4259307	42.59307	7036939	70.36939	0.7
26	27	5	2018	15	04	2018-5-27 15:04	4259303	42.59303	7036930	70.3693	0.4
26	27	5	2018	15	19	2018-5-27 15:19	4259307	42.59307	7036938	70.36938	0.4
26	27	5	2018	15	34	2018-5-27 15:34	4259321	42.59321	7036944	70.36944	0.4
26	27	5	2018	15	50	2018-5-27 15:50	4259317	42.59317	7036945	70.36945	0.1
26	27	5	2018	16	05	2018-5-27 16:05	4259361	42.59361	7036974	70.36974	0.5
26	27	5	2018	16	20	2018-5-27 16:20	4259348	42.59348	7036969	70.36969	0.3
26	27	5	2018	16	35	2018-5-27 16:35	4259471	42.59471	7037048	70.37048	0.2
26	27	5	2018	16	50	2018-5-27 16:50	4259349	42.59349	7036956	70.36956	0.3
26	27	5	2018	17	06	2018-5-27 17:06	4259309	42.59309	7036939	70.36939	0.1
26	27	5	2018	17	06	2018-5-27 17:06	4259309	42.59309	7036939	70.36939	0.1
26	27	5	2018	17	21	2018-5-27 17:21	4259305	42.59305	7036938	70.36938	1.4
26	27	5	2018	17	36	2018-5-27 17:36	4259301	42.59301	7036943	70.36943	0.4
26	27	5	2018	17	51	2018-5-27 17:51	4259305	42.59305	7036937	70.36937	0.5
26	27	5	2018	18	07	2018-5-27 18:07	4259307	42.59307	7036941	70.36941	0.4
26	27	5	2018	18	22	2018-5-27 18:22	4300314	43.00314	7034489	70.34489	13
26	27	5	2018	18	37	2018-5-27 18:37	4259812	42.59812	7031138	70.31138	24
26	27	5	2018	18	37	2018-5-27 18:37	4259812	42.59812	7031138	70.31138	24
26	27	5	2018	18	37	2018-5-27 18:37	4259812	42.59812	7031138	70.31138	24
26	27	5	2018	18	52	2018-5-27 18:52	4301282	43.01282	7031469	70.31469	17
26	27	5	2018	19	07	2018-5-27 19:07	4300180	43.0018	7029656	70.29656	9.9
26	27	5	2018	19	22	2018-5-27 19:22	4259238	42.59238	7029101	70.29101	18
26	27	5	2018	19	37	2018-5-27 19:37	4259277	42.59277	7036048	70.36048	38
26	27	5	2018	19	53	2018-5-27 19:53	4259312	42.59312	7036946	70.36946	1.2
26	27	5	2018	20	08	2018-5-27 20:08	4300365	43.00365	7037280	70.3728	1.6
26	27	5	2018	20	23	2018-5-27 20:23	4259325	42.59325	7036938	70.36938	0.3
26	27	5	2018	20	39	2018-5-27 20:39	4259378	42.59378	7036922	70.36922	0.3
26	27	5	2018	20	55	2018-5-27 20:55	4259312	42.59312	7036943	70.36943	0.2
26	27	5	2018	21	10	2018-5-27 21:10	4259319	42.59319	7036936	70.36936	0.7
26	27	5	2018	21	25	2018-5-27 21:25	4259310	42.5931	7036936	70.36936	0.3
26	27	5	2018	21	40	2018-5-27 21:40	4259312	42.59312	7036943	70.36943	0.1
26	27	5	2018	21	55	2018-5-27 21:55	4259310	42.5931	7036937	70.36937	0.1
26	27	5	2018	22	10	2018-5-27 22:10	4259313	42.59313	7036960	70.3696	0
26	27	5	2018	22	26	2018-5-27 22:26	4259309	42.59309	7036939	70.36939	0.2
26	27	5	2018	22	41	2018-5-27 22:41	4259298	42.59298	7036945	70.36945	0.1
26	27	5	2018	22	56	2018-5-27 22:56	4259308	42.59308	7036930	70.3693	2.1
26	27	5	2018	23	11	2018-5-27 23:11	4259292	42.59292	7036954	70.36954	0.3
26	27	5	2018	23	26	2018-5-27 23:26	4259283	42.59283	7036941	70.36941	0.2
26	27	5	2018	23	42	2018-5-27 23:42	4259308	42.59308	7036925	70.36925	0.7
26	27	5	2018	23	57	2018-5-27 23:57	4259300	42.593	7036920	70.3692	0.6
26	28	5	2018	0	12	2018-5-28 0:12	4259301	42.59301	7036927	70.36927	0.4
26	28	5	2018	0	27	2018-5-28 0:27	4259302	42.59302	7036960	70.3696	0.8
26	28	5	2018	0	43	2018-5-28 0:43	4259324	42.59324	7036969	70.36969	0.7
26	28	5	2018	0	58	2018-5-28 0:58	4259303	42.59303	7036957	70.36957	0.3
26	28	5	2018	1	13	2018-5-28 1:13	4259306	42.59306	7036946	70.36946	0.2
26	28	5	2018	1	28	2018-5-28 1:28	4259309	42.59309	7036945	70.36945	0.4
26	28	5	2018	1	44	2018-5-28 1:44	4259317	42.59317	7036934	70.36934	0.3
26	28	5	2018	1	59	2018-5-28 1:59	4259302	42.59302	7036947	70.36947	0.1
26	28	5	2018	2	14	2018-5-28 2:14	4259324	42.59324	7036933	70.36933	1.2
26	28	5	2018	2	29	2018-5-28 2:29	4259314	42.59314	7036935	70.36935	0.4
26	28	5	2018	2	45	2018-5-28 2:45	4259260	42.5926	7036946	70.36946	0.5
26	28	5	2018	3	00	2018-5-28 3:00	4259269	42.59269	7036937	70.36937	0.2
26	28	5	2018	3	15	2018-5-28 3:15	4259276	42.59276	7036932	70.36932	0.2
26	28	5	2018	3	30	2018-5-28 3:30	4259293	42.59293	7036936	70.36936	0.3
26	28	5	2018	3	45	2018-5-28 3:45	4259296	42.59296	7036933	70.36933	0
26	28	5	2018	4	00	2018-5-28 4:00	4259298	42.59298	7036947	70.36947	0.1
26	28	5	2018	4	16	2018-5-28 4:16	4259301	42.59301	7036946	70.36946	0.2
26	28	5	2018	4	31	2018-5-28 4:31	4259301	42.59301	7036937	70.36937	0.5
26	28	5	2018	4	46	2018-5-28 4:46	4259301	42.59301	7036939	70.36939	0.1
26	28	5	2018	5	01	2018-5-28 5:01	4259319	42.59319	7036934	70.36934	0.1
26	28	5	2018	5	16	2018-5-28 5:16	4259320	42.5932	7036925	70.36925	0.2
26	28	5	2018	5	32	2018-5-28 5:32	4259309	42.59309	7036942	70.36942	0.9
26	28	5	2018	5	47	2018-5-28 5:47	4259306	42.59306	7036948	70.36948	1.1
26	28	5	2018	6	02	2018-5-28 6:02	4259302	42.59302	7036952	70.36952	0.1
26	28	5	2018	6	17	2018-5-28 6:17	4259306	42.59306	7036956	70.36956	0.7
26	28	5	2018	6	33	2018-5-28 6:33	4259301	42.59301	7036949	70.36949	0.7
26	28	5	2018	6	48	2018-5-28 6:48	4259307	42.59307	7036958	70.36958	0.6
26	28	5	2018	7	03	2018-5-28 7:03	4259298	42.59298	7036948	70.36948	0.4
26	28	5	2018	7	18	2018-5-28 7:18	4259293	42.59293	7036943	70.36943	0.2
26	28	5	2018	7	18	2018-5-28 7:18	4259293	42.59293	7036943	70.36943	0.2
26	28	5	2018	7	33	2018-5-28 7:33	4259303	42.59303	7036952	70.36952	0.1
26	28	5	2018	7	49	2018-5-28 7:49	4259304	42.59304	7036957	70.36957	0.2
26	28	5	2018	8	04	2018-5-28 8:04	4259303	42.59303	7036942	70.36942	0.2
26	28	5	2018	8	20	2018-5-28 8:20	4259310	42.5931	7036944	70.36944	0.1
26	28	5	2018	8	35	2018-5-28 8:35	4259314	42.59314	7036947	70.36947	0.5
26	28	5	2018	8	50	2018-5-28 8:50	4259312	42.59312	7036940	70.3694	0.3
26	28	5	2018	9	05	2018-5-28 9:05	4259314	42.59314	7036947	70.36947	0.1
26	28	5	2018	9	20	2018-5-28 9:20	4259332	42.59332	7036825	70.36825	17
26	28	5	2018	9	35	2018-5-28 9:35	4259664	42.59664	7031456	70.31456	14
26	28	5	2018	9	50	2018-5-28 9:50	4301227	43.01227	7026968	70.26968	16
26	28	5	2018	10	05	2018-5-28 10:05	4301773	43.01773	7024410	70.2441	17
26	28	5	2018	10	20	2018-5-28 10:20	4301966	43.01966	7023836	70.23836	0.8
26	28	5	2018	10	35	2018-5-28 10:35	4302191	43.02191	7023423	70.23423	10
26	28	5	2018	10	50	2018-5-28 10:50	4302477	43.02477	7023319	70.23319	1.1
26	28	5	2018	11	05	2018-5-28 11:05	4302810	43.0281	7026532	70.26532	17
26	28	5	2018	11	21	2018-5-28 11:21	4301324	43.01324	7033010	70.3301	35
26	28	5	2018	11	36	2018-5-28 11:36	4259312	42.59312	7036931	70.36931	0.5
26	28	5	2018	11	51	2018-5-28 11:51	4259309	42.59309	7036909	70.36909	0.3
26	28	5	2018	12	06	2018-5-28 12:06	4259298	42.59298	7036777	70.36777	0.5
26	28	5	2018	12	22	2018-5-28 12:22	4259316	42.59316	7036943	70.36943	0.5
26	28	5	2018	12	37	2018-5-28 12:37	4259312	42.59312	7036953	70.36953	0.3
26	28	5	2018	12	53	2018-5-28 12:53	4259311	42.59311	7036946	70.36946	0.1
26	28	5	2018	13	08	2018-5-28 13:08	4259309	42.59309	7036948	70.36948	0.1
26	28	5	2018	13	23	2018-5-28 13:23	4259308	42.59308	7036941	70.36941	0.3
26	28	5	2018	13	38	2018-5-28 13:38	4259303	42.59303	7036952	70.36952	0.5
26	28	5	2018	13	53	2018-5-28 13:53	4259305	42.59305	7036943	70.36943	0.2
26	28	5	2018	14	08	2018-5-28 14:08	4259307	42.59307	7036944	70.36944	0.4
26	28	5	2018	14	23	2018-5-28 14:23	4259305	42.59305	7036943	70.36943	0.1
26	28	5	2018	14	38	2018-5-28 14:38	4259308	42.59308	7036944	70.36944	0.2
26	28	5	2018	14	54	2018-5-28 14:54	4259329	42.59329	7036969	70.36969	0.7
26	28	5	2018	15	09	2018-5-28 15:09	4259308	42.59308	7036942	70.36942	1.1
26	28	5	2018	15	24	2018-5-28 15:24	4259309	42.59309	7036943	70.36943	0.6
26	28	5	2018	15	39	2018-5-28 15:39	4259309	42.59309	7036942	70.36942	0.4
26	28	5	2018	15	54	2018-5-28 15:54	4259306	42.59306	7036938	70.36938	0.7
26	28	5	2018	16	10	2018-5-28 16:10	4259306	42.59306	7036937	70.36937	0.1
26	28	5	2018	16	25	2018-5-28 16:25	4259309	42.59309	7036942	70.36942	0.2
26	28	5	2018	16	40	2018-5-28 16:40	4259301	42.59301	7036945	70.36945	0.2
26	28	5	2018	16	55	2018-5-28 16:55	4259289	42.59289	7036942	70.36942	0.1
26	28	5	2018	17	10	2018-5-28 17:10	4259309	42.59309	7036952	70.36952	0.2
26	28	5	2018	17	25	2018-5-28 17:25	4259321	42.59321	7036944	70.36944	0.3
26	28	5	2018	17	41	2018-5-28 17:41	4259095	42.59095	7037013	70.37013	0.5
26	28	5	2018	17	56	2018-5-28 17:56	4259085	42.59085	7036963	70.36963	0.2
26	28	5	2018	18	11	2018-5-28 18:11	4259321	42.59321	7036905	70.36905	0.1
26	28	5	2018	18	26	2018-5-28 18:26	4259064	42.59064	7036725	70.36725	0.3
26	28	5	2018	18	41	2018-5-28 18:41	4259315	42.59315	7036962	70.36962	0
26	28	5	2018	18	57	2018-5-28 18:57	4259317	42.59317	7036954	70.36954	0.1
26	28	5	2018	19	12	2018-5-28 19:12	4259324	42.59324	7036965	70.36965	0.2
26	28	5	2018	19	28	2018-5-28 19:28	4259319	42.59319	7036946	70.36946	0.2
26	28	5	2018	19	43	2018-5-28 19:43	4259309	42.59309	7036951	70.36951	1.5
26	28	5	2018	19	58	2018-5-28 19:58	4259313	42.59313	7036945	70.36945	0.4
26	28	5	2018	20	13	2018-5-28 20:13	4259238	42.59238	7036978	70.36978	0.4
26	28	5	2018	20	28	2018-5-28 20:28	4259306	42.59306	7036958	70.36958	0.1
26	28	5	2018	20	43	2018-5-28 20:43	4259266	42.59266	7034723	70.34723	24
26	28	5	2018	20	58	2018-5-28 20:58	4302062	43.02062	7029544	70.29544	21
26	28	5	2018	21	13	2018-5-28 21:13	4303675	43.03675	7028913	70.28913	19
26	28	5	2018	21	28	2018-5-28 21:28	4303959	43.03959	7027385	70.27385	20
26	28	5	2018	21	43	2018-5-28 21:43	4303516	43.03516	7029472	70.29472	15
26	28	5	2018	21	58	2018-5-28 21:58	4304242	43.04242	7026233	70.26233	20
26	28	5	2018	22	14	2018-5-28 22:14	4304364	43.04364	7026480	70.2648	12
26	28	5	2018	22	29	2018-5-28 22:29	4304319	43.04319	7025610	70.2561	1.5
26	28	5	2018	22	44	2018-5-28 22:44	4304267	43.04267	7025240	70.2524	1.5
26	28	5	2018	22	59	2018-5-28 22:59	4304312	43.04312	7024798	70.24798	27
26	28	5	2018	23	14	2018-5-28 23:14	4302270	43.0227	7029741	70.29741	16
26	28	5	2018	23	30	2018-5-28 23:30	4259357	42.59357	7036857	70.36857	22
26	28	5	2018	23	45	2018-5-28 23:45	4259306	42.59306	7036939	70.36939	0.7
26	29	5	2018	0	00	2018-5-29 0:00	4259309	42.59309	7036943	70.36943	2.1
26	29	5	2018	0	16	2018-5-29 0:16	4259309	42.59309	7036946	70.36946	0.9
26	29	5	2018	0	31	2018-5-29 0:31	4259312	42.59312	7036967	70.36967	0.3
26	29	5	2018	0	46	2018-5-29 0:46	4259309	42.59309	7036944	70.36944	0.2
26	29	5	2018	1	02	2018-5-29 1:02	4259312	42.59312	7036952	70.36952	0.4
26	29	5	2018	1	17	2018-5-29 1:17	4259315	42.59315	7036934	70.36934	0.9
26	29	5	2018	1	32	2018-5-29 1:32	4259322	42.59322	7036927	70.36927	0.2
26	29	5	2018	1	47	2018-5-29 1:47	4259321	42.59321	7036974	70.36974	0.4
26	29	5	2018	2	03	2018-5-29 2:03	4259325	42.59325	7036929	70.36929	0.2
26	29	5	2018	2	18	2018-5-29 2:18	4259285	42.59285	7036936	70.36936	0.3
26	29	5	2018	2	33	2018-5-29 2:33	4259321	42.59321	7036894	70.36894	0.3
26	29	5	2018	2	33	2018-5-29 2:33	4259321	42.59321	7036894	70.36894	0.3
26	29	5	2018	2	33	2018-5-29 2:33	4259321	42.59321	7036894	70.36894	0.3
26	29	5	2018	2	49	2018-5-29 2:49	4259311	42.59311	7036969	70.36969	0.4
26	29	5	2018	3	04	2018-5-29 3:04	4259305	42.59305	7036973	70.36973	0
26	29	5	2018	3	04	2018-5-29 3:04	4259305	42.59305	7036973	70.36973	0
26	29	5	2018	3	19	2018-5-29 3:19	4259282	42.59282	7036794	70.36794	0.1
26	29	5	2018	3	34	2018-5-29 3:34	4259272	42.59272	7036933	70.36933	0.1
26	29	5	2018	3	50	2018-5-29 3:50	4259274	42.59274	7036933	70.36933	0.2
26	29	5	2018	4	05	2018-5-29 4:05	4259272	42.59272	7037000	70.37	0
26	29	5	2018	4	20	2018-5-29 4:20	4259273	42.59273	7036954	70.36954	0
26	29	5	2018	4	35	2018-5-29 4:35	4259351	42.59351	7036844	70.36844	0.5
26	29	5	2018	4	51	2018-5-29 4:51	4259370	42.5937	7036839	70.36839	0.2
26	29	5	2018	5	06	2018-5-29 5:06	4259337	42.59337	7036903	70.36903	0.4
26	29	5	2018	5	21	2018-5-29 5:21	4259314	42.59314	7036953	70.36953	0.5
26	29	5	2018	5	37	2018-5-29 5:37	4259317	42.59317	7036943	70.36943	0.3
26	29	5	2018	5	52	2018-5-29 5:52	4259313	42.59313	7036947	70.36947	0.5
26	29	5	2018	6	07	2018-5-29 6:07	4259241	42.59241	7036847	70.36847	0.7
26	29	5	2018	6	22	2018-5-29 6:22	4259307	42.59307	7036939	70.36939	0.1
26	29	5	2018	6	37	2018-5-29 6:37	4259307	42.59307	7036941	70.36941	0.3
26	29	5	2018	6	53	2018-5-29 6:53	4259304	42.59304	7036935	70.36935	0.5
26	29	5	2018	7	08	2018-5-29 7:08	4259305	42.59305	7036934	70.36934	0.1
26	29	5	2018	7	23	2018-5-29 7:23	4259286	42.59286	7036914	70.36914	0.7
26	29	5	2018	7	38	2018-5-29 7:38	4259306	42.59306	7036937	70.36937	0.2
26	29	5	2018	7	38	2018-5-29 7:38	4259306	42.59306	7036937	70.36937	0.2
26	29	5	2018	7	38	2018-5-29 7:38	4259306	42.59306	7036937	70.36937	0.2
26	29	5	2018	7	54	2018-5-29 7:54	4259270	42.5927	7036968	70.36968	0.4
26	29	5	2018	8	10	2018-5-29 8:10	4259307	42.59307	7036937	70.36937	0.1
26	29	5	2018	8	25	2018-5-29 8:25	4259310	42.5931	7036939	70.36939	0.4
26	29	5	2018	8	40	2018-5-29 8:40	4259314	42.59314	7036945	70.36945	0.2
26	29	5	2018	8	55	2018-5-29 8:55	4259312	42.59312	7036939	70.36939	0.3
26	29	5	2018	9	10	2018-5-29 9:10	4300660	43.0066	7031237	70.31237	33
26	29	5	2018	9	25	2018-5-29 9:25	4302630	43.0263	7027128	70.27128	0.4
26	29	5	2018	9	40	2018-5-29 9:40	4303289	43.03289	7027209	70.27209	2.1
26	29	5	2018	9	55	2018-5-29 9:55	4303356	43.03356	7026921	70.26921	23
26	29	5	2018	10	10	2018-5-29 10:10	4303085	43.03085	7027070	70.2707	0.5
26	29	5	2018	10	26	2018-5-29 10:26	4302832	43.02832	7027370	70.2737	29
26	29	5	2018	10	41	2018-5-29 10:41	4303327	43.03327	7028024	70.28024	25
26	29	5	2018	10	56	2018-5-29 10:56	4303970	43.0397	7028437	70.28437	0.4
26	29	5	2018	11	11	2018-5-29 11:11	4304243	43.04243	7026960	70.2696	22
26	29	5	2018	11	26	2018-5-29 11:26	4305021	43.05021	7027199	70.27199	0.3
26	29	5	2018	11	41	2018-5-29 11:41	4304364	43.04364	7027566	70.27566	0.6
26	29	5	2018	11	56	2018-5-29 11:56	4305532	43.05532	7026056	70.26056	0.6
26	29	5	2018	12	11	2018-5-29 12:11	4305223	43.05223	7023439	70.23439	32
26	29	5	2018	12	27	2018-5-29 12:27	4304191	43.04191	7025678	70.25678	25
26	29	5	2018	12	42	2018-5-29 12:42	4302672	43.02672	7028874	70.28874	27
26	29	5	2018	12	58	2018-5-29 12:58	4259467	42.59467	7036721	70.36721	27
26	29	5	2018	13	13	2018-5-29 13:13	4259276	42.59276	7036946	70.36946	0.5
26	29	5	2018	13	28	2018-5-29 13:28	4259302	42.59302	7036937	70.36937	1.1
26	29	5	2018	13	43	2018-5-29 13:43	4259316	42.59316	7036927	70.36927	0.1
26	29	5	2018	13	58	2018-5-29 13:58	4259308	42.59308	7036942	70.36942	1.1
26	29	5	2018	14	13	2018-5-29 14:13	4259313	42.59313	7036939	70.36939	0.3
26	29	5	2018	14	29	2018-5-29 14:29	4259312	42.59312	7036943	70.36943	0.7
26	29	5	2018	14	29	2018-5-29 14:29	4259312	42.59312	7036943	70.36943	0.7
26	29	5	2018	14	44	2018-5-29 14:44	4259313	42.59313	7036942	70.36942	0.4
26	29	5	2018	14	44	2018-5-29 14:44	4259313	42.59313	7036942	70.36942	0.4
26	29	5	2018	14	44	2018-5-29 14:44	4259313	42.59313	7036942	70.36942	0.4
26	29	5	2018	14	59	2018-5-29 14:59	4259311	42.59311	7036943	70.36943	0.3
26	29	5	2018	15	14	2018-5-29 15:14	4259311	42.59311	7036944	70.36944	0.3
26	29	5	2018	15	30	2018-5-29 15:30	4259306	42.59306	7036936	70.36936	0.3
26	29	5	2018	15	45	2018-5-29 15:45	4259305	42.59305	7036937	70.36937	0.3
26	29	5	2018	16	00	2018-5-29 16:00	4259304	42.59304	7036938	70.36938	0.2
26	29	5	2018	16	16	2018-5-29 16:16	4259292	42.59292	7036964	70.36964	0.3
26	29	5	2018	16	31	2018-5-29 16:31	4259279	42.59279	7036975	70.36975	0.8
26	29	5	2018	16	46	2018-5-29 16:46	4259282	42.59282	7036975	70.36975	0.7
26	29	5	2018	17	01	2018-5-29 17:01	4259299	42.59299	7036947	70.36947	0.2
26	29	5	2018	17	16	2018-5-29 17:16	4259313	42.59313	7036936	70.36936	0.2
26	29	5	2018	17	31	2018-5-29 17:31	4259312	42.59312	7036939	70.36939	0.3
26	29	5	2018	17	47	2018-5-29 17:47	4259312	42.59312	7036937	70.36937	0.6
26	29	5	2018	18	02	2018-5-29 18:02	4259316	42.59316	7036943	70.36943	0.4
26	29	5	2018	18	17	2018-5-29 18:17	4259320	42.5932	7036944	70.36944	0.3
26	29	5	2018	18	32	2018-5-29 18:32	4259319	42.59319	7036946	70.36946	0.7
26	29	5	2018	18	47	2018-5-29 18:47	4259317	42.59317	7036945	70.36945	1
26	29	5	2018	19	02	2018-5-29 19:02	4259319	42.59319	7036951	70.36951	0.1
26	29	5	2018	19	18	2018-5-29 19:18	4259317	42.59317	7036951	70.36951	0.1
26	29	5	2018	19	33	2018-5-29 19:33	4259311	42.59311	7036949	70.36949	0.2
26	29	5	2018	19	48	2018-5-29 19:48	4259308	42.59308	7036945	70.36945	0.3
26	29	5	2018	20	03	2018-5-29 20:03	4259313	42.59313	7036952	70.36952	0.2
26	29	5	2018	20	18	2018-5-29 20:18	4259312	42.59312	7036947	70.36947	0.2
26	29	5	2018	20	33	2018-5-29 20:33	4259320	42.5932	7036944	70.36944	0.2
26	29	5	2018	20	49	2018-5-29 20:49	4259316	42.59316	7036941	70.36941	0.3
26	29	5	2018	21	04	2018-5-29 21:04	4259317	42.59317	7036946	70.36946	0.1
26	29	5	2018	21	19	2018-5-29 21:19	4259335	42.59335	7036978	70.36978	0.5
26	29	5	2018	21	34	2018-5-29 21:34	4259320	42.5932	7036948	70.36948	0.4
26	29	5	2018	21	49	2018-5-29 21:49	4259316	42.59316	7036939	70.36939	0.6
26	29	5	2018	22	04	2018-5-29 22:04	4259333	42.59333	7036951	70.36951	0.4
26	29	5	2018	22	20	2018-5-29 22:20	4259290	42.5929	7036935	70.36935	0.1
26	29	5	2018	22	35	2018-5-29 22:35	4259312	42.59312	7036950	70.3695	0.6
26	29	5	2018	22	50	2018-5-29 22:50	4259315	42.59315	7036951	70.36951	0.2
26	29	5	2018	23	05	2018-5-29 23:05	4259318	42.59318	7036957	70.36957	0.5
26	29	5	2018	23	21	2018-5-29 23:21	4259322	42.59322	7036972	70.36972	0.1
26	29	5	2018	23	36	2018-5-29 23:36	4259323	42.59323	7036960	70.3696	0.3
26	29	5	2018	23	36	2018-5-29 23:36	4259323	42.59323	7036960	70.3696	0.3
26	29	5	2018	23	36	2018-5-29 23:36	4259323	42.59323	7036960	70.3696	0.3
26	29	5	2018	23	36	2018-5-29 23:36	4259323	42.59323	7036960	70.3696	0.3
26	29	5	2018	23	51	2018-5-29 23:51	4259325	42.59325	7036962	70.36962	0.2
26	29	5	2018	23	51	2018-5-29 23:51	4259325	42.59325	7036962	70.36962	0.2
26	30	5	2018	0	07	2018-5-30 0:07	4259323	42.59323	7036942	70.36942	0.7
26	30	5	2018	0	07	2018-5-30 0:07	4259323	42.59323	7036942	70.36942	0.7
26	30	5	2018	0	23	2018-5-30 0:23	4259306	42.59306	7036942	70.36942	0.1
26	30	5	2018	0	38	2018-5-30 0:38	4259307	42.59307	7036940	70.3694	0.3
26	30	5	2018	0	53	2018-5-30 0:53	4259309	42.59309	7036942	70.36942	0
26	30	5	2018	1	08	2018-5-30 1:08	4259308	42.59308	7036944	70.36944	0.3
26	30	5	2018	1	23	2018-5-30 1:23	4259315	42.59315	7036936	70.36936	0.8
26	30	5	2018	1	38	2018-5-30 1:38	4259304	42.59304	7036937	70.36937	0.6
26	30	5	2018	1	53	2018-5-30 1:53	4259300	42.593	7036944	70.36944	0.1
26	30	5	2018	2	08	2018-5-30 2:08	4259304	42.59304	7036924	70.36924	0.5
26	30	5	2018	2	23	2018-5-30 2:23	4259296	42.59296	7036940	70.3694	0.2
26	30	5	2018	2	39	2018-5-30 2:39	4259294	42.59294	7036931	70.36931	0.1
26	30	5	2018	2	54	2018-5-30 2:54	4259300	42.593	7036941	70.36941	0.5
26	30	5	2018	3	08	2018-5-30 3:08	4259299	42.59299	7036944	70.36944	0.2
26	30	5	2018	3	24	2018-5-30 3:24	4259290	42.5929	7036935	70.36935	0.7
26	30	5	2018	3	39	2018-5-30 3:39	4259295	42.59295	7036930	70.3693	2.1
26	30	5	2018	3	54	2018-5-30 3:54	4259269	42.59269	7036913	70.36913	0.6
26	30	5	2018	4	10	2018-5-30 4:10	4259298	42.59298	7036933	70.36933	0.2
26	30	5	2018	4	25	2018-5-30 4:25	4259261	42.59261	7036905	70.36905	0.5
26	30	5	2018	4	40	2018-5-30 4:40	4259360	42.5936	7036908	70.36908	0.3
26	30	5	2018	4	55	2018-5-30 4:55	4259340	42.5934	7036922	70.36922	0.5
26	30	5	2018	5	11	2018-5-30 5:11	4259306	42.59306	7036939	70.36939	0.4
26	30	5	2018	5	26	2018-5-30 5:26	4259309	42.59309	7036941	70.36941	0.1
26	30	5	2018	5	26	2018-5-30 5:26	4259309	42.59309	7036941	70.36941	0.1
26	30	5	2018	5	26	2018-5-30 5:26	4259309	42.59309	7036941	70.36941	0.1
26	30	5	2018	5	42	2018-5-30 5:42	4259307	42.59307	7036943	70.36943	0.1
26	30	5	2018	5	57	2018-5-30 5:57	4259309	42.59309	7036946	70.36946	1.8
26	30	5	2018	6	12	2018-5-30 6:12	4259310	42.5931	7036944	70.36944	1.2
26	30	5	2018	6	27	2018-5-30 6:27	4259306	42.59306	7036930	70.3693	2.1
26	30	5	2018	6	42	2018-5-30 6:42	4259307	42.59307	7036942	70.36942	0.1
26	30	5	2018	6	57	2018-5-30 6:57	4259281	42.59281	7036901	70.36901	0.3
26	30	5	2018	7	12	2018-5-30 7:12	4259301	42.59301	7036936	70.36936	0.2
26	30	5	2018	7	27	2018-5-30 7:27	4259306	42.59306	7036936	70.36936	0.7
26	30	5	2018	7	43	2018-5-30 7:43	4259303	42.59303	7036925	70.36925	0
26	30	5	2018	7	58	2018-5-30 7:58	4259295	42.59295	7036898	70.36898	1.7
26	30	5	2018	8	13	2018-5-30 8:13	4259297	42.59297	7036904	70.36904	0.6
26	30	5	2018	8	28	2018-5-30 8:28	4259295	42.59295	7036906	70.36906	0.4
26	30	5	2018	8	43	2018-5-30 8:43	4259118	42.59118	7035940	70.3594	20
26	30	5	2018	8	59	2018-5-30 8:59	4301293	43.01293	7031055	70.31055	17
26	30	5	2018	9	14	2018-5-30 9:14	4303298	43.03298	7028682	70.28682	13
26	30	5	2018	9	29	2018-5-30 9:29	4304500	43.045	7026730	70.2673	14
26	30	5	2018	9	44	2018-5-30 9:44	4305609	43.05609	7022580	70.2258	13
26	30	5	2018	9	59	2018-5-30 9:59	4307393	43.07393	7021939	70.21939	13
26	30	5	2018	10	14	2018-5-30 10:14	4307568	43.07568	7019904	70.19904	11
26	30	5	2018	10	29	2018-5-30 10:29	4307073	43.07073	7016925	70.16925	14
26	30	5	2018	10	44	2018-5-30 10:44	4305127	43.05127	7012324	70.12324	9.4
26	30	5	2018	10	59	2018-5-30 10:59	4306179	43.06179	7008904	70.08904	16
26	30	5	2018	11	14	2018-5-30 11:14	4306812	43.06812	7006185	70.06185	1.1
26	30	5	2018	11	29	2018-5-30 11:29	4307123	43.07123	7005672	70.05672	24
26	30	5	2018	11	44	2018-5-30 11:44	4307183	43.07183	7005821	70.05821	0.5
26	30	5	2018	11	59	2018-5-30 11:59	4307676	43.07676	7005032	70.05032	2.1
26	30	5	2018	12	14	2018-5-30 12:14	4308662	43.08662	7003560	70.0356	16
26	30	5	2018	12	30	2018-5-30 12:30	4308833	43.08833	7002996	70.02996	1.1
26	30	5	2018	12	45	2018-5-30 12:45	4309196	43.09196	7002883	70.02883	1.8
26	30	5	2018	13	00	2018-5-30 13:00	4309850	43.0985	7002100	70.021	1.1
26	30	5	2018	13	15	2018-5-30 13:15	4310631	43.10631	7001447	70.01447	1.3
26	30	5	2018	13	30	2018-5-30 13:30	4311573	43.11573	7001473	70.01473	1
26	30	5	2018	13	45	2018-5-30 13:45	4311702	43.11702	7001685	70.01685	0.3
26	30	5	2018	14	00	2018-5-30 14:00	4311688	43.11688	7001208	70.01208	26
26	30	5	2018	14	16	2018-5-30 14:16	4311791	43.11791	7001386	70.01386	24
26	30	5	2018	14	31	2018-5-30 14:31	4311854	43.11854	7001269	70.01269	0.5
26	30	5	2018	14	46	2018-5-30 14:46	4311948	43.11948	7001169	70.01169	0.9
26	30	5	2018	15	01	2018-5-30 15:01	4311540	43.1154	7000382	70.00382	0.6
26	30	5	2018	15	16	2018-5-30 15:16	4310223	43.10223	6958226	69.58226	17
26	30	5	2018	15	31	2018-5-30 15:31	4307638	43.07638	6956734	69.56734	0.4
26	30	5	2018	15	46	2018-5-30 15:46	4305993	43.05993	6954969	69.54969	19
26	30	5	2018	16	01	2018-5-30 16:01	4305394	43.05394	6948739	69.48739	22
26	30	5	2018	16	16	2018-5-30 16:16	4306801	43.06801	6944025	69.44025	0.9
26	30	5	2018	16	32	2018-5-30 16:32	4309002	43.09002	6939993	69.39993	23
26	30	5	2018	16	47	2018-5-30 16:47	4310929	43.10929	6933184	69.33184	24
26	30	5	2018	17	02	2018-5-30 17:02	4310342	43.10342	6926270	69.2627	24
26	30	5	2018	17	17	2018-5-30 17:17	4310770	43.1077	6923394	69.23394	0.3
26	30	5	2018	17	32	2018-5-30 17:32	4310713	43.10713	6923383	69.23383	0.1
26	30	5	2018	17	47	2018-5-30 17:47	4310699	43.10699	6923345	69.23345	0.6
26	30	5	2018	18	02	2018-5-30 18:02	4307855	43.07855	6924031	69.24031	20
26	30	5	2018	18	17	2018-5-30 18:17	4303651	43.03651	6923839	69.23839	20
26	30	5	2018	18	33	2018-5-30 18:33	4258743	42.58743	6922692	69.22692	20
26	30	5	2018	18	48	2018-5-30 18:48	4255906	42.55906	6926738	69.26738	25
26	30	5	2018	19	03	2018-5-30 19:03	4254865	42.54865	6930936	69.30936	0.4
26	30	5	2018	19	18	2018-5-30 19:18	4254218	42.54218	6936605	69.36605	29
26	30	5	2018	19	33	2018-5-30 19:33	4252948	42.52948	6941820	69.4182	0.5
26	30	5	2018	19	49	2018-5-30 19:49	4252883	42.52883	6941899	69.41899	0.2
26	30	5	2018	20	04	2018-5-30 20:04	4252887	42.52887	6941960	69.4196	0.3
26	30	5	2018	20	19	2018-5-30 20:19	4252771	42.52771	6942149	69.42149	18
26	30	5	2018	20	34	2018-5-30 20:34	4251478	42.51478	6943112	69.43112	0.2
26	30	5	2018	20	49	2018-5-30 20:49	4251382	42.51382	6943266	69.43266	0.7
26	30	5	2018	21	04	2018-5-30 21:04	4251298	42.51298	6944662	69.44662	0.4
26	30	5	2018	21	20	2018-5-30 21:20	4254094	42.54094	6947754	69.47754	38
26	30	5	2018	21	35	2018-5-30 21:35	4259470	42.5947	6947552	69.47552	0.9
26	30	5	2018	21	50	2018-5-30 21:50	4259241	42.59241	6946883	69.46883	0.9
26	30	5	2018	22	05	2018-5-30 22:05	4258683	42.58683	6946389	69.46389	14
26	30	5	2018	22	20	2018-5-30 22:20	4258200	42.582	6945783	69.45783	0.5
26	30	5	2018	22	35	2018-5-30 22:35	4257776	42.57776	6945148	69.45148	9
26	30	5	2018	22	51	2018-5-30 22:51	4257352	42.57352	6944490	69.4449	0.4
26	30	5	2018	23	06	2018-5-30 23:06	4257032	42.57032	6944271	69.44271	35
26	30	5	2018	23	21	2018-5-30 23:21	4301206	43.01206	6955150	69.5515	38
26	30	5	2018	23	36	2018-5-30 23:36	4301275	43.01275	6959495	69.59495	15
26	30	5	2018	23	51	2018-5-30 23:51	4301752	43.01752	7009217	70.09217	28
26	31	5	2018	0	06	2018-5-31 0:06	4300487	43.00487	7018603	70.18603	28
26	31	5	2018	0	21	2018-5-31 0:21	4259515	42.59515	7029478	70.29478	13
26	31	5	2018	0	37	2018-5-31 0:37	4259305	42.59305	7036941	70.36941	0.5
26	31	5	2018	0	52	2018-5-31 0:52	4259298	42.59298	7036942	70.36942	0.2
26	31	5	2018	1	07	2018-5-31 1:07	4259316	42.59316	7036945	70.36945	0.1
26	31	5	2018	1	23	2018-5-31 1:23	4259311	42.59311	7036944	70.36944	1
26	31	5	2018	1	38	2018-5-31 1:38	4259296	42.59296	7036956	70.36956	0.5
26	31	5	2018	1	53	2018-5-31 1:53	4259337	42.59337	7036899	70.36899	1.1
26	31	5	2018	2	09	2018-5-31 2:09	4259295	42.59295	7036964	70.36964	0.3
26	31	5	2018	2	24	2018-5-31 2:24	4259286	42.59286	7036914	70.36914	0.2
26	31	5	2018	2	39	2018-5-31 2:39	4259318	42.59318	7036926	70.36926	0.1
26	31	5	2018	2	54	2018-5-31 2:54	4259279	42.59279	7036895	70.36895	0.5
26	31	5	2018	3	09	2018-5-31 3:09	4259281	42.59281	7036882	70.36882	0
26	31	5	2018	3	25	2018-5-31 3:25	4259305	42.59305	7036968	70.36968	0.4
26	31	5	2018	3	40	2018-5-31 3:40	4259274	42.59274	7036814	70.36814	0.2
26	31	5	2018	3	55	2018-5-31 3:55	4259244	42.59244	7036933	70.36933	0.1
26	31	5	2018	4	10	2018-5-31 4:10	4259225	42.59225	7037022	70.37022	0.4
26	31	5	2018	4	10	2018-5-31 4:10	4259225	42.59225	7037022	70.37022	0.4
26	31	5	2018	4	26	2018-5-31 4:26	4259181	42.59181	7036963	70.36963	0.4
26	31	5	2018	4	41	2018-5-31 4:41	4259405	42.59405	7036887	70.36887	0
26	31	5	2018	4	56	2018-5-31 4:56	4259322	42.59322	7036917	70.36917	0.2
26	31	5	2018	5	11	2018-5-31 5:11	4259316	42.59316	7036930	70.3693	0.2
26	31	5	2018	5	27	2018-5-31 5:27	4259297	42.59297	7036954	70.36954	0.4
26	31	5	2018	5	42	2018-5-31 5:42	4259299	42.59299	7036956	70.36956	0.3
26	31	5	2018	5	57	2018-5-31 5:57	4259296	42.59296	7036962	70.36962	0.5
26	31	5	2018	6	12	2018-5-31 6:12	4259291	42.59291	7036978	70.36978	0.3
26	31	5	2018	6	27	2018-5-31 6:27	4259298	42.59298	7036979	70.36979	0.3
26	31	5	2018	6	42	2018-5-31 6:42	4259301	42.59301	7036982	70.36982	0.5
26	31	5	2018	6	42	2018-5-31 6:42	4259301	42.59301	7036982	70.36982	0.5
26	31	5	2018	6	42	2018-5-31 6:42	4259301	42.59301	7036982	70.36982	0.5
26	31	5	2018	6	42	2018-5-31 6:42	4259301	42.59301	7036982	70.36982	0.5
26	31	5	2018	6	58	2018-5-31 6:58	4259278	42.59278	7036953	70.36953	0.1
26	31	5	2018	7	13	2018-5-31 7:13	4259316	42.59316	7036983	70.36983	0.1
26	31	5	2018	7	13	2018-5-31 7:13	4259316	42.59316	7036983	70.36983	0.1
26	31	5	2018	7	13	2018-5-31 7:13	4259316	42.59316	7036983	70.36983	0.1
26	31	5	2018	7	29	2018-5-31 7:29	4259287	42.59287	7036933	70.36933	0.1
26	31	5	2018	7	44	2018-5-31 7:44	4259289	42.59289	7036954	70.36954	0.4
26	31	5	2018	7	59	2018-5-31 7:59	4259290	42.5929	7036946	70.36946	0.1
26	31	5	2018	8	14	2018-5-31 8:14	4259289	42.59289	7036933	70.36933	0.2
26	31	5	2018	8	29	2018-5-31 8:29	4259293	42.59293	7036942	70.36942	0.2
26	31	5	2018	8	44	2018-5-31 8:44	4259294	42.59294	7036945	70.36945	0.2
26	31	5	2018	9	00	2018-5-31 9:00	4259298	42.59298	7036948	70.36948	0.7
26	31	5	2018	9	15	2018-5-31 9:15	4259320	42.5932	7036981	70.36981	20
26	31	5	2018	9	30	2018-5-31 9:30	4259278	42.59278	7036920	70.3692	0.1
26	31	5	2018	9	45	2018-5-31 9:45	4300664	43.00664	7027500	70.275	28
26	31	5	2018	10	00	2018-5-31 10:00	4302905	43.02905	7020005	70.20005	30
26	31	5	2018	10	15	2018-5-31 10:15	4304088	43.04088	7019805	70.19805	18
26	31	5	2018	10	31	2018-5-31 10:31	4301814	43.01814	7024987	70.24987	24
26	31	5	2018	10	46	2018-5-31 10:46	4300982	43.00982	7032557	70.32557	25
26	31	5	2018	11	01	2018-5-31 11:01	4259314	42.59314	7036897	70.36897	0.1
26	31	5	2018	11	16	2018-5-31 11:16	4259297	42.59297	7036917	70.36917	0.3
26	31	5	2018	11	31	2018-5-31 11:31	4259293	42.59293	7036927	70.36927	0.2
26	31	5	2018	11	47	2018-5-31 11:47	4259291	42.59291	7036935	70.36935	0.1
26	31	5	2018	12	02	2018-5-31 12:02	4259275	42.59275	7036923	70.36923	0.1
26	31	5	2018	12	17	2018-5-31 12:17	4259271	42.59271	7036946	70.36946	0.1
26	31	5	2018	12	33	2018-5-31 12:33	4259310	42.5931	7036941	70.36941	0
26	31	5	2018	12	48	2018-5-31 12:48	4259310	42.5931	7036943	70.36943	0
26	31	5	2018	13	03	2018-5-31 13:03	4259313	42.59313	7036942	70.36942	0.1
26	31	5	2018	13	18	2018-5-31 13:18	4259305	42.59305	7036949	70.36949	0.9
26	31	5	2018	13	33	2018-5-31 13:33	4259296	42.59296	7036949	70.36949	0.2
26	31	5	2018	13	48	2018-5-31 13:48	4259310	42.5931	7036943	70.36943	0.1
26	31	5	2018	14	03	2018-5-31 14:03	4259311	42.59311	7036939	70.36939	0.4
26	31	5	2018	14	19	2018-5-31 14:19	4259311	42.59311	7036939	70.36939	0.3
26	31	5	2018	14	34	2018-5-31 14:34	4259302	42.59302	7036925	70.36925	0.3
26	31	5	2018	14	49	2018-5-31 14:49	4259315	42.59315	7036944	70.36944	0.1
26	31	5	2018	15	04	2018-5-31 15:04	4259321	42.59321	7036955	70.36955	0.3
26	31	5	2018	15	19	2018-5-31 15:19	4259328	42.59328	7036957	70.36957	0.5
26	31	5	2018	15	34	2018-5-31 15:34	4259289	42.59289	7036918	70.36918	0.2
26	31	5	2018	15	50	2018-5-31 15:50	4259285	42.59285	7036915	70.36915	0.1
26	31	5	2018	16	05	2018-5-31 16:05	4259289	42.59289	7036912	70.36912	0.1
26	31	5	2018	16	20	2018-5-31 16:20	4259300	42.593	7036923	70.36923	0.2
26	31	5	2018	16	35	2018-5-31 16:35	4259295	42.59295	7036885	70.36885	0.3
26	31	5	2018	16	50	2018-5-31 16:50	4259252	42.59252	7036963	70.36963	0.1
26	31	5	2018	17	06	2018-5-31 17:06	4259309	42.59309	7036896	70.36896	0
26	31	5	2018	17	21	2018-5-31 17:21	4259277	42.59277	7036924	70.36924	0.5
26	31	5	2018	17	36	2018-5-31 17:36	4259289	42.59289	7036917	70.36917	0.3
26	31	5	2018	17	51	2018-5-31 17:51	4259296	42.59296	7036923	70.36923	0.3
26	31	5	2018	18	07	2018-5-31 18:07	4259314	42.59314	7036941	70.36941	0.1
26	31	5	2018	18	22	2018-5-31 18:22	4259313	42.59313	7036940	70.3694	0.4
26	31	5	2018	18	22	2018-5-31 18:22	4259313	42.59313	7036940	70.3694	0.4
26	31	5	2018	18	37	2018-5-31 18:37	4259316	42.59316	7036942	70.36942	0.8
26	31	5	2018	18	52	2018-5-31 18:52	4259314	42.59314	7036943	70.36943	0.2
26	31	5	2018	19	08	2018-5-31 19:08	4259314	42.59314	7036945	70.36945	0.2
26	31	5	2018	19	08	2018-5-31 19:08	4259314	42.59314	7036945	70.36945	0.2
26	31	5	2018	19	23	2018-5-31 19:23	4259302	42.59302	7036931	70.36931	1.8
26	31	5	2018	19	23	2018-5-31 19:23	4259302	42.59302	7036931	70.36931	1.8
26	31	5	2018	19	23	2018-5-31 19:23	4259302	42.59302	7036931	70.36931	1.8
26	31	5	2018	19	38	2018-5-31 19:38	4259314	42.59314	7036949	70.36949	0.2
26	31	5	2018	19	53	2018-5-31 19:53	4259321	42.59321	7036953	70.36953	0.1
26	31	5	2018	20	08	2018-5-31 20:08	4259305	42.59305	7036956	70.36956	1.2
26	31	5	2018	20	23	2018-5-31 20:23	4259306	42.59306	7036956	70.36956	5.1
26	31	5	2018	20	38	2018-5-31 20:38	4259067	42.59067	7036665	70.36665	17
26	31	5	2018	20	54	2018-5-31 20:54	4259134	42.59134	7036729	70.36729	1
26	31	5	2018	21	09	2018-5-31 21:09	4259317	42.59317	7036943	70.36943	0.9
26	31	5	2018	21	24	2018-5-31 21:24	4259313	42.59313	7036961	70.36961	0.1
26	31	5	2018	21	39	2018-5-31 21:39	4259319	42.59319	7036966	70.36966	0.4
26	31	5	2018	21	54	2018-5-31 21:54	4259316	42.59316	7036958	70.36958	0.3
26	31	5	2018	22	10	2018-5-31 22:10	4259315	42.59315	7036942	70.36942	1.8
26	31	5	2018	22	25	2018-5-31 22:25	4259307	42.59307	7036953	70.36953	0.2
26	31	5	2018	22	40	2018-5-31 22:40	4259316	42.59316	7036957	70.36957	0.4
26	31	5	2018	22	55	2018-5-31 22:55	4259317	42.59317	7036955	70.36955	0.3
26	31	5	2018	23	11	2018-5-31 23:11	4259320	42.5932	7036957	70.36957	0.2
26	31	5	2018	23	26	2018-5-31 23:26	4259322	42.59322	7036962	70.36962	0.1
26	31	5	2018	23	41	2018-5-31 23:41	4259321	42.59321	7036961	70.36961	0
26	31	5	2018	23	57	2018-5-31 23:57	4259324	42.59324	7036931	70.36931	1.9
26	1	6	2018	0	12	2018-6-1 0:12	4259317	42.59317	7036926	70.36926	0.2
26	1	6	2018	0	27	2018-6-1 0:27	4259323	42.59323	7036966	70.36966	0.5
26	1	6	2018	0	43	2018-6-1 0:43	4259312	42.59312	7036950	70.3695	0.1
26	1	6	2018	0	58	2018-6-1 0:58	4259311	42.59311	7036945	70.36945	1
26	1	6	2018	1	13	2018-6-1 1:13	4259313	42.59313	7036934	70.36934	0.5
26	1	6	2018	1	29	2018-6-1 1:29	4259312	42.59312	7036936	70.36936	2.1
26	1	6	2018	1	44	2018-6-1 1:44	4259316	42.59316	7036939	70.36939	0.1
26	1	6	2018	1	59	2018-6-1 1:59	4259317	42.59317	7036944	70.36944	0.3
26	1	6	2018	2	14	2018-6-1 2:14	4259306	42.59306	7036953	70.36953	1
26	1	6	2018	2	29	2018-6-1 2:29	4259306	42.59306	7036918	70.36918	0.2
26	1	6	2018	2	45	2018-6-1 2:45	4259306	42.59306	7036941	70.36941	0.7
26	1	6	2018	3	00	2018-6-1 3:00	4259303	42.59303	7036934	70.36934	0.4
26	1	6	2018	3	15	2018-6-1 3:15	4259301	42.59301	7036935	70.36935	0.2
26	1	6	2018	3	30	2018-6-1 3:30	4259302	42.59302	7036933	70.36933	0.3
26	1	6	2018	3	45	2018-6-1 3:45	4259280	42.5928	7036915	70.36915	0.6
26	1	6	2018	4	01	2018-6-1 4:01	4259312	42.59312	7036944	70.36944	0.1
26	1	6	2018	4	16	2018-6-1 4:16	4259312	42.59312	7036941	70.36941	0
26	1	6	2018	4	31	2018-6-1 4:31	4259312	42.59312	7036941	70.36941	0.1
26	1	6	2018	4	31	2018-6-1 4:31	4259312	42.59312	7036941	70.36941	0.1
26	1	6	2018	4	47	2018-6-1 4:47	4259310	42.5931	7036939	70.36939	0.5
26	1	6	2018	5	02	2018-6-1 5:02	4259306	42.59306	7036948	70.36948	0.5
26	1	6	2018	5	17	2018-6-1 5:17	4259313	42.59313	7036939	70.36939	0.5
26	1	6	2018	5	32	2018-6-1 5:32	4259295	42.59295	7036958	70.36958	0.6
26	1	6	2018	5	48	2018-6-1 5:48	4259296	42.59296	7036965	70.36965	0.4
26	1	6	2018	6	03	2018-6-1 6:03	4259288	42.59288	7036968	70.36968	0.2
26	1	6	2018	6	18	2018-6-1 6:18	4259318	42.59318	7036938	70.36938	0.4
26	1	6	2018	7	19	2018-6-1 7:19	4259303	42.59303	7036927	70.36927	0.4
26	1	6	2018	8	19	2018-6-1 8:19	4259304	42.59304	7036952	70.36952	0.5
