29;26;5;18;21;24;4259350N;07036857W;0.2
29;26;5;18;21;39;4259328N;07036905W;0.7
29;26;5;18;21;54;4259076N;07036699W;0.3
29;26;5;18;22;9;4259047N;07036755W;0.4
29;26;5;18;22;25;4259269N;07037014W;0.1
29;26;5;18;22;40;4259257N;07037011W;0.1
29;26;5;18;22;55;4259267N;07037010W;0.1
29;26;5;18;23;10;4259243N;07037001W;0.1
29;26;5;18;23;26;4259305N;07036936W;0.0
29;26;5;18;23;41;4259324N;07036924W;0.1
29;26;5;18;23;56;4259322N;07036927W;0.2
29;27;5;18;0;12;4259338N;07036926W;0.2
29;27;5;18;0;27;4259340N;07036929W;0.5
29;27;5;18;0;42;4259332N;07036918W;1.9
29;27;5;18;0;57;4259331N;07036917W;0.5
29;27;5;18;1;13;4259342N;07036920W;0.1
29;27;5;18;1;28;4259342N;07036927W;0.3
29;27;5;18;1;43;4259342N;07036921W;0.2
29;27;5;18;1;58;4259275N;07036944W;0.6
29;27;5;18;2;14;4259252N;07036978W;0.2
29;27;5;18;2;29;4259340N;07036921W;0.2
29;27;5;18;2;45;4259340N;07036919W;0.2
29;27;5;18;3;0;4259331N;07036925W;0.2
29;27;5;18;3;15;4259290N;07036906W;0.8
29;27;5;18;3;30;4259337N;07036923W;0.0
29;27;5;18;3;30;4259337N;07036923W;0.0
29;27;5;18;3;30;4259337N;07036923W;0.0
29;27;5;18;3;45;4259292N;07036891W;0.2
29;27;5;18;4;1;4259316N;07036907W;0.6
29;27;5;18;4;16;4259321N;07036911W;0.2
29;27;5;18;4;31;4259342N;07036927W;0.3
29;27;5;18;4;46;4259333N;07036918W;0.3
29;27;5;18;5;2;4259338N;07036924W;0.0
29;27;5;18;5;17;4259342N;07036918W;0.2
29;27;5;18;5;33;4259333N;07036918W;0.0
29;27;5;18;5;48;4259338N;07036924W;0.3
29;27;5;18;6;3;4259350N;07036936W;0.3
29;27;5;18;6;18;4259356N;07036944W;0.9
29;27;5;18;6;33;4259361N;07036954W;0.3
29;27;5;18;6;49;4259433N;07037040W;0.3
29;27;5;18;7;4;4259297N;07036879W;0.5
29;27;5;18;7;19;4259291N;07036868W;1.1
29;27;5;18;7;34;4259319N;07036917W;0.1
29;27;5;18;7;49;4259320N;07036907W;0.4
29;27;5;18;8;4;4259332N;07036910W;0.4
29;27;5;18;8;20;4259341N;07036872W;0.6
29;27;5;18;8;35;4259343N;07036903W;0.5
29;27;5;18;8;50;4259326N;07036895W;0.4
29;27;5;18;9;5;4259342N;07036919W;0.0
29;27;5;18;9;21;4259363N;07036903W;0.3
29;27;5;18;9;36;4259307N;07036926W;0.2
29;27;5;18;9;51;4301853N;07040963W;11.
29;27;5;18;10;7;4304867N;07043915W;0.1
29;27;5;18;10;22;4306423N;07047975W;21.
29;27;5;18;10;37;4306921N;07049477W;0.2
29;27;5;18;10;52;4309713N;07051508W;26.
29;27;5;18;11;7;4311245N;07055920W;0.5
29;27;5;18;11;22;4311198N;07055898W;0.2
29;27;5;18;11;37;4311215N;07055874W;0.9
29;27;5;18;11;52;4311221N;07055882W;1.9
29;27;5;18;12;7;4311091N;07056332W;13.
29;27;5;18;12;22;4314771N;07057864W;0.1
29;27;5;18;12;37;4314768N;07057853W;1.6
29;27;5;18;12;52;4314970N;07057956W;32.
29;27;5;18;13;8;4314981N;07058005W;0.5
29;27;5;18;13;23;4314858N;07057916W;0.3
29;27;5;18;13;38;4314788N;07057817W;0.4
29;27;5;18;13;53;4314787N;07057820W;0.6
29;27;5;18;14;8;4315536N;07057904W;24.
29;27;5;18;14;23;4315303N;07057851W;27.
29;27;5;18;14;38;4315935N;07058080W;2.7
29;27;5;18;14;54;4315914N;07058000W;0.1
29;27;5;18;15;9;4315916N;07057991W;0.4
29;27;5;18;15;24;4315908N;07058003W;0.1
29;27;5;18;15;39;4315885N;07057960W;1.6
29;27;5;18;15;54;4314746N;07057822W;0.0
29;27;5;18;16;9;4314740N;07057823W;1.6
29;27;5;18;16;24;4314732N;07057796W;0.5
29;27;5;18;16;39;4314757N;07057819W;0.1
29;27;5;18;16;54;4314752N;07057815W;0.3
29;27;5;18;17;9;4315844N;07058023W;0.4
29;27;5;18;17;25;4315943N;07058063W;0.4
29;27;5;18;17;40;4315952N;07058071W;0.4
29;27;5;18;17;55;4314802N;07057828W;16.
29;27;5;18;18;10;4314791N;07057810W;0.3
29;27;5;18;18;25;4314793N;07057814W;0.4
29;27;5;18;18;40;4314796N;07057815W;0.5
29;27;5;18;18;55;4314793N;07057812W;0.3
29;27;5;18;19;10;4315070N;07058030W;0.3
29;27;5;18;19;26;4315013N;07058017W;0.1
29;27;5;18;19;41;4315084N;07058023W;1.2
29;27;5;18;19;56;4315053N;07058007W;0.3
29;27;5;18;20;11;4313796N;07057514W;18.
29;27;5;18;20;26;4311383N;07054805W;36.
29;27;5;18;20;42;4309089N;07053606W;27.
29;27;5;18;20;57;4305986N;07051972W;0.7
29;27;5;18;21;12;4305985N;07051970W;0.1
29;27;5;18;21;27;4305917N;07052019W;29.
29;27;5;18;21;42;4303122N;07050855W;28.
29;27;5;18;21;57;4302902N;07051020W;11.
29;27;5;18;22;12;4302971N;07051070W;18.
29;27;5;18;22;27;4304017N;07050398W;0.3
29;27;5;18;22;42;4303048N;07051230W;8.8
29;27;5;18;22;57;4304007N;07050411W;0.2
29;27;5;18;23;13;4303989N;07050430W;0.3
29;27;5;18;23;28;4303211N;07050232W;0.7
29;27;5;18;23;43;4304203N;07046981W;19.
29;27;5;18;23;58;4304747N;07044178W;0.3
29;28;5;18;0;13;4304753N;07044188W;0.1
29;28;5;18;0;28;4304750N;07044169W;0.2
29;28;5;18;0;43;4304752N;07044164W;0.2
29;28;5;18;0;59;4304751N;07044168W;0.4
29;28;5;18;1;14;4304752N;07044174W;0.2
29;28;5;18;1;29;4304757N;07044163W;0.4
29;28;5;18;1;44;4304757N;07044159W;0.2
29;28;5;18;1;59;4304755N;07044167W;0.1
29;28;5;18;2;14;4304753N;07044167W;0.3
29;28;5;18;2;30;4304760N;07044157W;0.3
29;28;5;18;2;45;4304743N;07044163W;0.2
29;28;5;18;3;0;4304784N;07044149W;0.1
29;28;5;18;3;15;4304739N;07044167W;0.2
29;28;5;18;3;30;4304763N;07044166W;0.6
29;28;5;18;3;45;4304683N;07044162W;0.1
29;28;5;18;4;0;4304736N;07044153W;0.2
29;28;5;18;4;15;4304733N;07044154W;0.1
29;28;5;18;4;31;4304719N;07044132W;0.0
29;28;5;18;4;46;4304739N;07044162W;0.0
29;28;5;18;5;1;4304743N;07044157W;0.1
29;28;5;18;5;16;4304744N;07044170W;0.0
29;28;5;18;5;31;4304744N;07044169W;0.0
29;28;5;18;5;47;4304740N;07044175W;0.3
29;28;5;18;6;2;4304742N;07044170W;0.3
29;28;5;18;6;17;4304746N;07044175W;0.3
29;28;5;18;6;32;4304754N;07044183W;3.3
29;28;5;18;6;47;4304755N;07044189W;1.1
29;28;5;18;7;3;4304741N;07044172W;0.2
29;28;5;18;7;18;4304743N;07044167W;0.2
29;28;5;18;7;33;4304737N;07044172W;4.0
29;28;5;18;7;48;4304747N;07044166W;1.6
29;28;5;18;8;3;4304746N;07044166W;0.1
29;28;5;18;8;18;4304748N;07044163W;0.2
29;28;5;18;8;33;4304746N;07044166W;0.5
29;28;5;18;8;48;4304771N;07044409W;0.4
29;28;5;18;9;3;4304784N;07044403W;0.2
29;28;5;18;9;18;4304774N;07044404W;0.1
29;28;5;18;9;33;4304778N;07044418W;0.2
29;28;5;18;9;48;4305710N;07046879W;21.
29;28;5;18;10;3;4307018N;07048899W;0.4
29;28;5;18;10;18;4307000N;07049357W;4.1
29;28;5;18;10;33;4306996N;07049344W;19.
29;28;5;18;10;48;4306844N;07050664W;0.4
29;28;5;18;11;4;4306250N;07051231W;0.2
29;28;5;18;11;19;4306269N;07051293W;0.4
29;28;5;18;11;34;4306375N;07051300W;0.3
29;28;5;18;11;49;4306376N;07051296W;0.3
29;28;5;18;12;4;4303029N;07047614W;21.
29;28;5;18;12;19;4300730N;07040723W;21.
29;28;5;18;12;34;4259315N;07036905W;0.1
29;28;5;18;12;50;4259313N;07036900W;0.8
29;28;5;18;13;5;4259356N;07036934W;0.4
29;28;5;18;13;20;4259354N;07036938W;0.2
29;28;5;18;13;35;4259338N;07036922W;0.4
29;28;5;18;13;51;4259345N;07036925W;0.5
29;28;5;18;14;6;4259340N;07036931W;0.2
29;28;5;18;14;21;4259338N;07036926W;0.8
29;28;5;18;14;37;4259337N;07036927W;0.3
29;28;5;18;14;52;4259336N;07036926W;0.2
29;28;5;18;15;7;4259337N;07036926W;1.1
29;28;5;18;15;22;4259332N;07036927W;0.7
29;28;5;18;15;37;4259330N;07036922W;0.2
29;28;5;18;15;52;4259329N;07036916W;0.4
29;28;5;18;16;8;4259334N;07036921W;1.0
29;28;5;18;16;23;4259330N;07036918W;0.4
29;28;5;18;16;38;4259325N;07036914W;0.2
29;28;5;18;16;53;4259327N;07036921W;0.3
29;28;5;18;17;8;4259325N;07036925W;0.0
29;28;5;18;17;24;4259331N;07036915W;1.2
29;28;5;18;17;39;4259315N;07036941W;0.3
29;28;5;18;17;54;4259394N;07036907W;0.2
29;28;5;18;18;9;4259298N;07036911W;0.2
29;28;5;18;18;24;4259347N;07036926W;0.2
29;28;5;18;18;40;4259355N;07036935W;1.7
29;28;5;18;18;55;4259351N;07036933W;1.4
29;28;5;18;19;10;4259337N;07036928W;0.5
29;28;5;18;19;25;4259232N;07036960W;0.2
29;28;5;18;19;40;4259315N;07036920W;0.7
29;28;5;18;19;55;4259356N;07036895W;0.2
29;28;5;18;20;10;4259333N;07036924W;0.0
29;28;5;18;20;26;4259371N;07036907W;0.8
29;28;5;18;20;41;4259369N;07036911W;1.0
29;28;5;18;20;56;4259343N;07036927W;0.6
29;28;5;18;21;11;4259342N;07036921W;0.1
29;28;5;18;21;27;4259355N;07036952W;0.1
29;28;5;18;21;42;4259351N;07036934W;0.6
29;28;5;18;21;57;4259376N;07036936W;0.8
29;28;5;18;22;12;4259334N;07036899W;0.4
29;28;5;18;22;28;4259339N;07036887W;2.0
29;28;5;18;22;43;4259337N;07036907W;0.7
29;28;5;18;22;58;4259336N;07036932W;0.4
29;28;5;18;23;13;4259329N;07036936W;0.4
29;28;5;18;23;28;4301439N;07042624W;25.
29;28;5;18;23;43;4302051N;07042948W;0.4
29;28;5;18;23;58;4302046N;07042941W;0.7
29;29;5;18;0;14;4304011N;07043144W;29.
29;29;5;18;0;29;4304741N;07044164W;0.1
29;29;5;18;0;44;4304745N;07044165W;0.5
29;29;5;18;0;59;4304754N;07044173W;0.4
29;29;5;18;1;14;4304758N;07044171W;0.8
29;29;5;18;1;29;4304751N;07044165W;0.2
29;29;5;18;1;44;4304745N;07044162W;0.1
29;29;5;18;1;59;4304728N;07044182W;0.9
29;29;5;18;2;14;4304738N;07044199W;0.2
29;29;5;18;2;29;4304726N;07044184W;0.4
29;29;5;18;2;44;4304731N;07044182W;0.2
29;29;5;18;2;59;4304734N;07044185W;0.4
29;29;5;18;3;15;4304733N;07044184W;0.6
29;29;5;18;3;30;4304720N;07044180W;0.9
29;29;5;18;3;45;4304740N;07044193W;0.0
29;29;5;18;4;0;4304728N;07044179W;0.2
29;29;5;18;4;15;4304733N;07044177W;0.3
29;29;5;18;4;30;4302362N;07041823W;19.
29;29;5;18;4;45;4259341N;07036928W;0.0
29;29;5;18;5;0;4259358N;07036900W;0.0
29;29;5;18;5;15;4259357N;07036928W;0.1
29;29;5;18;5;31;4259341N;07036928W;0.3
29;29;5;18;5;46;4259351N;07036930W;0.8
29;29;5;18;6;1;4259338N;07036927W;0.3
29;29;5;18;6;16;4259341N;07036921W;0.6
29;29;5;18;6;31;4259344N;07036936W;0.5
29;29;5;18;6;46;4259331N;07036926W;0.2
29;29;5;18;7;2;4259328N;07036931W;0.2
29;29;5;18;7;17;4259328N;07036923W;0.2
29;29;5;18;7;32;4259328N;07036920W;0.2
29;29;5;18;7;47;4259323N;07036933W;0.2
29;29;5;18;7;47;4259323N;07036933W;0.2
29;29;5;18;7;47;4259323N;07036933W;0.2
29;29;5;18;8;3;4259327N;07036925W;0.2
29;29;5;18;8;18;4259298N;07036932W;0.0
29;29;5;18;8;33;4259331N;07036956W;0.5
29;29;5;18;8;48;4259341N;07036968W;0.3
29;29;5;18;9;3;4259334N;07036992W;18.
29;29;5;18;9;18;4300359N;07042800W;16.
29;29;5;18;9;33;4300526N;07044443W;0.7
29;29;5;18;9;48;4300439N;07044642W;0.2
29;29;5;18;10;4;4300430N;07044654W;0.8
29;29;5;18;10;19;4302164N;07047111W;0.6
29;29;5;18;10;34;4302359N;07048987W;0.2
29;29;5;18;10;49;4304152N;07050365W;17.
29;29;5;18;11;4;4305774N;07051660W;26.
29;29;5;18;11;19;4306270N;07051278W;0.2
29;29;5;18;11;34;4306301N;07051304W;0.7
29;29;5;18;11;49;4305714N;07051204W;1.8
29;29;5;18;12;4;4305768N;07051257W;0.6
29;29;5;18;12;19;4303313N;07048923W;31.
29;29;5;18;12;34;4300288N;07039676W;31.
29;29;5;18;12;50;4259336N;07036920W;0.0
29;29;5;18;13;5;4259347N;07036918W;0.1
29;29;5;18;13;20;4259415N;07036880W;0.2
29;29;5;18;13;36;4259341N;07036927W;0.2
29;29;5;18;13;51;4259327N;07036944W;0.9
29;29;5;18;14;7;4259324N;07036929W;0.5
29;29;5;18;14;22;4259335N;07036927W;0.6
29;29;5;18;14;37;4259337N;07036921W;0.6
29;29;5;18;14;52;4259327N;07036910W;0.0
29;29;5;18;15;7;4259320N;07036901W;0.4
29;29;5;18;15;23;4259350N;07036920W;0.3
29;29;5;18;15;38;4259327N;07036920W;0.6
29;29;5;18;15;53;4259385N;07036892W;0.7
29;29;5;18;16;8;4259379N;07036952W;0.2
29;29;5;18;16;23;4259320N;07036918W;0.3
29;29;5;18;16;39;4259380N;07036956W;0.1
29;29;5;18;16;54;4259335N;07036898W;0.4
29;29;5;18;17;9;4259325N;07036909W;0.4
29;29;5;18;17;24;4259358N;07036882W;0.4
29;29;5;18;17;39;4259345N;07036919W;0.6
29;29;5;18;17;54;4259364N;07036923W;0.5
29;29;5;18;18;10;4259376N;07036938W;1.9
29;29;5;18;18;25;4259344N;07036941W;0.9
29;29;5;18;18;40;4259343N;07036923W;0.9
29;29;5;18;18;55;4259350N;07036936W;0.3
29;29;5;18;19;10;4259336N;07036936W;0.8
29;29;5;18;19;26;4259335N;07036937W;0.2
29;29;5;18;19;41;4259318N;07036927W;0.9
29;29;5;18;19;56;4259299N;07036930W;0.3
29;29;5;18;20;11;4259292N;07036929W;0.4
29;29;5;18;20;26;4259298N;07036935W;0.4
29;29;5;18;20;41;4259325N;07036939W;0.1
29;29;5;18;20;57;4259341N;07036924W;0.3
29;29;5;18;20;57;4259341N;07036924W;0.3
29;29;5;18;21;12;4259339N;07036924W;0.1
29;29;5;18;21;27;4259346N;07036930W;0.5
29;29;5;18;21;43;4259341N;07036930W;0.5
29;29;5;18;21;43;4259341N;07036930W;0.5
29;29;5;18;21;58;4259352N;07036936W;0.4
29;29;5;18;22;13;4259340N;07036899W;0.4
29;29;5;18;22;28;4259325N;07036949W;0.3
29;29;5;18;22;43;4259293N;07037031W;1.1
29;29;5;18;22;59;4259290N;07037020W;1.6
29;29;5;18;23;14;4259291N;07037021W;0.2
29;29;5;18;23;29;4259289N;07037014W;0.6
29;29;5;18;23;44;4259292N;07037005W;0.3
29;29;5;18;23;59;4259289N;07037001W;0.7
29;30;5;18;0;14;4259293N;07036995W;0.7
29;30;5;18;0;29;4259295N;07036992W;0.1
29;30;5;18;0;45;4259304N;07036995W;0.4
29;30;5;18;1;0;4259351N;07036930W;0.2
29;30;5;18;1;15;4259355N;07036933W;0.3
29;30;5;18;1;30;4259354N;07036932W;0.5
29;30;5;18;1;46;4259341N;07036919W;0.3
29;30;5;18;2;1;4259336N;07036925W;0.3
29;30;5;18;2;17;4259329N;07036927W;0.6
29;30;5;18;2;32;4259325N;07036923W;0.4
29;30;5;18;2;32;4259325N;07036923W;0.4
29;30;5;18;2;48;4259332N;07036920W;0.6
29;30;5;18;3;3;4259332N;07036924W;1.7
29;30;5;18;3;18;4259333N;07036922W;1.0
29;30;5;18;3;33;4259323N;07036916W;0.1
29;30;5;18;3;49;4259312N;07036905W;0.0
29;30;5;18;4;4;4259316N;07036908W;0.4
29;30;5;18;4;19;4259294N;07036892W;0.2
29;30;5;18;4;35;4259306N;07036897W;0.2
29;30;5;18;4;50;4259343N;07036910W;0.1
29;30;5;18;4;50;4259343N;07036910W;0.1
29;30;5;18;4;50;4259343N;07036910W;0.1
29;30;5;18;4;50;4259343N;07036910W;0.1
29;30;5;18;4;50;4259343N;07036910W;0.1
29;30;5;18;4;50;4259343N;07036910W;0.1
29;30;5;18;4;50;4259343N;07036910W;0.1
29;30;5;18;4;50;4259343N;07036910W;0.1
29;30;5;18;4;50;4259343N;07036910W;0.1
29;30;5;18;4;50;4259343N;07036910W;0.1
29;30;5;18;4;50;4259343N;07036910W;0.1
29;30;5;18;4;50;4259343N;07036910W;0.1
29;30;5;18;5;5;4259343N;07036922W;0.0
29;30;5;18;5;5;4259343N;07036922W;0.0
29;30;5;18;5;20;4259335N;07036925W;1.6
29;30;5;18;5;20;4259335N;07036925W;1.6
29;30;5;18;5;20;4259335N;07036925W;1.6
29;30;5;18;5;36;4259332N;07036930W;0.6
29;30;5;18;5;51;4259334N;07036942W;0.6
29;30;5;18;6;6;4259318N;07036929W;0.1
29;30;5;18;6;21;4259327N;07036945W;0.4
29;30;5;18;6;36;4259324N;07036937W;0.8
29;30;5;18;6;52;4259316N;07036924W;0.3
29;30;5;18;7;7;4259330N;07036919W;0.0
29;30;5;18;7;22;4259338N;07036931W;0.2
29;30;5;18;7;37;4259336N;07036912W;0.1
29;30;5;18;7;52;4259338N;07036915W;0.3
29;30;5;18;7;52;4259338N;07036915W;0.3
29;30;5;18;8;8;4259344N;07036958W;0.1
29;30;5;18;8;23;4259352N;07036922W;0.3
29;30;5;18;8;38;4259328N;07036946W;0.2
29;30;5;18;8;53;4259067N;07036785W;0.6
29;30;5;18;9;8;4259057N;07036730W;0.1
29;30;5;18;9;23;4259066N;07036728W;0.2
29;30;5;18;9;38;4259059N;07036757W;0.1
29;30;5;18;9;53;4259069N;07036721W;0.2
29;30;5;18;10;8;4259070N;07036702W;0.0
29;30;5;18;10;24;4259080N;07036713W;0.2
29;30;5;18;10;39;4259072N;07036700W;0.2
29;30;5;18;10;54;4259339N;07036932W;0.3
29;30;5;18;11;9;4259321N;07036916W;1.1
29;30;5;18;11;24;4259326N;07036916W;1.1
29;30;5;18;11;39;4259333N;07036919W;0.8
29;30;5;18;11;55;4259317N;07036909W;0.5
29;30;5;18;12;10;4259317N;07036909W;0.2
29;30;5;18;12;25;4259311N;07036900W;0.0
29;30;5;18;12;40;4259280N;07036870W;0.4
29;30;5;18;12;40;4259280N;07036870W;0.4
29;30;5;18;12;40;4259280N;07036870W;0.4
29;30;5;18;12;56;4259282N;07036866W;0.1
29;30;5;18;13;11;4259297N;07036904W;0.2
29;30;5;18;13;26;4259327N;07036896W;0.3
29;30;5;18;13;41;4259358N;07036891W;0.3
29;30;5;18;13;57;4259409N;07036830W;0.3
29;30;5;18;14;12;4259334N;07036924W;0.4
29;30;5;18;14;27;4259323N;07036904W;1.3
29;30;5;18;14;43;4259334N;07036921W;1.1
29;30;5;18;14;58;4259336N;07036924W;1.0
29;30;5;18;15;13;4259328N;07036915W;0.2
29;30;5;18;15;28;4259340N;07036925W;0.1
29;30;5;18;15;43;4259343N;07036926W;0.6
29;30;5;18;15;59;4259329N;07036914W;0.6
29;30;5;18;16;14;4259322N;07036914W;0.3
29;30;5;18;16;29;4259259N;07036867W;0.0
29;30;5;18;16;44;4259325N;07036914W;0.1
29;30;5;18;17;0;4259335N;07036924W;0.3
29;30;5;18;17;15;4259331N;07036928W;0.2
29;30;5;18;17;30;4259332N;07036924W;0.2
29;30;5;18;17;45;4259335N;07036920W;0.1
29;30;5;18;18;1;4259333N;07036922W;0.2
29;30;5;18;18;16;4259334N;07036920W;0.3
29;30;5;18;18;31;4259332N;07036918W;0.3
29;30;5;18;18;46;4259355N;07036920W;0.8
29;30;5;18;19;1;4259084N;07036726W;0.3
29;30;5;18;19;16;4259092N;07036728W;1.0
29;30;5;18;19;31;4301517N;07041230W;28.
29;30;5;18;19;46;4306331N;07047378W;33.
29;30;5;18;20;1;4310022N;07051572W;19.
29;30;5;18;20;16;4313122N;07056187W;22.
29;30;5;18;20;32;4315934N;07057983W;0.4
29;30;5;18;20;47;4315896N;07057986W;0.8
29;30;5;18;21;2;4314966N;07057965W;0.5
29;30;5;18;21;17;4314781N;07057678W;0.4
29;30;5;18;21;32;4314767N;07057683W;0.6
29;30;5;18;21;47;4314790N;07057718W;0.6
29;30;5;18;22;2;4314762N;07057651W;0.2
29;30;5;18;22;17;4314796N;07057709W;0.4
29;30;5;18;22;32;4314788N;07057671W;0.6
29;30;5;18;22;47;4314784N;07057719W;0.3
29;30;5;18;23;2;4314781N;07057710W;0.5
29;30;5;18;23;18;4311986N;07053619W;20.
29;30;5;18;23;33;4308886N;07049541W;23.
29;30;5;18;23;48;4305410N;07045448W;22.
29;31;5;18;0;3;4304749N;07044164W;0.2
29;31;5;18;0;18;4304747N;07044163W;0.3
29;31;5;18;0;33;4304754N;07044162W;0.3
29;31;5;18;0;48;4304724N;07044159W;0.2
29;31;5;18;1;3;4304693N;07044153W;0.2
29;31;5;18;1;19;4304746N;07044117W;0.2
29;31;5;18;1;34;4304761N;07044178W;0.4
29;31;5;18;1;49;4304739N;07044162W;0.2
29;31;5;18;2;4;4304745N;07044159W;0.5
29;31;5;18;2;19;4304726N;07044147W;0.4
29;31;5;18;2;34;4304726N;07044149W;0.2
29;31;5;18;2;49;4304722N;07044141W;0.0
29;31;5;18;3;4;4304724N;07044134W;0.2
29;31;5;18;3;19;4304727N;07044130W;0.2
29;31;5;18;3;34;4304700N;07044062W;0.1
29;31;5;18;3;49;4304728N;07044112W;0.1
29;31;5;18;4;5;4304740N;07044155W;0.1
29;31;5;18;4;20;4304774N;07044092W;1.0
29;31;5;18;4;35;4304741N;07044162W;0.4
29;31;5;18;4;50;4304756N;07044138W;2.5
29;31;5;18;5;5;4304742N;07044153W;1.2
29;31;5;18;5;20;4304740N;07044152W;0.4
29;31;5;18;5;35;4304739N;07044159W;0.3
29;31;5;18;5;50;4304745N;07044161W;1.1
29;31;5;18;6;6;4304751N;07044160W;0.5
29;31;5;18;6;21;4304748N;07044166W;0.1
29;31;5;18;6;36;4304744N;07044163W;0.6
29;31;5;18;6;51;4304742N;07044158W;0.1
29;31;5;18;7;7;4304743N;07044158W;0.1
29;31;5;18;7;22;4304741N;07044155W;0.2
29;31;5;18;7;37;4304740N;07044164W;0.2
29;31;5;18;7;52;4304745N;07044159W;0.0
29;31;5;18;8;7;4304760N;07044124W;0.2
29;31;5;18;8;23;4304742N;07044153W;0.1
29;31;5;18;8;38;4304718N;07044139W;0.2
29;31;5;18;8;53;4304745N;07044173W;0.2
29;31;5;18;9;9;4304744N;07044181W;0.0
29;31;5;18;9;25;4304745N;07044185W;0.1
29;31;5;18;9;40;4304377N;07042972W;24.
29;31;5;18;9;55;4259871N;07037779W;24.
29;31;5;18;10;10;4259347N;07036922W;0.6
29;31;5;18;10;26;4259338N;07036920W;0.2
29;31;5;18;10;41;4259331N;07036916W;0.3
29;31;5;18;10;57;4259346N;07036925W;0.4
29;31;5;18;10;57;4259346N;07036925W;0.4
29;31;5;18;11;13;4259345N;07036916W;0.4
29;31;5;18;11;28;4259337N;07036925W;0.1
29;31;5;18;11;44;4259341N;07036925W;0.3
29;31;5;18;11;59;4259333N;07036919W;1.0
29;31;5;18;12;15;4259351N;07036931W;0.1
29;31;5;18;12;30;4259323N;07036910W;0.1
29;31;5;18;12;45;4259338N;07036921W;0.5
29;31;5;18;13;0;4259337N;07036919W;0.4
29;31;5;18;13;15;4259335N;07036918W;0.4
29;31;5;18;13;31;4259318N;07036920W;0.1
29;31;5;18;13;46;4259316N;07036914W;0.7
29;31;5;18;14;1;4259317N;07036920W;0.0
29;31;5;18;14;16;4259324N;07036915W;0.6
29;31;5;18;14;31;4259326N;07036914W;0.4
29;31;5;18;14;47;4259324N;07036911W;0.9
29;31;5;18;15;2;4259326N;07036910W;0.5
29;31;5;18;15;17;4259336N;07036920W;0.8
29;31;5;18;15;32;4259335N;07036918W;0.2
29;31;5;18;15;48;4259317N;07036904W;0.4
29;31;5;18;16;3;4259379N;07036947W;0.4
29;31;5;18;16;18;4259338N;07036923W;0.1
29;31;5;18;16;34;4259334N;07036910W;2.6
29;31;5;18;16;49;4259352N;07036888W;0.7
29;31;5;18;17;4;4259399N;07036799W;0.6
29;31;5;18;17;20;4259345N;07036868W;0.8
29;31;5;18;17;35;4259302N;07036902W;0.4
29;31;5;18;17;50;4259314N;07036893W;0.3
29;31;5;18;18;5;4259287N;07036866W;0.1
29;31;5;18;18;21;4259327N;07036884W;0.4
29;31;5;18;18;36;4259304N;07036902W;0.9
29;31;5;18;18;51;4258838N;07036573W;0.3
29;31;5;18;19;6;4300029N;07037813W;41.
29;31;5;18;19;22;4305467N;07045517W;36.
29;31;5;18;19;37;4309071N;07051101W;26.
29;31;5;18;19;52;4311288N;07056010W;0.6
29;31;5;18;20;7;4312358N;07057062W;33.
29;31;5;18;20;22;4314789N;07057829W;0.7
29;31;5;18;20;37;4314804N;07057824W;0.3
29;31;5;18;20;52;4314982N;07058029W;12.
29;31;5;18;21;7;4314975N;07058028W;0.2
29;31;5;18;21;22;4314953N;07058015W;0.1
29;31;5;18;21;38;4314719N;07057847W;0.2
29;31;5;18;21;53;4314717N;07057840W;0.4
29;31;5;18;22;8;4314724N;07057835W;0.2
29;31;5;18;22;23;4314713N;07057836W;0.7
29;31;5;18;22;38;4311858N;07054911W;27.
29;31;5;18;22;53;4308067N;07050077W;24.
29;31;5;18;23;8;4305163N;07044957W;23.
29;31;5;18;23;23;4301700N;07040653W;17.
29;31;5;18;23;38;4259347N;07036924W;0.3
29;31;5;18;23;54;4259330N;07036919W;0.6
29;1;6;18;0;9;4259351N;07036927W;0.2
29;1;6;18;0;9;4259351N;07036927W;0.2
29;1;6;18;0;9;4259351N;07036927W;0.2
29;1;6;18;0;9;4259351N;07036927W;0.2
29;1;6;18;0;24;4259333N;07036915W;0.0
29;1;6;18;0;24;4259333N;07036915W;0.0
29;1;6;18;0;24;4259333N;07036915W;0.0
29;1;6;18;0;24;4259333N;07036915W;0.0
29;1;6;18;0;40;4259338N;07036953W;0.0
29;1;6;18;0;55;4259317N;07037003W;0.1
29;1;6;18;1;10;4259355N;07036934W;0.3
29;1;6;18;1;25;4259350N;07036933W;0.4
29;1;6;18;1;41;4259349N;07036936W;0.4
29;1;6;18;1;56;4259343N;07036942W;0.3
29;1;6;18;2;11;4259340N;07036940W;0.1
29;1;6;18;2;11;4259340N;07036940W;0.1
29;1;6;18;2;11;4259340N;07036940W;0.1
29;1;6;18;2;26;4259286N;07036938W;0.3
29;1;6;18;2;42;4259307N;07036928W;0.2
29;1;6;18;2;57;4259311N;07036921W;0.2
29;1;6;18;3;12;4259302N;07036909W;0.3
29;1;6;18;3;27;4259291N;07036897W;0.4
29;1;6;18;3;43;4259318N;07036914W;0.2
29;1;6;18;3;58;4259334N;07036926W;0.4
29;1;6;18;4;13;4259420N;07036908W;0.1
29;1;6;18;4;28;4259354N;07036919W;0.5
29;1;6;18;4;44;4259341N;07036916W;0.1
29;1;6;18;4;59;4259340N;07036917W;0.7
29;1;6;18;5;14;4259364N;07036899W;0.3
29;1;6;18;5;30;4259336N;07036917W;4.4
29;1;6;18;5;45;4259326N;07036914W;0.3
29;1;6;18;6;0;4259326N;07036917W;0.6
29;1;6;18;6;16;4259332N;07036928W;0.2
29;1;6;18;6;31;4259338N;07036923W;0.3
29;1;6;18;6;47;4259344N;07036943W;0.9
29;1;6;18;7;2;4259347N;07036924W;0.1
29;1;6;18;7;17;4259340N;07036921W;0.3
29;1;6;18;7;32;4259326N;07036930W;0.1
29;1;6;18;7;47;4259320N;07036923W;0.4
29;1;6;18;8;3;4259316N;07036908W;0.3
29;1;6;18;8;18;4259350N;07036934W;1.2
29;1;6;18;8;33;4259322N;07036899W;0.3
29;1;6;18;8;48;4259325N;07036882W;0.1
29;1;6;18;9;3;4259333N;07036949W;0.2
29;1;6;18;9;18;4259341N;07036939W;0.1
29;1;6;18;9;33;4259323N;07036956W;0.7
29;1;6;18;9;49;4259334N;07036935W;1.0
29;1;6;18;10;4;4259359N;07036932W;0.8
29;1;6;18;10;4;4259359N;07036932W;0.8
29;1;6;18;10;4;4259359N;07036932W;0.8
29;1;6;18;10;4;4259359N;07036932W;0.8
29;1;6;18;10;4;4259359N;07036932W;0.8
29;1;6;18;10;19;4259355N;07036911W;0.9
29;1;6;18;10;19;4259355N;07036911W;0.9
29;1;6;18;10;35;4259339N;07036911W;0.2
29;1;6;18;10;50;4259339N;07036912W;0.1
29;1;6;18;10;50;4259339N;07036912W;0.1
29;1;6;18;11;5;4259331N;07036913W;0.3
29;1;6;18;11;20;4259329N;07036917W;1.3
29;1;6;18;11;35;4259334N;07036914W;0.6
29;1;6;18;11;51;4259327N;07036916W;0.5
29;1;6;18;12;6;4259329N;07036916W;0.6
29;1;6;18;12;21;4259340N;07036925W;0.7
29;1;6;18;12;21;4259340N;07036925W;0.7
29;1;6;18;12;21;4259340N;07036925W;0.7
29;1;6;18;12;36;4259319N;07036920W;0.7
29;1;6;18;12;51;4259323N;07036924W;0.6
29;1;6;18;13;6;4259330N;07036928W;0.2
29;1;6;18;13;22;4259323N;07036921W;1.0
29;1;6;18;13;37;4259337N;07036888W;0.3
29;1;6;18;13;52;4259343N;07036883W;0.3
29;1;6;18;14;8;4259413N;07036825W;0.3
29;1;6;18;14;23;4259354N;07036889W;0.2
29;1;6;18;14;38;4259347N;07036891W;0.2
29;1;6;18;14;53;4259338N;07036896W;0.8
29;1;6;18;15;8;4259355N;07036916W;0.1
29;1;6;18;15;24;4259343N;07036923W;0.0
