25;10;6;18;0;7;4259335N;07036926W;0.1
25;10;6;18;1;7;4259310N;07037052W;0.2
25;10;6;18;2;8;4259252N;07036907W;0.2
25;10;6;18;3;8;4259280N;07036894W;0.3
25;10;6;18;4;8;4259366N;07036872W;0.1
25;10;6;18;5;9;4259328N;07036954W;0.2
25;10;6;18;13;32;4259355N;07036970W;0.3
25;10;6;18;14;33;4259352N;07036954W;0.2
25;10;6;18;15;33;4259358N;07036959W;0.2
25;10;6;18;16;34;4248853N;07037986W;0.5
25;10;6;18;17;34;4251080N;07038922W;2.4
25;10;6;18;18;34;4252550N;07043491W;10.
25;10;6;18;19;34;4253806N;07049309W;0.1
25;10;6;18;20;35;4258896N;07045826W;1.0
25;10;6;18;20;58;4259303N;07037652W;23.
25;10;6;18;21;59;4259353N;07036954W;1.4
25;10;6;18;23;0;4259355N;07036957W;0.2
25;11;6;18;0;0;4259352N;07036936W;0.2
25;11;6;18;1;0;4259345N;07036934W;0.5
25;11;6;18;2;1;4259369N;07036910W;0.3
25;11;6;18;3;2;4259351N;07036957W;0.2
25;11;6;18;4;2;4259386N;07036839W;0.3
25;11;6;18;5;2;4259352N;07036940W;0.2
25;11;6;18;6;2;4259320N;07036957W;0.9
25;11;6;18;7;3;4259340N;07036942W;0.2
25;11;6;18;8;4;4259352N;07036960W;0.2
25;11;6;18;9;4;4259359N;07036963W;0.5
25;11;6;18;10;4;4255124N;07032928W;17.
25;11;6;18;11;4;4247041N;07038360W;2.3
25;11;6;18;12;4;4245199N;07034998W;2.2
25;11;6;18;13;5;4247050N;07037178W;7.2
25;11;6;18;14;5;4247087N;07036608W;19.
25;11;6;18;15;5;4247645N;07038910W;2.6
25;11;6;18;16;5;4250143N;07037851W;2.2
25;11;6;18;17;6;4250825N;07039201W;0.9
25;11;6;18;18;6;4251984N;07041816W;8.3
25;11;6;18;19;6;4257200N;07047535W;18.
25;11;6;18;20;6;4259351N;07036980W;0.2
25;11;6;18;21;7;4259322N;07036976W;0.8
25;11;6;18;22;7;4259373N;07036961W;0.1
25;11;6;18;23;7;4259361N;07036966W;0.9
25;12;6;18;0;8;4259467N;07036992W;0.2
25;12;6;18;1;8;4259399N;07036935W;0.6
25;12;6;18;2;8;4259361N;07036970W;1.4
25;12;6;18;3;9;4259300N;07036933W;0.3
25;12;6;18;4;9;4259495N;07036772W;0.3
25;12;6;18;5;9;4259330N;07036959W;0.2
25;12;6;18;6;10;4259316N;07036990W;0.3
25;12;6;18;7;10;4259350N;07036983W;0.1
25;12;6;18;8;10;4259374N;07036961W;0.8
25;12;6;18;9;11;4255057N;06955656W;38.
25;12;6;18;10;11;4256501N;06948777W;1.4
25;12;6;18;11;11;4256284N;06944179W;0.8
25;12;6;18;14;14;4310628N;06934419W;0.3
25;12;6;18;15;15;4310787N;06933668W;0.9
25;12;6;18;16;15;4310503N;06932356W;0.2
25;12;6;18;17;16;4310987N;06931884W;0.5
25;12;6;18;18;16;4311098N;06934974W;13.
25;12;6;18;19;17;4312070N;06950103W;22.
25;12;6;18;20;17;4318715N;07015341W;17.
25;12;6;18;21;18;4307262N;07028642W;0.0
25;12;6;18;22;18;4259351N;07036957W;0.5
25;12;6;18;23;19;4259355N;07036965W;0.3
25;13;6;18;0;20;4259354N;07036956W;0.1
25;13;6;18;1;20;4259350N;07036952W;0.1
25;13;6;18;2;21;4259357N;07036960W;0.1
25;13;6;18;3;21;4259348N;07036948W;1.7
25;13;6;18;4;22;4259341N;07036870W;0.1
25;13;6;18;5;22;4259293N;07036984W;0.8
25;13;6;18;6;23;4259251N;07036952W;0.3
25;13;6;18;7;23;4259271N;07036911W;0.6
25;13;6;18;8;24;4259354N;07036958W;0.1
