27;10;6;18;21;16;4303493N;07044647W;33.
27;10;6;18;22;16;4304812N;07044378W;0.3
27;10;6;18;23;16;4304813N;07044387W;0.5
27;11;6;18;0;17;4304810N;07044385W;0.1
27;11;6;18;1;17;4304818N;07044390W;0.2
27;11;6;18;2;18;4304811N;07044392W;0.3
27;11;6;18;3;19;4304813N;07044396W;0.3
27;11;6;18;15;31;4259361N;07036966W;0.4
27;11;6;18;16;31;4259359N;07036926W;0.3
27;11;6;18;17;31;4258353N;07045884W;0.6
27;11;6;18;18;32;4258062N;07046022W;2.5
27;11;6;18;19;32;4258374N;07045833W;0.2
27;11;6;18;20;33;4258353N;07045908W;0.0
27;11;6;18;21;25;4258916N;07042940W;27.
27;11;6;18;21;40;4259355N;07036951W;0.5
27;11;6;18;21;56;4259358N;07036968W;1.8
27;11;6;18;22;11;4259352N;07036973W;1.1
27;11;6;18;22;26;4259285N;07037003W;0.9
27;11;6;18;22;41;4259355N;07036970W;0.6
27;11;6;18;22;56;4259349N;07036969W;0.1
27;11;6;18;23;57;4259345N;07036967W;0.1
27;12;6;18;0;57;4259365N;07036969W;0.7
27;12;6;18;1;58;4259354N;07036928W;0.1
27;12;6;18;2;58;4259339N;07036925W;1.4
27;12;6;18;3;59;4259361N;07036920W;0.0
27;12;6;18;4;59;4259351N;07036936W;0.4
27;12;6;18;6;0;4259456N;07037034W;0.5
27;12;6;18;7;0;4259456N;07037023W;0.5
27;12;6;18;8;0;4259356N;07036920W;0.1
27;12;6;18;9;1;4258274N;07046026W;14.
27;12;6;18;10;2;4258356N;07045743W;0.1
27;12;6;18;11;2;4259363N;07036957W;0.5
27;12;6;18;12;2;4259364N;07036965W;0.5
27;12;6;18;13;3;4259376N;07036972W;0.5
27;12;6;18;14;0;4258251N;07043618W;22.
27;12;6;18;14;16;4258416N;07045839W;0.4
27;12;6;18;14;31;4258416N;07045838W;0.4
27;12;6;18;14;46;4258423N;07045843W;0.4
27;12;6;18;15;2;4258430N;07045829W;0.2
27;12;6;18;15;24;4257950N;07045113W;0.8
27;12;6;18;15;39;4257167N;07046717W;23.
27;12;6;18;15;54;4255555N;07048982W;0.2
27;12;6;18;16;10;4255513N;07048853W;36.
27;12;6;18;16;25;4257370N;07046729W;14.
27;12;6;18;16;40;4258408N;07045831W;0.7
27;12;6;18;16;55;4258436N;07045831W;0.5
27;12;6;18;17;10;4258423N;07045837W;0.8
27;12;6;18;17;25;4258426N;07045848W;2.6
27;12;6;18;17;40;4258452N;07045894W;0.3
27;12;6;18;17;56;4258160N;07046176W;0.8
27;12;6;18;18;11;4258158N;07046177W;0.6
27;12;6;18;18;26;4258162N;07046152W;0.3
27;12;6;18;18;41;4258155N;07045944W;20.
27;12;6;18;18;56;4258152N;07046150W;0.5
27;12;6;18;19;11;4258169N;07046150W;0.5
27;12;6;18;19;26;4258396N;07045822W;0.5
27;12;6;18;19;41;4258383N;07045834W;0.4
27;12;6;18;19;56;4258401N;07045754W;8.2
27;12;6;18;20;11;4258462N;07045754W;0.5
27;12;6;18;20;27;4258453N;07045734W;0.2
27;12;6;18;20;42;4258458N;07045791W;0.6
27;12;6;18;20;57;4258889N;07045717W;0.2
27;12;6;18;21;12;4258861N;07045743W;0.2
27;12;6;18;21;27;4259363N;07037233W;27.
27;12;6;18;21;42;4259390N;07036959W;0.4
27;12;6;18;21;58;4259364N;07036972W;0.2
27;12;6;18;22;13;4259360N;07036968W;0.3
27;12;6;18;22;28;4259355N;07036964W;0.9
27;12;6;18;22;44;4259358N;07036973W;0.5
27;12;6;18;22;59;4259357N;07036969W;0.5
27;12;6;18;23;14;4259353N;07036965W;0.4
27;12;6;18;23;29;4259356N;07036992W;0.3
27;12;6;18;23;44;4259364N;07036968W;0.0
27;12;6;18;23;59;4259361N;07036967W;0.6
27;13;6;18;0;15;4259360N;07036970W;0.7
27;13;6;18;0;30;4259358N;07036970W;0.1
27;13;6;18;0;45;4259363N;07036955W;0.3
27;13;6;18;1;0;4259355N;07036973W;0.5
27;13;6;18;1;15;4259354N;07036975W;0.8
27;13;6;18;1;31;4259351N;07036977W;0.5
27;13;6;18;1;46;4259361N;07036979W;0.8
27;13;6;18;2;1;4259367N;07036997W;0.5
27;13;6;18;2;16;4259359N;07036933W;0.8
27;13;6;18;2;31;4259336N;07036935W;0.4
27;13;6;18;3;32;4259356N;07036966W;0.3
27;13;6;18;4;32;4259353N;07036989W;1.0
27;13;6;18;5;32;4259363N;07037007W;0.5
27;13;6;18;6;33;4259343N;07036892W;0.6
27;13;6;18;7;33;4259379N;07037065W;0.6
27;13;6;18;8;34;4258360N;07045647W;0.4
27;13;6;18;9;34;4258325N;07045986W;0.3
27;13;6;18;10;34;4258892N;07041628W;36.
27;13;6;18;11;35;4259370N;07036969W;0.5
27;13;6;18;12;35;4259385N;07036974W;0.2
27;13;6;18;13;35;4259386N;07036986W;0.2
27;13;6;18;14;36;4258406N;07045826W;0.0
27;13;6;18;14;51;4256874N;07047300W;16.
27;13;6;18;15;6;4256617N;07047182W;0.5
27;13;6;18;15;21;4256612N;07047168W;0.8
27;13;6;18;15;36;4256639N;07047135W;0.5
27;13;6;18;15;51;4256648N;07047137W;0.1
27;13;6;18;16;7;4258479N;07045754W;0.4
27;13;6;18;16;22;4258394N;07045849W;0.7
27;13;6;18;16;37;4258406N;07045823W;0.3
27;13;6;18;16;52;4259342N;07036951W;0.1
27;13;6;18;17;7;4259377N;07036965W;1.2
27;13;6;18;17;23;4259402N;07036982W;0.1
27;13;6;18;17;38;4259393N;07036987W;0.4
27;13;6;18;17;53;4259379N;07036976W;0.4
27;13;6;18;18;8;4259384N;07036970W;0.1
27;13;6;18;18;24;4259049N;07037435W;21.
27;13;6;18;18;39;4258580N;07037862W;23.
27;13;6;18;18;54;4259397N;07036966W;0.2
27;13;6;18;19;9;4259402N;07036963W;0.2
27;13;6;18;19;25;4259417N;07036966W;0.3
27;13;6;18;19;40;4259418N;07036967W;1.0
27;13;6;18;20;38;4259152N;07038821W;25.
27;13;6;18;20;53;4258431N;07045728W;1.0
27;13;6;18;21;9;4258414N;07045715W;0.4
27;13;6;18;21;24;4258426N;07045870W;0.8
27;13;6;18;21;39;4258451N;07045708W;0.6
27;13;6;18;21;58;4258495N;07045814W;21.
27;13;6;18;22;58;4259459N;07038083W;26.
27;13;6;18;23;59;4259360N;07036949W;0.1
27;14;6;18;0;59;4259340N;07036981W;0.5
27;14;6;18;1;59;4259304N;07036909W;0.2
27;14;6;18;3;0;4259361N;07036971W;0.3
27;14;6;18;4;1;4259378N;07036987W;0.2
27;14;6;18;5;1;4259350N;07036986W;1.2
27;14;6;18;6;2;4259330N;07036912W;0.1
27;14;6;18;7;2;4259282N;07036916W;0.1
27;14;6;18;8;3;4259364N;07036954W;0.5
27;14;6;18;9;3;4259253N;07037779W;18.
27;14;6;18;10;4;4258349N;07045834W;0.4
27;14;6;18;11;4;4259347N;07036957W;0.1
