28;9;6;18;18;18;4259420N;07037078W;0.0
28;9;6;18;18;34;4259314N;07036885W;0.1
28;9;6;18;18;49;4259278N;07036824W;1.8
28;9;6;18;19;4;4258425N;07040084W;17.
28;9;6;18;19;19;4256807N;07042219W;16.
28;9;6;18;19;34;4254867N;07043162W;29.
28;9;6;18;19;49;4255631N;07041355W;1.2
28;9;6;18;20;5;4255852N;07041488W;0.8
28;9;6;18;20;20;4255735N;07041437W;0.5
28;9;6;18;20;35;4255623N;07041383W;0.4
28;9;6;18;20;50;4255511N;07041343W;0.7
28;9;6;18;21;5;4255385N;07041334W;0.7
28;9;6;18;21;20;4253865N;07042323W;0.4
28;9;6;18;21;35;4252433N;07041363W;1.0
28;9;6;18;21;50;4251003N;07042783W;8.6
28;9;6;18;22;5;4250080N;07044104W;0.8
28;9;6;18;22;20;4248854N;07038491W;0.6
28;9;6;18;22;35;4248081N;07037461W;1.0
28;9;6;18;22;50;4246341N;07038001W;28.
28;9;6;18;23;5;4246525N;07030947W;25.
28;9;6;18;23;20;4243410N;07028108W;1.3
28;9;6;18;23;35;4243358N;07027915W;1.0
28;9;6;18;23;50;4243422N;07027852W;0.3
28;10;6;18;0;6;4243530N;07027834W;0.8
28;10;6;18;0;21;4249803N;07029550W;34.
28;10;6;18;0;36;4256159N;07032796W;25.
28;10;6;18;0;51;4259319N;07036948W;0.4
28;10;6;18;1;6;4259343N;07036905W;0.6
28;10;6;18;1;22;4259341N;07036897W;0.9
28;10;6;18;1;22;4259341N;07036897W;0.9
28;10;6;18;1;22;4259341N;07036897W;0.9
28;10;6;18;1;22;4259341N;07036897W;0.9
28;10;6;18;1;22;4259341N;07036897W;0.9
28;10;6;18;1;37;4259398N;07036864W;0.3
28;10;6;18;1;52;4259264N;07036928W;0.2
28;10;6;18;2;7;4259291N;07036909W;0.8
28;10;6;18;2;23;4259184N;07036828W;0.1
28;10;6;18;2;38;4259244N;07036860W;1.0
28;10;6;18;2;38;4259244N;07036860W;1.0
28;10;6;18;2;54;4259246N;07036861W;3.0
28;10;6;18;3;9;4259255N;07036864W;0.4
28;10;6;18;3;24;4259266N;07036873W;0.2
28;10;6;18;3;24;4259266N;07036873W;0.2
28;10;6;18;3;39;4259303N;07036899W;0.5
28;10;6;18;3;39;4259303N;07036899W;0.5
28;10;6;18;3;54;4259259N;07036785W;0.3
28;10;6;18;4;9;4259299N;07036866W;0.0
28;10;6;18;4;24;4259337N;07036923W;0.5
28;10;6;18;4;39;4259303N;07036922W;1.4
28;10;6;18;4;55;4259298N;07036902W;0.2
28;10;6;18;5;10;4259304N;07036942W;0.1
28;10;6;18;5;25;4259311N;07036949W;0.4
28;10;6;18;5;40;4259318N;07036962W;0.2
28;10;6;18;5;55;4259331N;07036988W;0.4
28;10;6;18;6;10;4259293N;07036951W;0.4
28;10;6;18;6;26;4259311N;07036974W;0.2
28;10;6;18;6;26;4259311N;07036974W;0.2
28;10;6;18;6;41;4259306N;07036968W;0.3
28;10;6;18;6;56;4259307N;07036963W;0.1
28;10;6;18;6;56;4259307N;07036963W;0.1
28;10;6;18;7;11;4259302N;07036941W;0.1
28;10;6;18;7;27;4259309N;07036925W;0.5
28;10;6;18;7;27;4259309N;07036925W;0.5
28;10;6;18;7;27;4259309N;07036925W;0.5
28;10;6;18;7;27;4259309N;07036925W;0.5
28;10;6;18;7;27;4259309N;07036925W;0.5
28;10;6;18;7;27;4259309N;07036925W;0.5
28;10;6;18;7;42;4259348N;07036873W;0.3
28;10;6;18;7;57;4259329N;07036877W;0.4
28;10;6;18;7;57;4259329N;07036877W;0.4
28;10;6;18;7;57;4259329N;07036877W;0.4
28;10;6;18;7;57;4259329N;07036877W;0.4
28;10;6;18;7;57;4259329N;07036877W;0.4
28;10;6;18;7;57;4259329N;07036877W;0.4
28;10;6;18;8;12;4259314N;07036914W;0.1
28;10;6;18;8;28;4259325N;07036914W;0.1
28;10;6;18;8;43;4259331N;07036914W;1.4
28;10;6;18;8;43;4259331N;07036914W;1.4
28;10;6;18;8;59;4259332N;07036923W;0.2
28;10;6;18;9;14;4259321N;07036919W;0.6
28;10;6;18;9;29;4259323N;07036919W;0.5
28;10;6;18;9;29;4259323N;07036919W;0.5
28;10;6;18;9;29;4259323N;07036919W;0.5
28;10;6;18;9;29;4259323N;07036919W;0.5
28;10;6;18;9;44;4259320N;07036922W;0.2
28;10;6;18;10;0;4259322N;07036912W;0.0
28;10;6;18;10;15;4259342N;07036909W;2.4
28;10;6;18;10;30;4259325N;07036912W;0.2
28;10;6;18;10;45;4259329N;07036908W;3.9
28;10;6;18;11;0;4259326N;07036906W;0.4
28;10;6;18;11;16;4259322N;07036910W;0.1
28;10;6;18;11;32;4259323N;07036911W;1.4
28;10;6;18;11;47;4259321N;07036910W;0.1
28;10;6;18;12;2;4259303N;07036900W;0.4
28;10;6;18;12;18;4259309N;07036903W;0.3
28;10;6;18;12;33;4259307N;07036904W;0.6
28;10;6;18;12;48;4259286N;07036903W;0.6
28;10;6;18;12;48;4259286N;07036903W;0.6
28;10;6;18;12;48;4259286N;07036903W;0.6
28;10;6;18;12;48;4259286N;07036903W;0.6
28;10;6;18;12;48;4259286N;07036903W;0.6
28;10;6;18;12;48;4259286N;07036903W;0.6
28;10;6;18;13;4;4259294N;07036918W;0.7
28;10;6;18;13;19;4259309N;07036900W;0.1
28;10;6;18;13;19;4259309N;07036900W;0.1
28;10;6;18;13;34;4259367N;07036850W;0.0
28;10;6;18;13;49;4259360N;07036874W;0.2
28;10;6;18;14;5;4259347N;07036898W;0.3
28;10;6;18;14;20;4259321N;07036903W;0.2
28;10;6;18;14;35;4259341N;07036917W;0.2
28;10;6;18;14;51;4259320N;07036888W;0.2
28;10;6;18;15;6;4259332N;07036916W;0.5
28;10;6;18;15;22;4259312N;07036911W;0.9
28;10;6;18;15;22;4259312N;07036911W;0.9
28;10;6;18;15;37;4259300N;07036903W;0.6
28;10;6;18;15;52;4259326N;07036914W;0.5
28;10;6;18;15;52;4259326N;07036914W;0.5
28;10;6;18;16;8;4259297N;07036896W;0.3
28;10;6;18;16;8;4259297N;07036896W;0.3
28;10;6;18;16;23;4259302N;07036874W;0.6
28;10;6;18;16;23;4259302N;07036874W;0.6
28;10;6;18;16;38;4259305N;07036870W;1.4
28;10;6;18;16;38;4259305N;07036870W;1.4
28;10;6;18;16;38;4259305N;07036870W;1.4
28;10;6;18;16;53;4259302N;07036860W;0.3
28;10;6;18;16;53;4259302N;07036860W;0.3
28;10;6;18;16;53;4259302N;07036860W;0.3
28;10;6;18;16;53;4259302N;07036860W;0.3
28;10;6;18;16;53;4259302N;07036860W;0.3
28;10;6;18;16;53;4259302N;07036860W;0.3
28;10;6;18;16;53;4259302N;07036860W;0.3
28;10;6;18;17;9;4259300N;07036862W;1.3
28;10;6;18;17;25;4259307N;07036871W;0.3
28;10;6;18;17;40;4259312N;07036968W;0.1
28;10;6;18;17;40;4259312N;07036968W;0.1
28;10;6;18;17;40;4259312N;07036968W;0.1
28;10;6;18;17;40;4259312N;07036968W;0.1
28;10;6;18;17;40;4259312N;07036968W;0.1
28;10;6;18;17;40;4259312N;07036968W;0.1
28;10;6;18;17;40;4259312N;07036968W;0.1
28;10;6;18;17;40;4259312N;07036968W;0.1
28;10;6;18;17;40;4259312N;07036968W;0.1
28;10;6;18;17;40;4259312N;07036968W;0.1
28;10;6;18;17;55;4259331N;07036907W;0.2
28;10;6;18;17;55;4259331N;07036907W;0.2
28;10;6;18;18;11;4259299N;07036866W;0.0
28;10;6;18;18;26;4259319N;07036911W;0.2
28;10;6;18;18;41;4259235N;07036928W;0.0
28;10;6;18;18;56;4259318N;07036907W;0.5
28;10;6;18;19;11;4259358N;07036859W;0.6
28;10;6;18;19;27;4259166N;07036828W;0.3
28;10;6;18;19;42;4259260N;07036896W;0.2
28;10;6;18;19;57;4259336N;07036859W;0.4
28;10;6;18;20;12;4259272N;07036855W;1.0
28;10;6;18;20;27;4259278N;07036856W;0.6
28;10;6;18;20;42;4257241N;07040746W;27.
28;10;6;18;20;58;4257015N;07042069W;0.4
28;10;6;18;21;13;4256016N;07041461W;0.7
28;10;6;18;21;28;4258579N;07037496W;36.
28;10;6;18;21;43;4259270N;07036922W;0.4
28;10;6;18;21;58;4259283N;07036887W;0.2
28;10;6;18;22;13;4259035N;07036742W;25.
28;10;6;18;22;29;4259277N;07036895W;0.7
28;10;6;18;22;44;4259302N;07036916W;0.0
28;10;6;18;22;59;4259303N;07036913W;0.4
28;10;6;18;23;14;4259307N;07036911W;0.3
28;10;6;18;23;29;4259322N;07036910W;0.6
28;10;6;18;23;44;4259320N;07036905W;0.3
28;11;6;18;0;0;4259313N;07036912W;0.7
28;11;6;18;0;15;4259338N;07036922W;0.1
28;11;6;18;0;30;4259341N;07036925W;0.3
28;11;6;18;0;45;4259346N;07036933W;0.3
28;11;6;18;1;0;4259332N;07036935W;0.4
28;11;6;18;1;16;4259373N;07036933W;0.7
28;11;6;18;1;32;4259321N;07036914W;0.1
28;11;6;18;1;47;4259283N;07036926W;1.0
28;11;6;18;1;47;4259283N;07036926W;1.0
28;11;6;18;1;47;4259283N;07036926W;1.0
28;11;6;18;2;2;4259322N;07036912W;0.4
28;11;6;18;2;17;4259321N;07036910W;0.1
28;11;6;18;2;32;4259320N;07036911W;0.5
28;11;6;18;2;48;4259315N;07036905W;0.4
28;11;6;18;3;3;4259263N;07036864W;0.2
28;11;6;18;3;18;4259284N;07036887W;0.0
28;11;6;18;3;33;4259283N;07036882W;0.5
28;11;6;18;3;48;4259291N;07036883W;0.2
28;11;6;18;4;3;4259300N;07036893W;0.6
28;11;6;18;4;18;4259313N;07036902W;0.7
28;11;6;18;4;33;4259304N;07036917W;0.2
28;11;6;18;4;49;4259312N;07036913W;0.2
28;11;6;18;5;4;4259316N;07036949W;0.4
28;11;6;18;5;19;4259318N;07036961W;0.2
28;11;6;18;5;19;4259318N;07036961W;0.2
28;11;6;18;5;34;4259351N;07036985W;0.6
28;11;6;18;5;49;4259343N;07037004W;0.0
28;11;6;18;6;5;4259320N;07036915W;0.2
28;11;6;18;6;20;4259323N;07036917W;0.3
28;11;6;18;6;35;4259320N;07036920W;0.2
28;11;6;18;6;50;4259321N;07036919W;0.4
28;11;6;18;7;5;4259322N;07036909W;0.1
28;11;6;18;7;20;4259325N;07036916W;0.4
28;11;6;18;7;35;4259325N;07036918W;0.5
28;11;6;18;7;50;4259324N;07036918W;0.9
28;11;6;18;8;5;4259324N;07036914W;0.1
28;11;6;18;8;5;4259324N;07036914W;0.1
28;11;6;18;8;21;4259285N;07036889W;0.1
28;11;6;18;8;36;4259290N;07036892W;0.4
28;11;6;18;8;51;4259288N;07036888W;0.1
28;11;6;18;9;6;4256040N;07042493W;21.
28;11;6;18;9;21;4253234N;07043092W;0.6
28;11;6;18;9;36;4252957N;07043689W;0.6
28;11;6;18;9;51;4253947N;07041320W;20.
28;11;6;18;10;6;4257950N;07037301W;40.
28;11;6;18;10;21;4259263N;07036887W;0.4
28;11;6;18;10;37;4259326N;07036918W;0.4
28;11;6;18;10;52;4259317N;07036898W;0.1
28;11;6;18;10;52;4259317N;07036898W;0.1
28;11;6;18;10;52;4259317N;07036898W;0.1
28;11;6;18;10;52;4259317N;07036898W;0.1
28;11;6;18;10;52;4259317N;07036898W;0.1
28;11;6;18;11;7;4259320N;07036912W;0.5
28;11;6;18;11;22;4259322N;07036908W;0.3
28;11;6;18;11;22;4259322N;07036908W;0.3
28;11;6;18;11;38;4259321N;07036911W;0.4
28;11;6;18;11;53;4259320N;07036907W;0.2
28;11;6;18;11;53;4259320N;07036907W;0.2
28;11;6;18;12;8;4259317N;07036906W;0.6
28;11;6;18;12;24;4259248N;07036892W;0.4
28;11;6;18;12;40;4259299N;07036906W;1.8
28;11;6;18;12;55;4259304N;07036907W;0.9
28;11;6;18;13;10;4259294N;07036907W;0.5
28;11;6;18;13;26;4259280N;07036861W;0.6
28;11;6;18;13;41;4259303N;07036896W;0.6
28;11;6;18;13;57;4259306N;07036897W;0.3
28;11;6;18;14;12;4259321N;07036911W;0.1
28;11;6;18;14;27;4259320N;07036907W;0.5
28;11;6;18;14;42;4259321N;07036907W;1.0
28;11;6;18;14;57;4259326N;07036909W;0.4
28;11;6;18;15;12;4259329N;07036915W;0.6
28;11;6;18;15;27;4259328N;07036924W;0.4
28;11;6;18;15;43;4259326N;07036920W;0.5
28;11;6;18;15;58;4259319N;07036904W;0.2
28;11;6;18;15;58;4259319N;07036904W;0.2
28;11;6;18;15;58;4259319N;07036904W;0.2
28;11;6;18;16;13;4259325N;07036915W;0.3
28;11;6;18;16;13;4259325N;07036915W;0.3
28;11;6;18;16;13;4259325N;07036915W;0.3
28;11;6;18;16;13;4259325N;07036915W;0.3
28;11;6;18;16;13;4259325N;07036915W;0.3
28;11;6;18;16;13;4259325N;07036915W;0.3
28;11;6;18;16;13;4259325N;07036915W;0.3
28;11;6;18;16;28;4259321N;07036930W;0.7
28;11;6;18;16;44;4259314N;07036920W;0.4
28;11;6;18;16;44;4259314N;07036920W;0.4
28;11;6;18;16;44;4259314N;07036920W;0.4
28;11;6;18;16;59;4259325N;07036924W;0.4
28;11;6;18;17;14;4259310N;07036928W;0.2
28;11;6;18;17;29;4259317N;07036912W;0.5
28;11;6;18;17;44;4259308N;07036902W;0.2
28;11;6;18;17;59;4259317N;07036900W;0.6
28;11;6;18;18;14;4259387N;07036927W;0.6
28;11;6;18;18;30;4259334N;07036921W;0.3
28;11;6;18;18;45;4259321N;07036919W;0.3
28;11;6;18;19;0;4259240N;07036878W;0.7
28;11;6;18;19;15;4259178N;07036829W;0.5
28;11;6;18;19;30;4258436N;07037620W;26.
28;11;6;18;19;45;4254874N;07042294W;1.7
28;11;6;18;20;2;4253441N;07042029W;0.2
28;11;6;18;20;17;4254286N;07041886W;12.
28;11;6;18;20;32;4253247N;07041575W;15.
28;11;6;18;20;47;4253801N;07042311W;0.4
28;11;6;18;21;2;4253354N;07041827W;12.
28;11;6;18;21;17;4253176N;07042357W;1.0
28;11;6;18;21;32;4258467N;07037723W;30.
28;11;6;18;21;48;4259283N;07036869W;0.4
28;11;6;18;22;3;4259291N;07036903W;0.2
28;11;6;18;22;18;4259289N;07036888W;0.3
28;11;6;18;22;33;4259275N;07036889W;0.7
28;11;6;18;22;48;4259315N;07036934W;0.3
28;11;6;18;23;3;4259318N;07036909W;0.2
28;11;6;18;23;18;4259316N;07036909W;1.0
28;11;6;18;23;34;4259310N;07036906W;0.2
28;11;6;18;23;49;4259308N;07036907W;0.7
28;12;6;18;0;4;4259324N;07036921W;0.0
28;12;6;18;0;20;4259323N;07036909W;0.4
28;12;6;18;0;35;4259315N;07036906W;0.3
28;12;6;18;0;50;4259333N;07036900W;0.1
28;12;6;18;1;5;4259326N;07036915W;1.1
28;12;6;18;1;20;4259330N;07036915W;0.8
28;12;6;18;1;20;4259330N;07036915W;0.8
28;12;6;18;1;35;4259323N;07036919W;0.0
28;12;6;18;1;50;4259324N;07036923W;0.2
28;12;6;18;2;6;4259324N;07036924W;0.1
28;12;6;18;2;21;4259320N;07036920W;0.7
28;12;6;18;2;36;4259324N;07036921W;1.0
28;12;6;18;2;51;4259322N;07036917W;2.6
28;12;6;18;3;6;4259321N;07036913W;0.3
28;12;6;18;3;6;4259321N;07036913W;0.3
28;12;6;18;3;22;4259321N;07036911W;0.1
28;12;6;18;3;37;4259280N;07037059W;12.
28;12;6;18;3;52;4259318N;07036910W;0.1
28;12;6;18;4;7;4259322N;07036908W;0.2
28;12;6;18;4;22;4259348N;07036933W;3.5
28;12;6;18;4;38;4259337N;07036938W;1.4
28;12;6;18;4;38;4259337N;07036938W;1.4
28;12;6;18;4;38;4259337N;07036938W;1.4
28;12;6;18;4;53;4259316N;07036907W;0.7
28;12;6;18;4;53;4259316N;07036907W;0.7
28;12;6;18;4;53;4259316N;07036907W;0.7
28;12;6;18;5;8;4259299N;07036884W;0.6
28;12;6;18;5;23;4259326N;07036920W;0.4
28;12;6;18;5;39;4259287N;07036869W;0.8
28;12;6;18;5;54;4259315N;07036908W;0.3
28;12;6;18;6;9;4259315N;07036908W;0.1
28;12;6;18;6;24;4259319N;07036914W;0.0
28;12;6;18;6;39;4259326N;07036920W;0.4
28;12;6;18;6;55;4259326N;07036913W;0.3
28;12;6;18;7;10;4259322N;07036913W;0.0
28;12;6;18;7;25;4259325N;07036913W;0.9
28;12;6;18;7;40;4259327N;07036907W;1.4
28;12;6;18;7;55;4259314N;07036903W;0.5
28;12;6;18;8;10;4259316N;07036917W;0.5
28;12;6;18;8;26;4259316N;07036917W;0.7
28;12;6;18;8;26;4259316N;07036917W;0.7
28;12;6;18;8;41;4256588N;07039531W;17.
28;12;6;18;8;56;4254431N;07043217W;19.
28;12;6;18;9;11;4252231N;07043768W;17.
28;12;6;18;9;11;4252231N;07043768W;17.
28;12;6;18;9;26;4250378N;07043172W;16.
28;12;6;18;9;41;4250584N;07043533W;1.6
28;12;6;18;9;56;4251816N;07041527W;31.
28;12;6;18;9;56;4251816N;07041527W;31.
28;12;6;18;10;11;4259066N;07036857W;31.
28;12;6;18;10;11;4259066N;07036857W;31.
28;12;6;18;10;11;4259066N;07036857W;31.
28;12;6;18;10;26;4259321N;07036911W;0.3
28;12;6;18;10;42;4259318N;07036911W;0.3
28;12;6;18;10;42;4259318N;07036911W;0.3
28;12;6;18;10;42;4259318N;07036911W;0.3
28;12;6;18;10;57;4259324N;07036910W;0.4
28;12;6;18;11;13;4259315N;07036900W;0.5
28;12;6;18;11;28;4259322N;07036905W;0.7
28;12;6;18;11;43;4259324N;07036904W;0.2
28;12;6;18;11;58;4259341N;07036933W;0.4
28;12;6;18;12;14;4259313N;07036946W;0.8
28;12;6;18;12;29;4259343N;07036912W;0.5
28;12;6;18;12;45;4259320N;07036914W;0.1
28;12;6;18;13;0;4259315N;07036909W;0.3
28;12;6;18;13;15;4259322N;07036919W;1.1
28;12;6;18;13;31;4259324N;07036915W;0.1
28;12;6;18;13;46;4259327N;07036920W;0.8
28;12;6;18;13;46;4259327N;07036920W;0.8
28;12;6;18;14;1;4259328N;07036920W;0.5
28;12;6;18;14;1;4259328N;07036920W;0.5
28;12;6;18;14;16;4259325N;07036915W;1.1
28;12;6;18;14;16;4259325N;07036915W;1.1
28;12;6;18;14;31;4259345N;07036944W;2.7
28;12;6;18;14;47;4259312N;07036905W;3.5
28;12;6;18;14;47;4259312N;07036905W;3.5
28;12;6;18;14;47;4259312N;07036905W;3.5
28;12;6;18;15;2;4259290N;07036835W;7.1
28;12;6;18;15;17;4259314N;07036899W;0.6
28;12;6;18;15;32;4259332N;07036922W;7.3
28;12;6;18;15;48;4259319N;07036911W;0.1
28;12;6;18;16;3;4259320N;07036910W;3.8
28;12;6;18;16;18;4259289N;07036872W;0.4
28;12;6;18;16;33;4259314N;07036909W;1.1
28;12;6;18;16;49;4259079N;07036713W;0.7
28;12;6;18;17;4;4257559N;07037851W;26.
28;12;6;18;17;19;4254689N;07040650W;19.
28;12;6;18;17;34;4252341N;07042018W;10.
28;12;6;18;17;49;4251988N;07041586W;1.1
28;12;6;18;17;49;4251988N;07041586W;1.1
28;12;6;18;17;49;4251988N;07041586W;1.1
28;12;6;18;17;49;4251988N;07041586W;1.1
28;12;6;18;18;4;4252202N;07039489W;0.2
28;12;6;18;18;4;4252202N;07039489W;0.2
28;12;6;18;18;4;4252202N;07039489W;0.2
28;12;6;18;18;19;4251882N;07040608W;0.1
28;12;6;18;18;34;4252062N;07041590W;10.
28;12;6;18;18;50;4250834N;07041290W;31.
28;12;6;18;18;50;4250834N;07041290W;31.
28;12;6;18;18;50;4250834N;07041290W;31.
28;12;6;18;18;50;4250834N;07041290W;31.
28;12;6;18;19;5;4250113N;07040618W;15.
28;12;6;18;19;21;4250059N;07041462W;1.0
28;12;6;18;19;21;4250059N;07041462W;1.0
28;12;6;18;19;37;4249085N;07042427W;15.
28;12;6;18;19;52;4248817N;07043668W;0.9
28;12;6;18;19;52;4248817N;07043668W;0.9
28;12;6;18;19;52;4248817N;07043668W;0.9
28;12;6;18;19;52;4248817N;07043668W;0.9
28;12;6;18;19;52;4248817N;07043668W;0.9
28;12;6;18;20;7;4250626N;07043111W;37.
28;12;6;18;20;22;4249829N;07042091W;15.
28;12;6;18;20;37;4249320N;07044788W;0.3
28;12;6;18;20;37;4249320N;07044788W;0.3
28;12;6;18;20;37;4249320N;07044788W;0.3
28;12;6;18;20;52;4248255N;07042773W;37.
28;12;6;18;21;8;4251447N;07042269W;19.
28;12;6;18;21;23;4252151N;07042635W;7.4
28;12;6;18;21;38;4252293N;07042586W;0.8
28;12;6;18;21;53;4254093N;07044330W;0.5
28;12;6;18;22;8;4256283N;07040739W;49.
28;12;6;18;22;24;4259307N;07036918W;0.3
28;12;6;18;22;39;4259307N;07036918W;1.2
28;12;6;18;22;54;4259315N;07036918W;0.0
28;12;6;18;23;10;4259319N;07036913W;1.6
28;12;6;18;23;10;4259319N;07036913W;1.6
28;12;6;18;23;26;4259323N;07036912W;0.7
28;12;6;18;23;26;4259323N;07036912W;0.7
28;12;6;18;23;26;4259323N;07036912W;0.7
28;12;6;18;23;42;4259326N;07036915W;0.3
28;12;6;18;23;42;4259326N;07036915W;0.3
28;12;6;18;23;42;4259326N;07036915W;0.3
28;12;6;18;23;58;4259320N;07036914W;1.8
28;13;6;18;0;13;4259313N;07036909W;2.7
28;13;6;18;0;28;4259314N;07036909W;0.1
28;13;6;18;0;43;4259318N;07036909W;0.2
28;13;6;18;0;59;4259318N;07036911W;0.2
28;13;6;18;1;15;4259323N;07036908W;0.3
28;13;6;18;1;15;4259323N;07036908W;0.3
28;13;6;18;1;15;4259323N;07036908W;0.3
28;13;6;18;1;30;4259326N;07036904W;0.6
28;13;6;18;1;45;4259317N;07036908W;1.2
28;13;6;18;2;0;4259322N;07036910W;0.4
28;13;6;18;2;15;4259319N;07036910W;0.3
28;13;6;18;2;15;4259319N;07036910W;0.3
28;13;6;18;2;31;4259319N;07036911W;0.9
28;13;6;18;2;46;4259317N;07036910W;0.5
28;13;6;18;3;2;4259323N;07036911W;0.2
28;13;6;18;3;2;4259323N;07036911W;0.2
28;13;6;18;3;17;4259321N;07036915W;0.4
28;13;6;18;3;32;4259316N;07036908W;0.0
28;13;6;18;3;48;4259315N;07036908W;0.4
28;13;6;18;4;4;4259321N;07036912W;0.1
28;13;6;18;4;19;4259319N;07036918W;1.5
28;13;6;18;4;34;4259341N;07036920W;0.4
28;13;6;18;4;49;4259319N;07036913W;2.1
28;13;6;18;5;4;4259323N;07036918W;0.2
28;13;6;18;5;19;4259320N;07036912W;0.1
28;13;6;18;5;34;4259321N;07036916W;0.5
28;13;6;18;5;49;4259324N;07036917W;0.4
28;13;6;18;5;49;4259324N;07036917W;0.4
28;13;6;18;5;49;4259324N;07036917W;0.4
28;13;6;18;5;49;4259324N;07036917W;0.4
28;13;6;18;5;49;4259324N;07036917W;0.4
28;13;6;18;6;4;4259321N;07036916W;0.3
28;13;6;18;6;19;4259322N;07036913W;0.0
28;13;6;18;6;36;4259324N;07036911W;0.6
28;13;6;18;6;52;4259321N;07036902W;0.2
28;13;6;18;7;7;4259321N;07036898W;0.6
28;13;6;18;7;23;4259322N;07036911W;0.0
28;13;6;18;7;38;4259322N;07036909W;0.6
28;13;6;18;7;38;4259322N;07036909W;0.6
28;13;6;18;7;38;4259322N;07036909W;0.6
28;13;6;18;7;38;4259322N;07036909W;0.6
28;13;6;18;7;38;4259322N;07036909W;0.6
28;13;6;18;7;53;4259322N;07036916W;1.1
28;13;6;18;8;8;4259323N;07036925W;0.3
28;13;6;18;8;24;4259326N;07036914W;0.5
28;13;6;18;8;40;4259292N;07036896W;0.5
28;13;6;18;8;55;4259285N;07036890W;0.2
28;13;6;18;9;10;4259302N;07036884W;0.5
28;13;6;18;9;25;4259300N;07036882W;0.2
28;13;6;18;9;40;4256737N;07039564W;18.
28;13;6;18;9;55;4255597N;07042952W;11.
28;13;6;18;10;11;4253585N;07042010W;17.
28;13;6;18;10;11;4253585N;07042010W;17.
28;13;6;18;10;26;4253098N;07043702W;21.
28;13;6;18;10;41;4249806N;07042270W;19.
28;13;6;18;10;56;4248451N;07042992W;11.
28;13;6;18;10;56;4248451N;07042992W;11.
28;13;6;18;11;12;4248179N;07041834W;0.7
28;13;6;18;11;27;4247719N;07041147W;18.
28;13;6;18;11;42;4248146N;07039456W;1.0
28;13;6;18;11;57;4246967N;07038040W;30.
28;13;6;18;12;12;4246738N;07037708W;1.8
28;13;6;18;12;28;4247192N;07037513W;0.1
28;13;6;18;12;43;4246836N;07037776W;15.
28;13;6;18;12;43;4246836N;07037776W;15.
28;13;6;18;12;58;4246756N;07038707W;1.2
28;13;6;18;13;13;4246622N;07038570W;0.6
28;13;6;18;13;13;4246622N;07038570W;0.6
28;13;6;18;13;28;4247232N;07038735W;1.9
28;13;6;18;13;43;4247755N;07039065W;0.6
28;13;6;18;13;58;4248280N;07039326W;1.1
28;13;6;18;14;13;4248883N;07039481W;0.8
28;13;6;18;14;29;4248989N;07039458W;2.8
28;13;6;18;14;29;4248989N;07039458W;2.8
28;13;6;18;14;29;4248989N;07039458W;2.8
28;13;6;18;14;44;4249133N;07039340W;1.2
28;13;6;18;14;59;4249201N;07039082W;0.8
28;13;6;18;15;14;4249771N;07038586W;0.5
28;13;6;18;15;14;4249771N;07038586W;0.5
28;13;6;18;15;14;4249771N;07038586W;0.5
28;13;6;18;15;29;4248816N;07040793W;22.
28;13;6;18;15;44;4250632N;07041722W;0.6
28;13;6;18;15;59;4250715N;07041602W;0.4
28;13;6;18;16;15;4250734N;07041444W;0.9
28;13;6;18;16;30;4249843N;07039277W;0.6
28;13;6;18;16;45;4249501N;07039166W;0.5
28;13;6;18;16;45;4249501N;07039166W;0.5
28;13;6;18;16;45;4249501N;07039166W;0.5
28;13;6;18;16;45;4249501N;07039166W;0.5
28;13;6;18;17;1;4249518N;07039057W;0.5
28;13;6;18;17;16;4251181N;07039674W;34.
28;13;6;18;17;31;4257804N;07037294W;42.
28;13;6;18;17;46;4259320N;07036919W;1.5
28;13;6;18;18;1;4259316N;07036912W;0.4
28;13;6;18;18;16;4259340N;07036940W;0.2
28;13;6;18;18;31;4259327N;07036914W;0.1
28;13;6;18;18;47;4259325N;07036907W;0.3
28;13;6;18;19;2;4259312N;07036893W;0.3
28;13;6;18;19;2;4259312N;07036893W;0.3
28;13;6;18;19;2;4259312N;07036893W;0.3
28;13;6;18;19;2;4259312N;07036893W;0.3
28;13;6;18;19;17;4259329N;07036927W;0.2
28;13;6;18;19;33;4259325N;07036926W;1.1
28;13;6;18;19;49;4259331N;07036900W;0.4
28;13;6;18;20;4;4259324N;07036884W;0.7
28;13;6;18;20;20;4259324N;07036911W;0.0
28;13;6;18;20;20;4259324N;07036911W;0.0
28;13;6;18;20;20;4259324N;07036911W;0.0
28;13;6;18;20;35;4259326N;07036911W;0.2
28;13;6;18;20;50;4259326N;07036911W;0.5
28;13;6;18;21;6;4259326N;07036909W;0.7
28;13;6;18;21;21;4259316N;07036909W;0.4
28;13;6;18;21;36;4259325N;07036909W;0.2
28;13;6;18;21;51;4259319N;07036914W;0.7
28;13;6;18;22;6;4259299N;07036924W;0.5
28;13;6;18;22;6;4259299N;07036924W;0.5
28;13;6;18;22;22;4259320N;07036914W;1.0
28;13;6;18;22;37;4259321N;07036927W;0.8
28;13;6;18;22;52;4259316N;07036915W;0.5
28;13;6;18;22;52;4259316N;07036915W;0.5
28;13;6;18;23;8;4259318N;07036921W;0.9
28;13;6;18;23;23;4259318N;07036910W;0.2
28;13;6;18;23;38;4259317N;07036912W;2.6
28;13;6;18;23;54;4259319N;07036909W;3.4
28;14;6;18;0;9;4259325N;07036918W;0.4
28;14;6;18;0;9;4259325N;07036918W;0.4
28;14;6;18;0;24;4259327N;07036915W;0.3
28;14;6;18;0;39;4259283N;07036885W;0.0
28;14;6;18;0;39;4259283N;07036885W;0.0
28;14;6;18;0;55;4259288N;07036887W;0.3
28;14;6;18;1;10;4259317N;07036915W;0.3
28;14;6;18;1;25;4259331N;07036918W;0.6
28;14;6;18;1;40;4259326N;07036929W;0.3
28;14;6;18;1;55;4259326N;07036921W;0.3
28;14;6;18;2;10;4259326N;07036920W;1.2
28;14;6;18;2;10;4259326N;07036920W;1.2
28;14;6;18;2;26;4259318N;07036917W;1.0
28;14;6;18;2;41;4259316N;07036915W;0.3
28;14;6;18;2;41;4259316N;07036915W;0.3
28;14;6;18;2;41;4259316N;07036915W;0.3
28;14;6;18;2;56;4259327N;07036919W;0.5
28;14;6;18;3;12;4259328N;07036922W;0.4
28;14;6;18;3;27;4259319N;07036911W;0.1
28;14;6;18;3;42;4259318N;07036914W;0.6
28;14;6;18;3;58;4259326N;07036920W;0.2
28;14;6;18;3;58;4259326N;07036920W;0.2
28;14;6;18;3;58;4259326N;07036920W;0.2
28;14;6;18;3;58;4259326N;07036920W;0.2
28;14;6;18;4;13;4259327N;07036923W;0.4
28;14;6;18;4;29;4259325N;07036918W;0.0
28;14;6;18;4;44;4259322N;07036914W;0.4
28;14;6;18;4;44;4259322N;07036914W;0.4
28;14;6;18;5;1;4259321N;07036904W;1.0
28;14;6;18;5;16;4259322N;07036912W;0.8
28;14;6;18;5;31;4259324N;07036916W;0.3
28;14;6;18;5;46;4259313N;07036905W;1.0
28;14;6;18;6;2;4259307N;07036897W;2.0
28;14;6;18;6;17;4259329N;07036919W;0.7
28;14;6;18;6;32;4259319N;07036904W;0.5
28;14;6;18;6;48;4259317N;07036912W;0.1
28;14;6;18;7;3;4259322N;07036922W;0.0
28;14;6;18;7;18;4259321N;07036918W;0.1
28;14;6;18;7;33;4259322N;07036918W;0.5
28;14;6;18;7;48;4259325N;07036918W;0.3
28;14;6;18;8;3;4259318N;07036903W;1.7
28;14;6;18;8;18;4259322N;07036920W;0.6
28;14;6;18;8;34;4259316N;07036914W;0.2
28;14;6;18;8;49;4258236N;07040038W;19.
28;14;6;18;9;4;4254789N;07043892W;18.
28;14;6;18;9;4;4254789N;07043892W;18.
28;14;6;18;9;4;4254789N;07043892W;18.
28;14;6;18;9;4;4254789N;07043892W;18.
28;14;6;18;9;19;4251669N;07045019W;22.
28;14;6;18;9;34;4249330N;07044295W;0.7
28;14;6;18;9;49;4245850N;07040718W;36.
28;14;6;18;9;49;4245850N;07040718W;36.
28;14;6;18;9;49;4245850N;07040718W;36.
28;14;6;18;10;4;4246748N;07035708W;3.2
28;14;6;18;10;19;4247159N;07035983W;1.0
28;14;6;18;10;34;4247124N;07036286W;19.
28;14;6;18;10;49;4246252N;07037527W;1.2
28;14;6;18;11;4;4246655N;07037354W;0.0
28;14;6;18;11;19;4247082N;07037421W;0.9
28;14;6;18;11;35;4247899N;07037605W;0.3
28;14;6;18;11;35;4247899N;07037605W;0.3
28;14;6;18;11;35;4247899N;07037605W;0.3
28;14;6;18;11;35;4247899N;07037605W;0.3
28;14;6;18;11;35;4247899N;07037605W;0.3
28;14;6;18;11;50;4247992N;07037466W;0.8
28;14;6;18;11;50;4247992N;07037466W;0.8
28;14;6;18;12;5;4247055N;07036208W;0.7
28;14;6;18;12;21;4246654N;07035794W;0.6
28;14;6;18;12;36;4246640N;07035748W;0.8
28;14;6;18;12;51;4247626N;07035335W;21.
28;14;6;18;12;51;4247626N;07035335W;21.
28;14;6;18;12;51;4247626N;07035335W;21.
28;14;6;18;12;51;4247626N;07035335W;21.
28;14;6;18;13;6;4247673N;07035271W;1.5
28;14;6;18;13;21;4247678N;07035180W;0.1
28;14;6;18;13;37;4247682N;07035079W;0.7
28;14;6;18;13;52;4247652N;07035023W;0.7
28;14;6;18;14;7;4247597N;07034997W;6.2
28;14;6;18;14;22;4247497N;07034942W;4.2
28;14;6;18;14;37;4247397N;07034931W;0.7
28;14;6;18;14;53;4247373N;07035021W;52.
28;14;6;18;15;8;4247162N;07034835W;1.9
28;14;6;18;15;23;4248919N;07034378W;2.3
28;14;6;18;15;39;4251591N;07034260W;27.
28;14;6;18;15;39;4251591N;07034260W;27.
28;14;6;18;15;54;4257087N;07037563W;26.
28;14;6;18;16;10;4259284N;07036809W;0.6
28;14;6;18;16;25;4259321N;07036910W;0.2
28;14;6;18;16;41;4259328N;07036917W;1.6
28;14;6;18;16;56;4259319N;07036914W;0.4
28;14;6;18;17;12;4259328N;07036914W;1.1
28;14;6;18;17;27;4259323N;07036910W;0.0
28;14;6;18;17;43;4259321N;07036908W;0.2
28;14;6;18;17;58;4259323N;07036911W;0.5
28;14;6;18;18;13;4259326N;07036912W;0.1
28;14;6;18;18;28;4259328N;07036918W;0.7
28;14;6;18;18;44;4259324N;07036912W;0.1
28;14;6;18;18;59;4259324N;07036916W;0.2
28;14;6;18;19;14;4259317N;07036912W;0.0
28;14;6;18;19;14;4259317N;07036912W;0.0
28;14;6;18;19;29;4259319N;07036912W;0.4
28;14;6;18;19;45;4259325N;07036912W;0.1
28;14;6;18;20;0;4259324N;07036910W;0.1
28;14;6;18;20;15;4259325N;07036911W;0.2
28;14;6;18;20;30;4259321N;07036910W;2.4
28;14;6;18;20;45;4259321N;07036911W;0.2
28;14;6;18;21;1;4259326N;07036903W;3.0
28;14;6;18;21;1;4259326N;07036903W;3.0
28;14;6;18;21;16;4259327N;07036907W;0.7
28;14;6;18;21;31;4259314N;07036910W;2.6
28;14;6;18;21;47;4259324N;07036912W;0.3
28;14;6;18;22;2;4259313N;07036917W;0.7
28;14;6;18;22;17;4259283N;07036896W;2.7
28;14;6;18;22;33;4259291N;07036896W;0.1
28;14;6;18;22;48;4259314N;07036923W;0.2
28;14;6;18;23;3;4259319N;07036931W;1.2
28;14;6;18;23;18;4259310N;07036916W;0.2
28;14;6;18;23;34;4259320N;07036920W;0.7
28;14;6;18;23;49;4259324N;07036922W;2.1
28;15;6;18;0;4;4259321N;07036916W;0.1
28;15;6;18;0;20;4259317N;07036909W;0.2
28;15;6;18;0;36;4259321N;07036909W;0.2
28;15;6;18;0;36;4259321N;07036909W;0.2
28;15;6;18;0;51;4259352N;07036883W;0.9
28;15;6;18;1;6;4259327N;07036903W;0.1
28;15;6;18;1;22;4259317N;07036917W;0.1
28;15;6;18;1;22;4259317N;07036917W;0.1
28;15;6;18;1;37;4259328N;07036909W;0.3
28;15;6;18;1;37;4259328N;07036909W;0.3
28;15;6;18;1;52;4259322N;07036915W;0.8
28;15;6;18;1;52;4259322N;07036915W;0.8
28;15;6;18;1;52;4259322N;07036915W;0.8
28;15;6;18;1;52;4259322N;07036915W;0.8
28;15;6;18;1;52;4259322N;07036915W;0.8
28;15;6;18;1;52;4259322N;07036915W;0.8
28;15;6;18;1;52;4259322N;07036915W;0.8
28;15;6;18;2;7;4259320N;07036915W;0.3
28;15;6;18;2;23;4259321N;07036915W;0.4
28;15;6;18;2;38;4259316N;07036904W;0.1
28;15;6;18;2;54;4259308N;07036900W;0.0
28;15;6;18;3;9;4259323N;07036911W;0.3
28;15;6;18;3;25;4259322N;07036910W;0.1
28;15;6;18;3;40;4259321N;07036909W;0.2
28;15;6;18;3;55;4259317N;07036911W;0.6
28;15;6;18;4;10;4259332N;07036918W;0.7
28;15;6;18;4;10;4259332N;07036918W;0.7
28;15;6;18;4;10;4259332N;07036918W;0.7
28;15;6;18;4;10;4259332N;07036918W;0.7
28;15;6;18;4;25;4259317N;07036915W;0.4
28;15;6;18;4;41;4259325N;07036917W;0.2
28;15;6;18;4;57;4259323N;07036916W;0.2
28;15;6;18;5;12;4259326N;07036920W;0.1
28;15;6;18;5;12;4259326N;07036920W;0.1
28;15;6;18;5;12;4259326N;07036920W;0.1
28;15;6;18;5;12;4259326N;07036920W;0.1
28;15;6;18;5;12;4259326N;07036920W;0.1
28;15;6;18;5;28;4259317N;07036910W;0.0
28;15;6;18;5;44;4259324N;07036918W;0.0
28;15;6;18;5;44;4259324N;07036918W;0.0
28;15;6;18;6;0;4259313N;07036904W;0.1
28;15;6;18;6;0;4259313N;07036904W;0.1
28;15;6;18;6;0;4259313N;07036904W;0.1
28;15;6;18;6;0;4259313N;07036904W;0.1
28;15;6;18;6;15;4259324N;07036916W;0.4
28;15;6;18;6;30;4259322N;07036914W;0.7
28;15;6;18;6;30;4259322N;07036914W;0.7
28;15;6;18;6;45;4259322N;07036912W;1.0
28;15;6;18;7;0;4259322N;07036918W;0.4
28;15;6;18;7;0;4259322N;07036918W;0.4
28;15;6;18;7;15;4259321N;07036921W;0.1
28;15;6;18;7;32;4259319N;07036910W;1.0
28;15;6;18;7;47;4259315N;07036908W;0.3
28;15;6;18;8;2;4259314N;07036902W;0.2
28;15;6;18;8;2;4259314N;07036902W;0.2
28;15;6;18;8;17;4259312N;07036897W;0.0
28;15;6;18;8;33;4259326N;07036909W;0.4
28;15;6;18;8;48;4259325N;07036908W;0.1
28;15;6;18;9;3;4259325N;07036907W;0.3
28;15;6;18;9;3;4259325N;07036907W;0.3
28;15;6;18;9;19;4259328N;07036906W;0.3
28;15;6;18;9;19;4259328N;07036906W;0.3
28;15;6;18;9;19;4259328N;07036906W;0.3
28;15;6;18;9;35;4259323N;07036915W;0.0
28;15;6;18;9;35;4259323N;07036915W;0.0
28;15;6;18;9;50;4259322N;07036913W;0.2
28;15;6;18;10;6;4259322N;07036913W;0.4
28;15;6;18;10;21;4259319N;07036913W;0.2
28;15;6;18;10;36;4259291N;07036892W;0.4
28;15;6;18;10;51;4259307N;07036900W;0.1
28;15;6;18;11;6;4255525N;07037188W;3.4
28;15;6;18;11;21;4253906N;07035788W;1.1
28;15;6;18;11;36;4253533N;07035348W;26.
28;15;6;18;11;51;4253953N;07034935W;0.9
28;15;6;18;12;7;4259041N;07036674W;26.
28;15;6;18;12;22;4259291N;07036886W;0.3
28;15;6;18;12;37;4259284N;07036906W;0.6
28;15;6;18;12;52;4259296N;07036877W;0.3
28;15;6;18;13;7;4259326N;07036898W;0.2
28;15;6;18;13;7;4259326N;07036898W;0.2
28;15;6;18;13;7;4259326N;07036898W;0.2
28;15;6;18;13;7;4259326N;07036898W;0.2
28;15;6;18;13;23;4259327N;07036914W;0.5
28;15;6;18;13;23;4259327N;07036914W;0.5
28;15;6;18;13;23;4259327N;07036914W;0.5
28;15;6;18;13;23;4259327N;07036914W;0.5
28;15;6;18;13;38;4259331N;07036900W;0.3
28;15;6;18;13;53;4259334N;07036906W;0.1
28;15;6;18;14;8;4259336N;07036922W;0.8
28;15;6;18;14;23;4259336N;07036910W;0.1
28;15;6;18;14;23;4259336N;07036910W;0.1
28;15;6;18;14;23;4259336N;07036910W;0.1
28;15;6;18;14;23;4259336N;07036910W;0.1
28;15;6;18;14;23;4259336N;07036910W;0.1
28;15;6;18;14;23;4259336N;07036910W;0.1
28;15;6;18;14;23;4259336N;07036910W;0.1
28;15;6;18;14;23;4259336N;07036910W;0.1
28;15;6;18;14;23;4259336N;07036910W;0.1
28;15;6;18;14;38;4259333N;07036901W;0.2
28;15;6;18;14;53;4259324N;07036900W;0.5
28;15;6;18;14;53;4259324N;07036900W;0.5
28;15;6;18;15;8;4259326N;07036901W;0.4
28;15;6;18;15;23;4259327N;07036903W;0.1
28;15;6;18;15;39;4259302N;07036919W;0.6
28;15;6;18;15;39;4259302N;07036919W;0.6
28;15;6;18;15;39;4259302N;07036919W;0.6
28;15;6;18;15;39;4259302N;07036919W;0.6
28;15;6;18;15;39;4259302N;07036919W;0.6
28;15;6;18;15;39;4259302N;07036919W;0.6
28;15;6;18;15;54;4259309N;07036902W;0.3
28;15;6;18;16;9;4259312N;07036896W;0.4
28;15;6;18;16;24;4259319N;07036913W;0.2
28;15;6;18;16;40;4259326N;07036901W;2.2
28;15;6;18;16;55;4259313N;07036903W;9.6
28;15;6;18;17;11;4259318N;07036909W;0.8
28;15;6;18;17;11;4259318N;07036909W;0.8
28;15;6;18;17;11;4259318N;07036909W;0.8
28;15;6;18;17;26;4259338N;07036924W;1.5
28;15;6;18;17;41;4259314N;07036898W;0.7
28;15;6;18;17;56;4259324N;07036905W;1.1
28;15;6;18;18;12;4259324N;07036908W;0.6
28;15;6;18;18;12;4259324N;07036908W;0.6
28;15;6;18;18;27;4259322N;07036907W;0.0
28;15;6;18;18;42;4259323N;07036910W;0.1
28;15;6;18;18;57;4259320N;07036913W;0.2
28;15;6;18;19;12;4259318N;07036911W;0.6
