29;9;6;18;23;44;4259342N;07036925W;1.2
29;10;6;18;0;0;4259342N;07036927W;0.6
29;10;6;18;0;15;4259349N;07036932W;0.6
29;10;6;18;0;30;4259347N;07036933W;0.7
29;10;6;18;0;45;4259348N;07036934W;0.1
29;10;6;18;1;0;4259327N;07036916W;0.5
29;10;6;18;1;16;4259322N;07036927W;0.1
29;10;6;18;1;31;4259345N;07036917W;0.3
29;10;6;18;1;46;4259346N;07036928W;0.2
29;10;6;18;2;1;4259347N;07036928W;0.1
29;10;6;18;2;17;4259340N;07036925W;0.4
29;10;6;18;2;32;4259344N;07036932W;0.3
29;10;6;18;2;47;4259339N;07036928W;0.5
29;10;6;18;3;2;4259359N;07036945W;0.4
29;10;6;18;3;18;4259371N;07036953W;0.5
29;10;6;18;3;33;4259376N;07036959W;0.4
29;10;6;18;3;48;4259371N;07036951W;0.6
29;10;6;18;4;3;4259376N;07036918W;0.4
29;10;6;18;4;18;4259395N;07036855W;0.2
29;10;6;18;4;18;4259395N;07036855W;0.2
29;10;6;18;4;34;4259345N;07036922W;0.1
29;10;6;18;4;49;4259371N;07036893W;0.1
29;10;6;18;5;4;4259373N;07036898W;1.5
29;10;6;18;5;19;4259374N;07036917W;0.8
29;10;6;18;5;35;4259336N;07036923W;0.3
29;10;6;18;5;50;4259338N;07036927W;0.6
29;10;6;18;6;5;4259335N;07036924W;0.8
29;10;6;18;6;20;4259335N;07036920W;0.8
29;10;6;18;6;36;4259334N;07036923W;0.4
29;10;6;18;6;51;4259336N;07036925W;0.3
29;10;6;18;7;6;4259337N;07036921W;0.7
29;10;6;18;7;21;4259336N;07036935W;0.3
29;10;6;18;7;36;4259331N;07036920W;0.1
29;10;6;18;7;51;4259329N;07036916W;0.2
29;10;6;18;8;7;4259328N;07036926W;0.2
29;10;6;18;8;22;4259330N;07036914W;0.2
29;10;6;18;8;37;4259338N;07036926W;0.1
29;10;6;18;8;52;4259338N;07036924W;1.3
29;10;6;18;9;8;4259332N;07036924W;2.8
29;10;6;18;9;23;4259328N;07036922W;2.2
29;10;6;18;9;38;4259336N;07036924W;0.3
29;10;6;18;9;38;4259336N;07036924W;0.3
29;10;6;18;9;38;4259336N;07036924W;0.3
29;10;6;18;9;53;4259329N;07036934W;0.7
29;10;6;18;10;8;4259335N;07036959W;1.3
29;10;6;18;10;23;4259336N;07036929W;0.4
29;10;6;18;10;38;4259337N;07036928W;0.2
29;10;6;18;10;53;4259185N;07036852W;20.
29;10;6;18;11;9;4259091N;07036734W;0.5
29;10;6;18;11;24;4259346N;07036935W;0.4
29;10;6;18;11;39;4259338N;07036914W;0.7
29;10;6;18;11;54;4259353N;07036927W;0.2
29;10;6;18;12;9;4259353N;07036930W;0.1
29;10;6;18;12;24;4259343N;07036927W;0.1
29;10;6;18;12;39;4259344N;07036928W;1.0
29;10;6;18;12;55;4259328N;07036915W;0.4
29;10;6;18;13;10;4259332N;07036903W;0.2
29;10;6;18;13;25;4259335N;07036900W;0.7
29;10;6;18;13;40;4259309N;07036914W;0.9
29;10;6;18;13;55;4259301N;07036907W;0.3
29;10;6;18;14;10;4259320N;07036904W;0.4
29;10;6;18;14;26;4259335N;07036908W;0.3
29;10;6;18;14;41;4259335N;07036906W;0.2
29;10;6;18;14;56;4259310N;07036854W;0.4
29;10;6;18;15;11;4259329N;07036884W;0.2
29;10;6;18;15;27;4259301N;07036858W;0.3
29;10;6;18;15;42;4259308N;07036860W;1.1
29;10;6;18;15;57;4259357N;07036886W;0.2
29;10;6;18;16;13;4259323N;07036901W;0.5
29;10;6;18;16;28;4259319N;07036910W;0.4
29;10;6;18;16;43;4259326N;07036930W;0.3
29;10;6;18;16;59;4259323N;07036922W;0.5
29;10;6;18;17;14;4259337N;07036917W;0.4
29;10;6;18;17;29;4259332N;07036913W;0.1
29;10;6;18;17;44;4259341N;07036934W;0.6
29;10;6;18;18;0;4259354N;07036959W;0.3
29;10;6;18;18;15;4259356N;07036954W;1.0
29;10;6;18;18;30;4259351N;07036891W;0.4
29;10;6;18;18;45;4259374N;07036962W;0.3
29;10;6;18;19;1;4259373N;07036965W;0.5
29;10;6;18;19;16;4259307N;07036955W;0.3
29;10;6;18;19;31;4259378N;07036932W;0.3
29;10;6;18;19;46;4259410N;07036934W;0.1
29;10;6;18;20;2;4259340N;07036927W;0.5
29;10;6;18;20;17;4259338N;07036925W;0.6
29;10;6;18;20;32;4259340N;07036928W;0.2
29;10;6;18;20;47;4259338N;07036934W;0.3
29;10;6;18;21;3;4259303N;07037007W;0.3
29;10;6;18;21;18;4259336N;07036926W;0.1
29;10;6;18;21;33;4259330N;07036916W;0.6
29;10;6;18;21;48;4259334N;07036914W;0.4
29;10;6;18;22;3;4259331N;07036931W;0.3
29;10;6;18;22;18;4259350N;07036918W;0.2
29;10;6;18;22;34;4259332N;07036929W;0.3
29;10;6;18;22;49;4259334N;07036930W;0.4
29;10;6;18;23;4;4259334N;07036926W;0.6
29;10;6;18;23;19;4259328N;07036919W;0.3
29;10;6;18;23;34;4259327N;07036920W;0.0
29;10;6;18;23;49;4259321N;07036921W;0.8
29;11;6;18;0;4;4259327N;07036922W;0.4
29;11;6;18;0;20;4259354N;07036939W;0.1
29;11;6;18;0;35;4259362N;07036942W;0.3
29;11;6;18;0;50;4259365N;07036891W;0.1
29;11;6;18;1;6;4259337N;07036924W;0.2
29;11;6;18;1;6;4259337N;07036924W;0.2
29;11;6;18;1;21;4259328N;07036932W;0.3
29;11;6;18;1;36;4259330N;07036922W;0.8
29;11;6;18;1;51;4259333N;07036924W;0.4
29;11;6;18;2;6;4259333N;07036922W;3.1
29;11;6;18;2;22;4259335N;07036923W;0.2
29;11;6;18;2;37;4259335N;07036923W;0.3
29;11;6;18;2;52;4259329N;07036919W;0.0
29;11;6;18;3;7;4259339N;07036927W;0.7
29;11;6;18;3;23;4259339N;07036927W;0.3
29;11;6;18;3;38;4259336N;07036924W;1.8
29;11;6;18;3;53;4259334N;07036919W;0.2
29;11;6;18;4;9;4259386N;07036809W;0.1
29;11;6;18;4;24;4259358N;07036914W;0.9
29;11;6;18;4;39;4259346N;07036926W;0.9
29;11;6;18;4;54;4259334N;07036933W;0.2
29;11;6;18;5;9;4259338N;07036936W;0.4
29;11;6;18;5;24;4259327N;07036922W;0.5
29;11;6;18;5;40;4259336N;07036922W;0.0
29;11;6;18;5;55;4259336N;07036924W;0.5
29;11;6;18;6;10;4259334N;07036922W;0.5
29;11;6;18;6;25;4259335N;07036926W;0.0
29;11;6;18;6;41;4259335N;07036922W;0.3
29;11;6;18;6;56;4259333N;07036923W;0.3
29;11;6;18;7;11;4259324N;07036924W;0.4
29;11;6;18;7;26;4259327N;07036923W;0.5
29;11;6;18;7;41;4259326N;07036919W;0.5
29;11;6;18;7;56;4259323N;07036913W;0.9
29;11;6;18;8;11;4259311N;07036898W;0.5
29;11;6;18;8;11;4259311N;07036898W;0.5
29;11;6;18;8;11;4259311N;07036898W;0.5
29;11;6;18;8;27;4259318N;07036913W;0.4
29;11;6;18;8;42;4259287N;07036889W;1.5
29;11;6;18;8;57;4259294N;07036919W;0.1
29;11;6;18;9;12;4259324N;07036943W;0.3
29;11;6;18;9;28;4259296N;07036923W;0.3
29;11;6;18;9;43;4259286N;07036943W;0.2
29;11;6;18;9;58;4259345N;07036917W;0.7
29;11;6;18;10;13;4259333N;07036920W;0.6
29;11;6;18;10;28;4259338N;07036916W;0.3
29;11;6;18;10;44;4259328N;07036913W;0.1
29;11;6;18;10;59;4259333N;07036914W;0.7
29;11;6;18;11;14;4259320N;07036909W;0.5
29;11;6;18;11;29;4259322N;07036909W;0.4
29;11;6;18;11;44;4259323N;07036904W;0.7
29;11;6;18;11;59;4259332N;07036919W;0.3
29;11;6;18;12;15;4259335N;07036916W;0.1
29;11;6;18;12;30;4259334N;07036920W;0.4
29;11;6;18;12;45;4259336N;07036928W;0.3
29;11;6;18;13;1;4259341N;07036926W;0.2
29;11;6;18;13;16;4259348N;07036913W;0.4
29;11;6;18;13;31;4259354N;07036912W;0.2
29;11;6;18;13;47;4259341N;07036923W;0.6
29;11;6;18;14;2;4259386N;07036920W;0.0
29;11;6;18;14;17;4259380N;07036935W;0.8
29;11;6;18;14;32;4259339N;07036921W;2.3
29;11;6;18;14;47;4259335N;07036922W;0.0
29;11;6;18;15;3;4259331N;07036918W;0.2
29;11;6;18;15;18;4259330N;07036917W;0.1
29;11;6;18;15;33;4259328N;07036915W;0.7
29;11;6;18;15;48;4259326N;07036915W;0.5
29;11;6;18;16;4;4259318N;07036915W;0.2
29;11;6;18;16;19;4259366N;07036918W;1.2
29;11;6;18;16;34;4259372N;07036921W;0.1
29;11;6;18;16;49;4259355N;07036918W;0.7
29;11;6;18;17;5;4259341N;07036923W;0.8
29;11;6;18;17;20;4259315N;07037005W;0.2
29;11;6;18;17;35;4259349N;07036929W;0.3
29;11;6;18;17;50;4259337N;07036924W;0.7
29;11;6;18;18;6;4259332N;07036935W;1.6
29;11;6;18;18;21;4259335N;07036917W;0.5
29;11;6;18;18;36;4259389N;07036920W;0.8
29;11;6;18;18;51;4259357N;07036930W;0.4
29;11;6;18;19;7;4259348N;07036936W;0.6
29;11;6;18;19;22;4259343N;07036935W;0.2
29;11;6;18;19;37;4259384N;07036912W;0.2
29;11;6;18;19;52;4259333N;07036921W;0.1
29;11;6;18;20;8;4259340N;07036922W;0.1
29;11;6;18;20;23;4259339N;07036923W;0.3
29;11;6;18;20;38;4259297N;07037005W;0.2
29;11;6;18;20;54;4259332N;07036919W;0.4
29;11;6;18;21;9;4259335N;07036919W;0.5
29;11;6;18;21;24;4259342N;07036926W;2.0
29;11;6;18;21;39;4259340N;07036928W;1.0
29;11;6;18;21;54;4259339N;07036927W;0.7
29;11;6;18;22;10;4259343N;07036926W;0.4
29;11;6;18;22;25;4259337N;07036935W;0.3
29;11;6;18;22;40;4259333N;07036930W;0.2
29;11;6;18;22;55;4259331N;07036928W;0.8
29;11;6;18;23;10;4259336N;07036922W;1.0
29;11;6;18;23;25;4259337N;07036928W;0.4
29;11;6;18;23;41;4259335N;07036925W;0.0
29;11;6;18;23;56;4259335N;07036924W;2.0
29;12;6;18;0;11;4259340N;07036928W;0.2
29;12;6;18;0;26;4259336N;07036924W;0.7
29;12;6;18;0;41;4259345N;07036935W;0.3
29;12;6;18;0;57;4259342N;07036928W;0.6
29;12;6;18;1;12;4259343N;07036928W;0.5
29;12;6;18;1;27;4259325N;07036931W;0.7
29;12;6;18;1;43;4259306N;07036924W;0.2
29;12;6;18;1;58;4259304N;07036920W;1.0
29;12;6;18;2;13;4259302N;07036916W;0.7
29;12;6;18;2;28;4259338N;07036918W;0.2
29;12;6;18;2;43;4259256N;07036875W;0.2
29;12;6;18;2;58;4259311N;07036903W;0.0
29;12;6;18;3;14;4259337N;07036923W;0.2
29;12;6;18;3;29;4259339N;07036930W;0.2
29;12;6;18;3;44;4259339N;07036923W;0.7
29;12;6;18;3;59;4259340N;07036925W;1.8
29;12;6;18;4;14;4259348N;07036931W;4.0
29;12;6;18;4;30;4259343N;07036928W;0.8
29;12;6;18;4;45;4259341N;07036932W;1.1
29;12;6;18;5;0;4259344N;07036933W;0.4
29;12;6;18;5;15;4259345N;07036934W;0.1
29;12;6;18;5;31;4259337N;07036924W;0.4
29;12;6;18;5;46;4259343N;07036952W;1.6
29;12;6;18;6;1;4259343N;07036935W;0.4
29;12;6;18;6;16;4259335N;07036922W;0.3
29;12;6;18;6;31;4259335N;07036919W;1.1
29;12;6;18;6;46;4259336N;07036925W;0.3
29;12;6;18;7;1;4259334N;07036931W;0.3
29;12;6;18;7;16;4259310N;07036948W;0.6
29;12;6;18;7;32;4259308N;07036937W;0.0
29;12;6;18;7;47;4259308N;07036922W;1.1
29;12;6;18;8;2;4259307N;07036921W;0.4
29;12;6;18;8;17;4259302N;07036914W;0.3
29;12;6;18;8;32;4259278N;07036913W;0.0
29;12;6;18;8;47;4259317N;07036922W;0.8
29;12;6;18;9;3;4259306N;07036924W;0.2
29;12;6;18;9;18;4259326N;07036931W;0.7
29;12;6;18;9;33;4259318N;07036938W;0.1
29;12;6;18;9;48;4259323N;07036933W;0.0
29;12;6;18;10;3;4259317N;07036933W;0.8
29;12;6;18;10;18;4259325N;07036932W;0.8
29;12;6;18;10;34;4259314N;07036926W;0.3
29;12;6;18;10;49;4259324N;07036924W;0.1
29;12;6;18;11;4;4259073N;07036708W;0.4
29;12;6;18;11;19;4259154N;07036987W;21.
29;12;6;18;11;34;4259354N;07036933W;0.6
29;12;6;18;11;50;4259385N;07036967W;0.3
29;12;6;18;12;5;4259356N;07036947W;0.2
29;12;6;18;12;20;4259334N;07036935W;0.3
29;12;6;18;12;36;4259334N;07036926W;0.3
29;12;6;18;12;51;4259335N;07036926W;0.0
29;12;6;18;13;6;4259332N;07036921W;0.4
29;12;6;18;13;21;4259335N;07036926W;0.7
29;12;6;18;13;36;4259330N;07036921W;0.4
29;12;6;18;13;52;4259335N;07036922W;0.4
29;12;6;18;14;7;4259339N;07036925W;0.6
29;12;6;18;14;7;4259339N;07036925W;0.6
29;12;6;18;14;7;4259339N;07036925W;0.6
29;12;6;18;14;22;4259336N;07036921W;0.5
29;12;6;18;14;37;4259330N;07036920W;0.1
29;12;6;18;14;52;4259329N;07036917W;0.2
29;12;6;18;15;8;4259327N;07036911W;0.3
29;12;6;18;15;23;4259360N;07036937W;0.5
29;12;6;18;15;38;4259339N;07036926W;0.7
29;12;6;18;15;53;4259307N;07037016W;0.8
29;12;6;18;16;8;4259334N;07036892W;0.3
29;12;6;18;16;24;4259487N;07036733W;0.3
29;12;6;18;16;39;4259347N;07036895W;0.2
29;12;6;18;16;54;4259347N;07036893W;0.7
29;12;6;18;17;9;4259338N;07036904W;0.4
29;12;6;18;17;24;4259338N;07036914W;0.5
29;12;6;18;17;40;4259337N;07036921W;0.6
29;12;6;18;17;55;4259313N;07036939W;0.2
29;12;6;18;18;10;4259338N;07036930W;0.7
29;12;6;18;18;25;4259344N;07036936W;0.7
29;12;6;18;18;40;4259356N;07036934W;0.4
29;12;6;18;18;56;4259345N;07036936W;0.1
29;12;6;18;19;11;4259417N;07036897W;0.1
29;12;6;18;19;26;4259386N;07036911W;0.3
29;12;6;18;19;42;4259337N;07036928W;0.2
29;12;6;18;19;57;4259336N;07036924W;0.5
29;12;6;18;20;12;4259361N;07036921W;1.2
29;12;6;18;20;27;4259357N;07036924W;1.5
29;12;6;18;20;43;4259337N;07036932W;0.0
29;12;6;18;20;58;4259341N;07036935W;0.2
29;12;6;18;21;13;4259335N;07036925W;0.2
29;12;6;18;21;29;4259338N;07036922W;0.0
29;12;6;18;21;44;4259337N;07036928W;0.1
29;12;6;18;21;59;4259323N;07036935W;1.2
29;12;6;18;22;15;4259332N;07036931W;0.3
29;12;6;18;22;30;4259332N;07036927W;0.7
29;12;6;18;22;45;4259339N;07036923W;15.
29;12;6;18;23;0;4259337N;07036927W;0.4
29;12;6;18;23;15;4259332N;07036927W;0.5
29;12;6;18;23;31;4259342N;07036928W;0.9
29;12;6;18;23;47;4259336N;07036926W;0.3
29;13;6;18;0;2;4259335N;07036921W;0.2
29;13;6;18;0;17;4259341N;07036925W;0.3
29;13;6;18;0;32;4259335N;07036922W;0.3
29;13;6;18;0;47;4259336N;07036927W;0.6
29;13;6;18;1;2;4259327N;07036923W;1.1
29;13;6;18;1;18;4259337N;07036919W;0.2
29;13;6;18;1;33;4259330N;07036923W;0.5
29;13;6;18;1;48;4259332N;07036927W;0.2
29;13;6;18;2;3;4259323N;07036915W;0.1
29;13;6;18;2;18;4259331N;07036920W;0.6
29;13;6;18;2;33;4259306N;07036900W;0.3
29;13;6;18;2;49;4259309N;07036889W;0.6
29;13;6;18;3;4;4259319N;07036890W;0.2
29;13;6;18;3;19;4259330N;07036925W;0.3
29;13;6;18;3;35;4259343N;07036895W;0.2
29;13;6;18;3;50;4259337N;07036944W;0.2
29;13;6;18;4;5;4259350N;07036916W;0.1
29;13;6;18;4;20;4259356N;07036927W;0.3
29;13;6;18;4;35;4259338N;07036939W;0.5
29;13;6;18;4;51;4259336N;07036940W;0.3
29;13;6;18;5;6;4259335N;07036942W;0.3
29;13;6;18;5;21;4259339N;07036946W;0.9
29;13;6;18;5;36;4259322N;07036924W;0.1
29;13;6;18;5;52;4259342N;07036950W;0.0
29;13;6;18;6;7;4259317N;07036923W;0.6
29;13;6;18;6;22;4259360N;07036921W;0.2
29;13;6;18;6;37;4259328N;07036924W;0.2
29;13;6;18;6;52;4259329N;07036925W;0.8
29;13;6;18;7;7;4259323N;07036934W;0.5
29;13;6;18;7;23;4259327N;07036937W;0.5
29;13;6;18;7;38;4259325N;07036937W;0.7
29;13;6;18;7;53;4259323N;07036928W;0.7
29;13;6;18;8;8;4259302N;07036867W;1.2
29;13;6;18;8;23;4259319N;07036910W;0.2
29;13;6;18;8;38;4259283N;07036912W;0.6
29;13;6;18;8;54;4259344N;07036941W;0.6
29;13;6;18;9;9;4259342N;07036921W;3.7
29;13;6;18;9;24;4259340N;07036918W;0.6
29;13;6;18;9;39;4259339N;07036919W;0.1
29;13;6;18;9;54;4259340N;07036924W;0.9
29;13;6;18;10;10;4259334N;07036926W;0.1
29;13;6;18;10;25;4259332N;07036925W;0.2
29;13;6;18;10;40;4259325N;07036924W;0.2
29;13;6;18;10;55;4259332N;07036925W;0.3
29;13;6;18;11;10;4259326N;07036915W;0.3
29;13;6;18;11;26;4259329N;07036921W;1.6
29;13;6;18;11;41;4259337N;07036930W;0.4
29;13;6;18;11;56;4259334N;07036926W;0.3
29;13;6;18;12;11;4259323N;07036896W;0.4
29;13;6;18;12;27;4259326N;07036896W;0.1
29;13;6;18;12;42;4259373N;07036844W;0.2
29;13;6;18;12;57;4259349N;07036900W;0.3
29;13;6;18;13;12;4259464N;07037022W;0.3
29;13;6;18;13;28;4259353N;07036902W;0.3
29;13;6;18;13;43;4259338N;07036907W;0.2
29;13;6;18;13;58;4259428N;07036929W;0.3
29;13;6;18;14;13;4259360N;07036922W;0.1
29;13;6;18;14;29;4259329N;07036909W;0.4
29;13;6;18;14;44;4259321N;07036913W;0.0
29;13;6;18;14;59;4259323N;07036914W;0.1
29;13;6;18;15;14;4259303N;07036898W;0.2
29;13;6;18;15;30;4259278N;07037037W;1.1
29;13;6;18;15;45;4259355N;07036824W;0.5
29;13;6;18;16;0;4259303N;07036882W;1.1
29;13;6;18;16;15;4259333N;07036889W;0.1
29;13;6;18;16;31;4259396N;07036834W;0.2
29;13;6;18;16;46;4259341N;07036853W;0.3
29;13;6;18;17;1;4259333N;07036908W;0.5
29;13;6;18;17;16;4259331N;07036915W;0.1
29;13;6;18;17;31;4259328N;07036911W;0.6
29;13;6;18;17;47;4259330N;07036927W;0.5
29;13;6;18;18;2;4259311N;07036928W;0.0
29;13;6;18;18;17;4259256N;07036945W;0.9
29;13;6;18;18;32;4259344N;07036929W;0.1
29;13;6;18;18;47;4259350N;07036925W;0.6
29;13;6;18;19;2;4259359N;07036923W;0.0
29;13;6;18;19;18;4259346N;07036924W;0.5
29;13;6;18;19;33;4259347N;07036919W;0.4
29;13;6;18;19;48;4259346N;07036926W;0.7
29;13;6;18;20;3;4259374N;07036891W;0.2
29;13;6;18;20;18;4259365N;07036919W;0.1
29;13;6;18;20;33;4259397N;07036910W;0.7
29;13;6;18;20;49;4259342N;07036927W;0.2
29;13;6;18;21;4;4259344N;07036927W;0.9
29;13;6;18;21;19;4259347N;07036931W;0.1
29;13;6;18;21;34;4259341N;07036938W;0.2
29;13;6;18;21;49;4259340N;07036948W;0.0
29;13;6;18;22;4;4259299N;07037010W;0.3
29;13;6;18;22;20;4259327N;07036926W;0.3
29;13;6;18;22;35;4259336N;07036924W;1.0
29;13;6;18;22;50;4259346N;07036927W;0.3
29;13;6;18;23;5;4259346N;07036924W;0.9
29;13;6;18;23;20;4259350N;07036923W;0.6
29;13;6;18;23;35;4259354N;07036933W;0.5
29;13;6;18;23;51;4259353N;07036929W;0.4
29;14;6;18;0;6;4259351N;07036919W;0.1
29;14;6;18;0;21;4259363N;07036926W;0.3
29;14;6;18;0;36;4259351N;07036918W;0.3
29;14;6;18;0;52;4259332N;07036927W;0.0
29;14;6;18;1;7;4259298N;07036941W;0.4
29;14;6;18;1;22;4259313N;07036906W;0.7
29;14;6;18;1;37;4259328N;07036927W;0.6
29;14;6;18;1;53;4259332N;07036920W;0.7
29;14;6;18;2;8;4259280N;07036887W;0.3
29;14;6;18;2;23;4259306N;07036901W;0.7
29;14;6;18;2;38;4259304N;07036898W;0.1
29;14;6;18;2;53;4259317N;07036903W;0.5
29;14;6;18;3;9;4259314N;07036928W;13.
29;14;6;18;3;24;4259215N;07036835W;0.4
29;14;6;18;3;39;4259353N;07036929W;0.4
29;14;6;18;3;54;4259351N;07036925W;0.4
29;14;6;18;4;9;4259354N;07036935W;0.1
29;14;6;18;4;25;4259362N;07036921W;0.3
29;14;6;18;4;40;4259341N;07036960W;0.4
29;14;6;18;4;55;4259337N;07036969W;1.0
29;14;6;18;5;10;4259353N;07036958W;0.6
29;14;6;18;5;25;4259323N;07036971W;0.3
29;14;6;18;5;40;4259316N;07036937W;0.2
29;14;6;18;5;56;4259284N;07036924W;0.6
29;14;6;18;6;11;4259344N;07036893W;1.1
29;14;6;18;6;26;4259315N;07036919W;0.6
29;14;6;18;6;41;4259356N;07036876W;0.5
29;14;6;18;6;56;4259337N;07036938W;1.1
29;14;6;18;7;11;4259349N;07036956W;0.6
29;14;6;18;7;27;4259340N;07036948W;0.0
29;14;6;18;7;42;4259347N;07036976W;2.0
29;14;6;18;7;57;4259278N;07036917W;0.4
29;14;6;18;8;13;4259340N;07036930W;0.2
29;14;6;18;8;28;4259341N;07036928W;0.3
29;14;6;18;8;43;4259346N;07036931W;0.4
29;14;6;18;8;58;4259335N;07036928W;2.0
29;14;6;18;9;13;4259343N;07036944W;0.5
29;14;6;18;9;28;4259331N;07036926W;0.3
29;14;6;18;9;43;4259337N;07036928W;1.1
29;14;6;18;9;59;4259336N;07036924W;3.6
29;14;6;18;10;14;4259338N;07036930W;1.0
29;14;6;18;10;29;4259339N;07036925W;0.2
29;14;6;18;10;44;4259341N;07036927W;0.4
29;14;6;18;10;59;4259335N;07036925W;0.2
29;14;6;18;11;15;4259331N;07036918W;0.1
29;14;6;18;11;30;4259345N;07036924W;0.2
29;14;6;18;11;45;4259333N;07036919W;0.5
29;14;6;18;12;0;4259353N;07036951W;0.4
29;14;6;18;12;16;4259320N;07036904W;0.1
29;14;6;18;12;31;4259304N;07036916W;0.5
29;14;6;18;12;47;4259309N;07036913W;0.2
29;14;6;18;13;2;4300362N;07040970W;19.
29;14;6;18;13;17;4258252N;07044536W;14.
29;14;6;18;13;32;4259895N;07046617W;19.
29;14;6;18;13;47;4302886N;07050736W;23.
29;14;6;18;14;2;4304492N;07050681W;19.
29;14;6;18;14;17;4305547N;07051917W;21.
29;14;6;18;14;32;4305255N;07051672W;17.
29;14;6;18;14;48;4304879N;07053317W;26.
29;14;6;18;15;3;4303244N;07049648W;36.
29;14;6;18;15;18;4301621N;07042845W;39.
29;14;6;18;15;34;4259299N;07036895W;0.2
29;14;6;18;15;49;4259313N;07036898W;0.5
29;14;6;18;16;5;4259328N;07036922W;0.3
29;14;6;18;16;20;4259332N;07036929W;0.3
29;14;6;18;16;35;4259331N;07036920W;0.7
29;14;6;18;16;50;4259343N;07036937W;0.8
29;14;6;18;17;5;4259328N;07036917W;0.1
29;14;6;18;17;21;4259094N;07036656W;0.7
29;14;6;18;17;36;4259338N;07036933W;0.3
29;14;6;18;17;51;4259354N;07036956W;0.6
29;14;6;18;18;6;4259330N;07036916W;0.2
29;14;6;18;18;21;4259360N;07036937W;0.3
29;14;6;18;18;37;4259399N;07036930W;0.3
29;14;6;18;18;52;4259377N;07036926W;0.1
29;14;6;18;19;7;4259380N;07036920W;0.2
29;14;6;18;19;22;4259380N;07036919W;0.4
29;14;6;18;19;37;4259387N;07036920W;0.3
29;14;6;18;19;52;4259374N;07036923W;0.6
29;14;6;18;20;8;4259351N;07036919W;0.6
29;14;6;18;20;23;4259346N;07036907W;0.8
29;14;6;18;20;23;4259346N;07036907W;0.8
29;14;6;18;20;38;4259371N;07036908W;0.7
29;14;6;18;20;53;4259381N;07036928W;1.3
29;14;6;18;21;8;4259365N;07036910W;0.2
29;14;6;18;21;24;4259340N;07036937W;0.2
29;14;6;18;21;39;4259337N;07036939W;0.3
29;14;6;18;21;54;4259321N;07036932W;0.0
29;14;6;18;22;9;4259338N;07036922W;1.0
29;14;6;18;22;24;4259340N;07036931W;0.3
29;14;6;18;22;39;4259350N;07036932W;0.6
29;14;6;18;22;55;4259340N;07036930W;0.9
29;14;6;18;23;10;4259354N;07036929W;0.1
29;14;6;18;23;25;4259273N;07036872W;0.0
29;14;6;18;23;40;4259340N;07036924W;0.3
29;14;6;18;23;56;4259308N;07036892W;0.9
29;15;6;18;0;11;4259322N;07036900W;0.1
29;15;6;18;0;26;4259337N;07036918W;0.1
29;15;6;18;0;42;4259339N;07036924W;0.3
29;15;6;18;0;57;4259339N;07036922W;0.2
29;15;6;18;1;12;4259332N;07036925W;0.1
29;15;6;18;1;27;4259344N;07036938W;1.1
29;15;6;18;1;42;4259348N;07036931W;0.0
29;15;6;18;1;42;4259348N;07036931W;0.0
29;15;6;18;1;42;4259348N;07036931W;0.0
29;15;6;18;1;58;4259377N;07036931W;0.8
29;15;6;18;2;13;4259372N;07036936W;0.5
29;15;6;18;2;28;4259345N;07036926W;0.3
29;15;6;18;2;43;4259339N;07036921W;0.3
29;15;6;18;2;59;4259323N;07036910W;0.9
29;15;6;18;3;14;4259340N;07036925W;0.3
29;15;6;18;3;30;4259355N;07036948W;2.9
29;15;6;18;3;45;4259336N;07036926W;1.3
29;15;6;18;4;0;4259332N;07036919W;1.2
29;15;6;18;4;15;4259331N;07036927W;0.3
29;15;6;18;4;30;4259341N;07036921W;0.8
29;15;6;18;4;46;4259328N;07036912W;0.0
29;15;6;18;4;46;4259328N;07036912W;0.0
29;15;6;18;5;1;4259348N;07036931W;1.6
29;15;6;18;5;16;4259344N;07036930W;0.4
29;15;6;18;5;32;4259357N;07036923W;0.3
29;15;6;18;5;47;4259356N;07036925W;0.2
29;15;6;18;6;2;4259341N;07036923W;0.8
29;15;6;18;6;17;4259342N;07036925W;0.2
29;15;6;18;6;32;4259297N;07036925W;0.1
29;15;6;18;6;48;4259337N;07036918W;0.2
29;15;6;18;7;3;4259295N;07036910W;0.6
29;15;6;18;7;18;4259335N;07036935W;0.2
29;15;6;18;7;33;4259335N;07036936W;0.4
29;15;6;18;7;48;4259314N;07036953W;0.2
29;15;6;18;8;4;4259338N;07036949W;0.4
29;15;6;18;8;19;4259323N;07036939W;0.1
29;15;6;18;8;34;4259308N;07036946W;0.6
29;15;6;18;8;49;4259308N;07036954W;1.0
29;15;6;18;9;4;4259336N;07036933W;0.2
29;15;6;18;9;19;4259321N;07036932W;1.0
29;15;6;18;9;35;4259329N;07036917W;0.4
29;15;6;18;9;50;4259336N;07036908W;1.4
29;15;6;18;10;5;4259335N;07036915W;0.1
29;15;6;18;10;20;4259332N;07036921W;0.1
29;15;6;18;10;35;4259321N;07036918W;0.1
29;15;6;18;10;50;4259350N;07036922W;0.1
29;15;6;18;11;6;4259329N;07036914W;0.6
29;15;6;18;11;21;4259323N;07036915W;0.4
29;15;6;18;11;36;4259330N;07036926W;0.1
29;15;6;18;11;51;4259344N;07036940W;0.0
29;15;6;18;12;6;4259327N;07036936W;0.6
29;15;6;18;12;22;4259320N;07036926W;0.2
29;15;6;18;12;37;4259332N;07036926W;0.0
29;15;6;18;12;52;4259330N;07036916W;0.3
29;15;6;18;13;7;4259340N;07036923W;0.3
29;15;6;18;13;23;4259329N;07036917W;0.1
29;15;6;18;13;38;4259306N;07036885W;0.3
29;15;6;18;13;38;4259306N;07036885W;0.3
29;15;6;18;13;38;4259306N;07036885W;0.3
29;15;6;18;13;38;4259306N;07036885W;0.3
29;15;6;18;13;38;4259306N;07036885W;0.3
29;15;6;18;13;38;4259306N;07036885W;0.3
29;15;6;18;13;53;4259357N;07036898W;0.5
29;15;6;18;13;53;4259357N;07036898W;0.5
29;15;6;18;14;8;4259346N;07036925W;0.5
29;15;6;18;14;23;4259343N;07036926W;0.5
29;15;6;18;14;38;4259359N;07036935W;0.4
29;15;6;18;14;54;4259397N;07036957W;0.8
29;15;6;18;15;9;4259344N;07036924W;0.4
29;15;6;18;15;24;4259298N;07036897W;0.1
29;15;6;18;15;39;4259320N;07036905W;0.3
29;15;6;18;15;55;4259334N;07036890W;0.1
29;15;6;18;16;10;4259331N;07036906W;0.0
29;15;6;18;16;25;4259376N;07037009W;0.2
29;15;6;18;16;40;4259293N;07036931W;0.1
29;15;6;18;16;55;4259248N;07036876W;0.2
29;15;6;18;17;11;4259335N;07036896W;0.6
29;15;6;18;17;26;4259301N;07036900W;0.7
29;15;6;18;17;41;4259289N;07036881W;0.1
29;15;6;18;17;56;4259296N;07036879W;0.1
29;15;6;18;18;12;4259336N;07036920W;0.7
29;15;6;18;18;27;4259364N;07036932W;0.0
29;15;6;18;18;42;4259325N;07036941W;0.4
29;15;6;18;18;58;4259307N;07036945W;0.1
29;15;6;18;19;13;4259339N;07036913W;0.1
29;15;6;18;19;28;4259344N;07036905W;0.1
29;15;6;18;19;43;4259335N;07036918W;0.2
