26;25;5;18;13;56;4259064N;07036803W;40.
26;25;5;18;14;11;4256163N;07026544W;29.
26;25;5;18;14;26;4252565N;07017962W;20.
26;25;5;18;14;41;4251459N;07015774W;14.
26;25;5;18;14;56;4251189N;07015302W;6.7
26;25;5;18;15;11;4251047N;07014748W;20.
26;25;5;18;15;26;4248391N;07009928W;21.
26;25;5;18;15;26;4248391N;07009928W;21.
26;25;5;18;15;26;4248391N;07009928W;21.
26;25;5;18;15;26;4248391N;07009928W;21.
26;25;5;18;15;26;4248391N;07009928W;21.
26;25;5;18;15;26;4248391N;07009928W;21.
26;25;5;18;15;26;4248391N;07009928W;21.
26;25;5;18;15;42;4246938N;07002717W;17.
26;25;5;18;15;57;4245448N;07001415W;20.
26;25;5;18;15;57;4245448N;07001415W;20.
26;25;5;18;16;12;4242435N;06958755W;0.2
26;25;5;18;16;27;4241853N;06958564W;0.2
26;25;5;18;16;42;4239961N;06957419W;5.9
26;25;5;18;16;58;4240311N;06958454W;1.6
26;25;5;18;17;13;4240121N;06958417W;8.2
26;25;5;18;17;28;4237085N;06959646W;0.4
26;25;5;18;17;43;4236991N;06959519W;1.2
26;25;5;18;17;58;4236893N;06959430W;1.9
26;25;5;18;18;13;4236740N;06959345W;1.4
26;25;5;18;18;28;4236584N;06959300W;3.9
26;25;5;18;18;43;4236515N;06959251W;1.0
26;25;5;18;18;58;4237315N;06959561W;0.3
26;25;5;18;19;13;4237676N;06959458W;0.5
26;25;5;18;19;28;4237594N;06957022W;34.
26;25;5;18;19;43;4237255N;06955260W;15.
26;25;5;18;19;58;4236445N;06955139W;0.3
26;25;5;18;20;13;4235757N;06955105W;15.
26;25;5;18;20;28;4235152N;06955370W;17.
26;25;5;18;20;44;4233572N;06959816W;3.9
26;25;5;18;20;59;4234141N;07003009W;21.
26;25;5;18;21;14;4236646N;07010300W;18.
26;25;5;18;21;29;4238940N;07015433W;22.
26;25;5;18;21;44;4243081N;07021138W;27.
26;25;5;18;21;59;4247793N;07026096W;22.
26;25;5;18;22;14;4251303N;07030489W;25.
26;25;5;18;22;30;4256915N;07035478W;26.
26;25;5;18;22;45;4259329N;07036972W;0.9
26;25;5;18;23;0;4259363N;07036897W;2.3
26;25;5;18;23;15;4259320N;07036970W;0.2
26;25;5;18;23;30;4259338N;07036839W;0.1
26;25;5;18;23;45;4259349N;07036945W;31.
26;26;5;18;0;1;4259327N;07036892W;0.1
26;26;5;18;0;16;4259330N;07036896W;0.5
26;26;5;18;0;31;4259332N;07036914W;0.3
26;26;5;18;0;46;4259335N;07036938W;0.2
26;26;5;18;1;1;4259345N;07036934W;0.3
26;26;5;18;1;17;4259313N;07036948W;0.2
26;26;5;18;1;32;4259312N;07036947W;2.0
26;26;5;18;1;47;4259315N;07036947W;0.4
26;26;5;18;2;3;4259313N;07036952W;0.2
26;26;5;18;2;18;4259308N;07036958W;0.1
26;26;5;18;2;33;4259308N;07036981W;0.3
26;26;5;18;2;49;4259296N;07036941W;0.8
26;26;5;18;3;4;4259296N;07036927W;0.6
26;26;5;18;3;4;4259296N;07036927W;0.6
26;26;5;18;3;19;4259298N;07036921W;1.0
26;26;5;18;3;34;4259302N;07036910W;0.3
26;26;5;18;3;50;4259289N;07036918W;0.3
26;26;5;18;4;5;4259279N;07036846W;0.0
26;26;5;18;4;20;4259275N;07036925W;0.1
26;26;5;18;4;35;4259290N;07036943W;0.1
26;26;5;18;4;51;4259308N;07036922W;0.3
26;26;5;18;5;6;4259312N;07036928W;0.0
26;26;5;18;5;21;4259311N;07036933W;1.2
26;26;5;18;5;36;4259303N;07036952W;0.5
26;26;5;18;5;51;4259307N;07036963W;0.4
26;26;5;18;6;7;4259309N;07036969W;0.8
26;26;5;18;6;22;4259297N;07036966W;0.8
26;26;5;18;6;37;4259303N;07036968W;0.3
26;26;5;18;6;52;4259275N;07036985W;0.1
26;26;5;18;7;8;4259283N;07036946W;0.3
26;26;5;18;7;23;4259246N;07036873W;0.1
26;26;5;18;7;38;4259279N;07036950W;0.4
26;26;5;18;7;53;4259298N;07036949W;0.5
26;26;5;18;7;53;4259298N;07036949W;0.5
26;26;5;18;8;9;4259293N;07036978W;0.5
26;26;5;18;8;24;4259298N;07037014W;0.5
26;26;5;18;8;39;4259285N;07036980W;0.1
26;26;5;18;8;54;4259288N;07036980W;0.1
26;26;5;18;9;9;4259286N;07036972W;0.9
26;26;5;18;9;24;4259292N;07036969W;0.2
26;26;5;18;9;40;4259282N;07036968W;0.7
26;26;5;18;9;55;4259300N;07036969W;0.2
26;26;5;18;10;10;4259320N;07036913W;0.0
26;26;5;18;10;25;4259318N;07036912W;1.1
26;26;5;18;10;40;4259321N;07036938W;0.1
26;26;5;18;10;56;4258078N;07031215W;37.
26;26;5;18;11;11;4255930N;07019097W;38.
26;26;5;18;11;26;4254621N;07010820W;0.4
26;26;5;18;11;41;4254660N;07010755W;0.4
26;26;5;18;11;56;4254241N;07010634W;0.7
26;26;5;18;12;11;4254252N;07010489W;0.5
26;26;5;18;12;26;4254168N;07010378W;0.5
26;26;5;18;12;41;4254152N;07010236W;0.8
26;26;5;18;12;57;4254271N;07010366W;1.6
26;26;5;18;13;12;4255724N;07017712W;25.
26;26;5;18;13;27;4257289N;07025837W;25.
26;26;5;18;13;42;4258655N;07034000W;28.
26;26;5;18;13;58;4259369N;07036969W;1.1
26;26;5;18;14;13;4259308N;07036943W;0.2
26;26;5;18;14;28;4259308N;07036941W;0.1
26;26;5;18;14;43;4259308N;07036943W;0.2
26;26;5;18;14;58;4259312N;07036959W;0.5
26;26;5;18;15;14;4259312N;07036944W;0.2
26;26;5;18;15;29;4259308N;07036944W;0.5
26;26;5;18;15;44;4259311N;07036942W;0.9
26;26;5;18;15;59;4259298N;07036935W;0.1
26;26;5;18;16;14;4259316N;07036945W;0.4
26;26;5;18;16;29;4259315N;07036951W;0.4
26;26;5;18;16;44;4259300N;07036961W;0.6
26;26;5;18;16;59;4259316N;07036947W;0.1
26;26;5;18;17;14;4259318N;07036947W;0.7
26;26;5;18;17;30;4259311N;07036928W;0.3
26;26;5;18;17;45;4259377N;07036893W;0.4
26;26;5;18;18;0;4259357N;07036916W;0.2
26;26;5;18;18;15;4259340N;07036933W;0.6
26;26;5;18;18;30;4259333N;07036935W;0.4
26;26;5;18;18;45;4259317N;07036929W;0.4
26;26;5;18;19;1;4259296N;07036916W;1.3
26;26;5;18;19;16;4259333N;07036954W;0.1
26;26;5;18;19;31;4259249N;07036844W;0.2
26;26;5;18;19;46;4259340N;07036962W;0.2
26;26;5;18;20;1;4259348N;07036969W;0.1
26;26;5;18;20;17;4259348N;07036970W;0.3
26;26;5;18;20;32;4259386N;07036949W;0.1
26;26;5;18;20;47;4259389N;07036952W;0.5
26;26;5;18;21;2;4259349N;07036982W;0.4
