27;25;5;18;15;11;4259381N;07036982W;0.2
27;25;5;18;15;26;4259359N;07036950W;0.5
27;25;5;18;15;41;4259349N;07036945W;0.2
27;25;5;18;15;57;4259359N;07036953W;0.5
27;25;5;18;16;12;4259345N;07036943W;0.2
27;25;5;18;16;27;4259281N;07036904W;0.1
27;25;5;18;16;42;4259287N;07036981W;0.1
27;25;5;18;16;58;4259323N;07036938W;0.4
27;25;5;18;17;13;4259304N;07037000W;0.2
27;25;5;18;17;28;4259012N;07038933W;18.
27;25;5;18;17;43;4258293N;07045066W;18.
27;25;5;18;17;58;4258346N;07045717W;1.0
27;25;5;18;18;13;4258301N;07046039W;0.9
27;25;5;18;18;28;4258138N;07046159W;0.3
27;25;5;18;18;44;4258137N;07046163W;0.2
27;25;5;18;18;59;4257828N;07046082W;0.5
27;25;5;18;19;14;4258575N;07045900W;1.7
27;25;5;18;19;29;4258508N;07045830W;0.2
27;25;5;18;19;44;4258914N;07045905W;0.9
27;25;5;18;19;59;4258368N;07045709W;0.2
27;25;5;18;20;14;4258362N;07045746W;0.4
27;25;5;18;20;29;4258364N;07045942W;0.4
27;25;5;18;20;44;4258300N;07045894W;0.4
27;25;5;18;20;59;4258355N;07045942W;1.1
27;25;5;18;21;15;4258353N;07045945W;0.2
27;25;5;18;21;30;4258379N;07046020W;0.3
27;25;5;18;21;45;4258269N;07045683W;0.6
27;25;5;18;22;0;4258333N;07045666W;0.1
27;25;5;18;22;15;4258322N;07045658W;0.2
27;25;5;18;22;30;4258329N;07045665W;0.4
27;25;5;18;22;45;4258326N;07045677W;0.1
27;25;5;18;23;0;4258273N;07045740W;0.5
27;25;5;18;23;15;4258222N;07044116W;0.5
27;25;5;18;23;31;4258133N;07044068W;0.7
27;25;5;18;23;46;4258024N;07044023W;0.3
27;26;5;18;0;1;4258018N;07043874W;0.6
27;26;5;18;0;16;4257834N;07041562W;1.1
27;26;5;18;0;31;4257911N;07041097W;32.
27;26;5;18;0;46;4259388N;07036985W;0.4
27;26;5;18;1;1;4259396N;07036990W;0.3
27;26;5;18;1;16;4259391N;07037010W;0.9
27;26;5;18;1;32;4259393N;07036973W;0.7
27;26;5;18;1;47;4259394N;07036945W;0.2
27;26;5;18;2;2;4259310N;07037082W;0.3
27;26;5;18;2;17;4259347N;07037013W;0.5
27;26;5;18;2;32;4259341N;07037026W;0.2
27;26;5;18;2;48;4259348N;07037014W;0.7
27;26;5;18;3;3;4259318N;07036989W;0.1
27;26;5;18;3;18;4259298N;07036981W;0.4
27;26;5;18;3;33;4259266N;07036960W;2.6
27;26;5;18;3;48;4259242N;07036945W;0.5
27;26;5;18;4;3;4259265N;07036976W;0.5
27;26;5;18;4;19;4259289N;07036978W;0.4
27;26;5;18;4;34;4259298N;07036982W;0.6
27;26;5;18;4;49;4259302N;07036983W;0.3
27;26;5;18;5;4;4259312N;07036988W;0.6
27;26;5;18;5;20;4259320N;07036966W;0.4
27;26;5;18;5;35;4259269N;07036960W;0.3
27;26;5;18;5;50;4259391N;07036886W;1.0
27;26;5;18;6;5;4259286N;07037016W;0.1
27;26;5;18;6;5;4259286N;07037016W;0.1
27;26;5;18;6;20;4259285N;07037024W;0.2
27;26;5;18;6;36;4259278N;07037019W;1.9
27;26;5;18;6;36;4259278N;07037019W;1.9
27;26;5;18;6;51;4259306N;07037063W;0.5
27;26;5;18;6;51;4259306N;07037063W;0.5
27;26;5;18;7;6;4259268N;07037004W;0.4
27;26;5;18;7;21;4259276N;07036985W;1.0
27;26;5;18;7;36;4259269N;07036986W;0.1
27;26;5;18;7;36;4259269N;07036986W;0.1
27;26;5;18;7;36;4259269N;07036986W;0.1
27;26;5;18;7;51;4259284N;07037010W;0.3
27;26;5;18;7;51;4259284N;07037010W;0.3
27;26;5;18;7;51;4259284N;07037010W;0.3
27;26;5;18;7;51;4259284N;07037010W;0.3
27;26;5;18;8;6;4259285N;07036988W;0.3
27;26;5;18;8;22;4259362N;07036967W;0.3
27;26;5;18;8;37;4259335N;07036965W;0.1
27;26;5;18;8;52;4259327N;07036971W;0.0
27;26;5;18;9;7;4259344N;07036966W;0.4
27;26;5;18;9;22;4259354N;07036954W;0.6
27;26;5;18;9;38;4259374N;07036956W;0.8
27;26;5;18;9;53;4259374N;07036976W;0.6
27;26;5;18;10;8;4259367N;07036967W;1.1
27;26;5;18;10;23;4259375N;07036958W;0.5
