28;25;5;18;15;18;4259316N;07036893W;0.3
28;25;5;18;15;34;4259309N;07036899W;0.8
28;25;5;18;15;49;4259317N;07036902W;0.3
28;25;5;18;15;49;4259317N;07036902W;0.3
28;25;5;18;15;49;4259317N;07036902W;0.3
28;25;5;18;15;49;4259317N;07036902W;0.3
28;25;5;18;16;4;4259176N;07036823W;1.0
28;25;5;18;16;19;4259294N;07036922W;0.3
28;25;5;18;16;34;4259297N;07036915W;0.0
28;25;5;18;16;50;4259307N;07036912W;0.4
28;25;5;18;17;5;4259298N;07036903W;0.3
28;25;5;18;17;20;4259297N;07036903W;0.2
28;25;5;18;17;35;4259304N;07036904W;0.1
28;25;5;18;17;50;4259308N;07036907W;0.5
28;25;5;18;18;5;4259321N;07036896W;0.4
28;25;5;18;18;21;4259317N;07036885W;0.1
28;25;5;18;18;36;4259321N;07036895W;0.7
28;25;5;18;18;51;4259329N;07036908W;0.5
28;25;5;18;19;6;4259337N;07036924W;0.1
28;25;5;18;19;6;4259337N;07036924W;0.1
28;25;5;18;19;22;4259338N;07036938W;0.2
28;25;5;18;19;37;4259331N;07036929W;1.0
28;25;5;18;19;52;4259336N;07036939W;0.3
28;25;5;18;19;52;4259336N;07036939W;0.3
28;25;5;18;20;7;4259342N;07036933W;0.6
28;25;5;18;20;22;4259319N;07036928W;0.5
28;25;5;18;20;38;4259319N;07036933W;1.0
28;25;5;18;20;38;4259319N;07036933W;1.0
28;25;5;18;20;53;4259352N;07036914W;0.4
28;25;5;18;21;9;4259305N;07036900W;0.2
28;25;5;18;21;24;4259319N;07036915W;0.1
28;25;5;18;21;39;4259327N;07036932W;0.3
28;25;5;18;21;54;4259330N;07036922W;0.1
28;25;5;18;22;9;4259280N;07036885W;0.3
28;25;5;18;22;25;4259293N;07036887W;0.2
28;25;5;18;22;40;4259309N;07037033W;3.6
28;25;5;18;22;55;4259287N;07036874W;0.6
28;25;5;18;23;10;4259270N;07036909W;0.5
28;25;5;18;23;25;4259272N;07036904W;1.3
28;25;5;18;23;41;4259318N;07036930W;0.4
28;25;5;18;23;56;4259309N;07036989W;0.3
28;26;5;18;0;11;4259302N;07036916W;21.
28;26;5;18;0;26;4259282N;07036888W;0.3
28;26;5;18;0;41;4259293N;07036925W;0.0
28;26;5;18;0;57;4259330N;07036921W;0.4
28;26;5;18;1;12;4259345N;07036929W;0.4
28;26;5;18;1;27;4259336N;07036923W;0.2
28;26;5;18;1;42;4259347N;07036933W;0.0
28;26;5;18;1;57;4259338N;07036921W;0.6
28;26;5;18;2;13;4259322N;07036913W;0.1
28;26;5;18;2;28;4259322N;07036913W;0.3
28;26;5;18;2;43;4259332N;07036902W;0.4
28;26;5;18;2;58;4259309N;07036921W;0.1
28;26;5;18;3;13;4259323N;07036908W;0.2
28;26;5;18;3;13;4259323N;07036908W;0.2
28;26;5;18;3;13;4259323N;07036908W;0.2
28;26;5;18;3;13;4259323N;07036908W;0.2
28;26;5;18;3;13;4259323N;07036908W;0.2
28;26;5;18;3;28;4259320N;07036913W;0.3
28;26;5;18;3;43;4259315N;07036906W;0.4
28;26;5;18;3;43;4259315N;07036906W;0.4
28;26;5;18;3;58;4259310N;07036907W;0.3
28;26;5;18;4;13;4259302N;07036898W;0.2
28;26;5;18;4;13;4259302N;07036898W;0.2
28;26;5;18;4;13;4259302N;07036898W;0.2
28;26;5;18;4;28;4259307N;07036897W;0.5
28;26;5;18;4;43;4259323N;07036892W;0.3
28;26;5;18;4;58;4259315N;07036912W;0.3
28;26;5;18;5;14;4259317N;07036906W;0.1
28;26;5;18;5;29;4259321N;07036901W;1.2
28;26;5;18;5;29;4259321N;07036901W;1.2
28;26;5;18;5;45;4259331N;07036906W;0.7
28;26;5;18;6;0;4259333N;07036930W;0.3
28;26;5;18;6;15;4259335N;07036927W;0.4
28;26;5;18;6;30;4259348N;07036950W;0.7
28;26;5;18;6;30;4259348N;07036950W;0.7
28;26;5;18;6;46;4259328N;07036980W;0.9
28;26;5;18;7;1;4259306N;07036919W;0.4
28;26;5;18;7;16;4259309N;07036932W;0.6
28;26;5;18;7;31;4259302N;07036919W;0.6
28;26;5;18;7;46;4259299N;07036916W;0.0
28;26;5;18;7;46;4259299N;07036916W;0.0
28;26;5;18;7;46;4259299N;07036916W;0.0
28;26;5;18;8;1;4259303N;07036918W;0.2
28;26;5;18;8;16;4259302N;07036913W;0.2
28;26;5;18;8;31;4259293N;07036904W;0.0
28;26;5;18;8;47;4259272N;07036887W;0.1
28;26;5;18;9;2;4259276N;07036888W;0.3
28;26;5;18;9;17;4259289N;07036907W;6.4
28;26;5;18;9;32;4259296N;07036875W;29.
28;26;5;18;9;47;4259316N;07036922W;0.7
28;26;5;18;10;3;4259294N;07036914W;0.5
28;26;5;18;10;18;4259288N;07036899W;0.3
28;26;5;18;10;33;4259327N;07036920W;0.8
28;26;5;18;10;33;4259327N;07036920W;0.8
28;26;5;18;10;33;4259327N;07036920W;0.8
28;26;5;18;10;48;4259323N;07036935W;0.3
28;26;5;18;10;48;4259323N;07036935W;0.3
28;26;5;18;11;3;4259351N;07036903W;0.4
28;26;5;18;11;19;4259332N;07036908W;0.4
28;26;5;18;11;34;4259318N;07036900W;0.9
28;26;5;18;11;49;4259309N;07036896W;0.2
28;26;5;18;12;4;4259298N;07036891W;1.6
28;26;5;18;12;4;4259298N;07036891W;1.6
28;26;5;18;12;4;4259298N;07036891W;1.6
28;26;5;18;12;20;4259308N;07036908W;0.1
28;26;5;18;12;35;4259289N;07036895W;0.1
28;26;5;18;12;50;4259306N;07036914W;0.1
28;26;5;18;13;5;4259305N;07036916W;0.5
28;26;5;18;13;21;4259292N;07036928W;0.4
28;26;5;18;13;36;4259363N;07036876W;0.3
28;26;5;18;13;51;4259362N;07036924W;0.1
28;26;5;18;14;6;4259310N;07036880W;0.5
28;26;5;18;14;22;4259292N;07036886W;0.4
28;26;5;18;14;37;4259326N;07036893W;0.3
28;26;5;18;14;52;4259327N;07036894W;0.4
28;26;5;18;15;7;4259311N;07036966W;0.5
28;26;5;18;15;22;4259320N;07036968W;0.1
28;26;5;18;15;37;4259327N;07036869W;21.
28;26;5;18;15;52;4259304N;07036892W;0.5
28;26;5;18;16;8;4259315N;07036887W;0.5
28;26;5;18;16;23;4259293N;07036973W;0.0
28;26;5;18;16;38;4259281N;07036997W;0.4
28;26;5;18;16;53;4259275N;07036984W;0.1
28;26;5;18;16;53;4259275N;07036984W;0.1
28;26;5;18;17;8;4259308N;07036997W;0.5
28;26;5;18;17;24;4259305N;07036980W;0.0
28;26;5;18;17;39;4259316N;07036978W;0.2
28;26;5;18;17;39;4259316N;07036978W;0.2
28;26;5;18;17;54;4259297N;07036966W;0.1
28;26;5;18;18;9;4259295N;07036962W;0.3
28;26;5;18;18;25;4259334N;07036912W;0.1
28;26;5;18;18;40;4259350N;07036906W;0.0
28;26;5;18;18;55;4259321N;07036911W;0.1
28;26;5;18;19;11;4259318N;07036910W;0.1
28;26;5;18;19;26;4258324N;07035181W;0.5
28;26;5;18;19;41;4259108N;07036563W;27.
28;26;5;18;19;56;4259287N;07036890W;0.1
28;26;5;18;20;11;4259306N;07036893W;0.2
28;26;5;18;20;27;4259393N;07036925W;0.2
28;26;5;18;20;42;4259296N;07036871W;0.1
28;26;5;18;20;58;4259355N;07036966W;0.2
