25;25;5;18;15;11;4259351N;07036969W;0.2
25;25;5;18;15;26;4259319N;07036927W;0.9
25;25;5;18;15;42;4259407N;07037045W;1.5
25;25;5;18;15;57;4259429N;07037060W;0.3
25;25;5;18;16;12;4259631N;07037296W;1.6
25;25;5;18;16;28;4259484N;07036890W;0.3
25;25;5;18;16;43;4259381N;07036943W;0.4
25;25;5;18;16;58;4259349N;07036950W;0.9
25;25;5;18;17;14;4259631N;07036995W;0.9
25;25;5;18;17;29;4259293N;07036956W;0.2
25;25;5;18;17;44;4259354N;07036956W;0.6
25;25;5;18;17;59;4259402N;07037025W;0.7
25;25;5;18;18;14;4259391N;07037008W;0.2
25;25;5;18;18;30;4259371N;07036987W;0.8
25;25;5;18;18;45;4259370N;07036984W;1.1
25;25;5;18;19;0;4259365N;07036978W;0.2
25;25;5;18;19;15;4259363N;07036975W;0.5
25;25;5;18;19;30;4259356N;07036973W;0.1
25;25;5;18;19;45;4259339N;07036964W;0.7
25;25;5;18;20;1;4259340N;07036960W;0.7
25;25;5;18;20;16;4259289N;07036987W;0.8
25;25;5;18;20;31;4259304N;07036982W;0.0
25;25;5;18;20;46;4259427N;07036843W;0.4
25;25;5;18;21;1;4259350N;07036987W;0.2
25;25;5;18;21;16;4259272N;07036979W;0.4
25;25;5;18;21;32;4259295N;07036928W;0.4
25;25;5;18;21;47;4259287N;07036942W;0.0
25;25;5;18;22;2;4259344N;07036941W;0.5
25;25;5;18;22;17;4259352N;07036955W;6.5
25;25;5;18;22;32;4259368N;07036966W;0.1
25;25;5;18;22;48;4259332N;07036980W;0.8
25;25;5;18;23;3;4259382N;07036942W;0.6
25;25;5;18;23;18;4259372N;07036915W;1.2
25;25;5;18;23;33;4259330N;07036930W;0.2
25;25;5;18;23;48;4259529N;07037284W;18.
25;26;5;18;0;3;4259288N;07036966W;0.2
25;26;5;18;0;19;4259289N;07036967W;0.5
25;26;5;18;0;34;4259352N;07036949W;0.2
25;26;5;18;0;49;4259343N;07036950W;0.4
25;26;5;18;1;4;4259365N;07036970W;0.3
25;26;5;18;1;19;4259342N;07036967W;0.0
25;26;5;18;1;34;4259387N;07036994W;0.2
25;26;5;18;1;50;4259341N;07036966W;0.2
25;26;5;18;2;5;4259333N;07036977W;0.1
25;26;5;18;2;20;4259261N;07036993W;0.4
25;26;5;18;2;35;4259314N;07036974W;0.7
25;26;5;18;2;50;4259315N;07036958W;0.3
25;26;5;18;3;6;4259333N;07036951W;0.1
25;26;5;18;3;21;4259294N;07036941W;0.0
25;26;5;18;3;36;4259284N;07036927W;0.2
25;26;5;18;3;51;4259315N;07036953W;0.3
25;26;5;18;4;6;4259313N;07036950W;0.5
25;26;5;18;4;21;4259333N;07036954W;0.6
25;26;5;18;4;37;4259316N;07036945W;0.5
25;26;5;18;4;52;4259344N;07036969W;0.3
25;26;5;18;5;7;4259276N;07036964W;0.2
25;26;5;18;5;22;4259343N;07036980W;0.6
25;26;5;18;5;37;4259356N;07036966W;0.6
25;26;5;18;5;53;4259363N;07036984W;0.4
25;26;5;18;6;8;4259353N;07036998W;0.2
25;26;5;18;6;23;4259352N;07037009W;0.1
25;26;5;18;6;38;4259359N;07037011W;0.1
25;26;5;18;6;53;4259366N;07037024W;0.6
25;26;5;18;7;8;4259320N;07037038W;0.1
25;26;5;18;7;24;4259333N;07036992W;0.3
25;26;5;18;7;39;4259328N;07036989W;0.5
25;26;5;18;7;54;4259321N;07036992W;0.5
25;26;5;18;8;9;4259306N;07037002W;0.0
25;26;5;18;8;24;4259328N;07036994W;0.1
25;26;5;18;8;40;4259400N;07037059W;0.7
25;26;5;18;8;55;4259361N;07037029W;0.5
25;26;5;18;9;10;4259124N;07036765W;31.
25;26;5;18;9;25;4255278N;07030132W;23.
25;26;5;18;9;40;4254282N;07026729W;0.5
25;26;5;18;9;55;4254267N;07026869W;1.3
25;26;5;18;10;10;4253943N;07027148W;1.0
25;26;5;18;10;25;4253879N;07026471W;13.
25;26;5;18;10;40;4253621N;07026366W;1.1
25;26;5;18;10;56;4253107N;07025872W;0.7
25;26;5;18;11;11;4252856N;07026429W;1.1
25;26;5;18;11;26;4252823N;07026604W;1.7
25;26;5;18;11;41;4252167N;07027491W;0.8
25;26;5;18;11;56;4252054N;07027528W;1.3
25;26;5;18;12;11;4251958N;07027601W;1.4
25;26;5;18;12;26;4251832N;07027728W;1.0
25;26;5;18;12;41;4252059N;07029831W;0.9
25;26;5;18;12;56;4251884N;07029887W;0.3
25;26;5;18;13;11;4251965N;07031064W;0.6
25;26;5;18;13;26;4251928N;07031026W;0.3
25;26;5;18;13;41;4251858N;07030951W;1.1
25;26;5;18;13;57;4256664N;07035463W;25.
25;26;5;18;14;12;4259385N;07036991W;0.2
25;26;5;18;14;27;4259349N;07036942W;0.3
25;26;5;18;14;42;4259320N;07036957W;0.1
25;26;5;18;14;57;4259330N;07036947W;1.0
25;26;5;18;15;12;4259321N;07036940W;0.5
25;26;5;18;15;28;4259333N;07036943W;0.2
25;26;5;18;15;43;4259369N;07036999W;0.1
25;26;5;18;15;58;4259364N;07036935W;0.0
25;26;5;18;16;13;4259349N;07036985W;0.5
25;26;5;18;16;29;4259512N;07037233W;0.1
25;26;5;18;16;45;4259353N;07036956W;0.1
25;26;5;18;17;0;4259346N;07036962W;0.5
25;26;5;18;17;15;4259351N;07036952W;0.4
25;26;5;18;17;30;4259350N;07036954W;0.1
25;26;5;18;17;45;4259344N;07036952W;0.4
25;26;5;18;18;0;4259343N;07036940W;2.0
25;26;5;18;18;15;4259352N;07036951W;0.8
25;26;5;18;18;30;4259348N;07036954W;0.4
25;26;5;18;18;46;4259343N;07036942W;0.4
25;26;5;18;19;1;4259387N;07036989W;1.0
25;26;5;18;19;16;4259370N;07036984W;0.6
25;26;5;18;19;31;4259373N;07036978W;0.3
25;26;5;18;19;46;4259394N;07036989W;3.9
25;26;5;18;20;2;4259338N;07037039W;0.6
25;26;5;18;20;17;4259313N;07037023W;0.4
25;26;5;18;20;33;4259314N;07036997W;0.4
25;26;5;18;20;48;4259301N;07037006W;0.4
25;26;5;18;20;48;4259301N;07037006W;0.4
25;26;5;18;21;3;4259373N;07036927W;0.1
