29;25;5;18;15;20;4259331N;07036915W;0.3
29;25;5;18;15;35;4259331N;07036912W;0.5
29;25;5;18;15;50;4259331N;07036922W;0.4
29;25;5;18;16;5;4259334N;07036922W;0.6
29;25;5;18;16;20;4259337N;07036931W;0.1
29;25;5;18;16;36;4259337N;07036900W;0.1
29;25;5;18;16;51;4259335N;07036951W;0.8
29;25;5;18;17;6;4259337N;07036917W;0.6
29;25;5;18;17;21;4259341N;07036906W;0.2
29;25;5;18;17;36;4259348N;07036918W;0.3
29;25;5;18;17;52;4259341N;07036919W;0.5
29;25;5;18;18;7;4259345N;07036923W;0.4
29;25;5;18;18;22;4259343N;07036929W;0.3
29;25;5;18;18;37;4259333N;07036919W;0.4
29;25;5;18;18;52;4259334N;07036925W;0.1
29;25;5;18;19;8;4259322N;07036912W;0.8
29;25;5;18;19;23;4259315N;07036900W;0.3
29;25;5;18;19;38;4259324N;07036914W;0.5
29;25;5;18;19;38;4259324N;07036914W;0.5
29;25;5;18;19;53;4259349N;07036939W;0.6
29;25;5;18;20;9;4259375N;07036933W;0.4
29;25;5;18;20;24;4259365N;07036929W;0.2
29;25;5;18;20;39;4259364N;07036934W;0.1
29;25;5;18;20;54;4259359N;07036937W;0.1
29;25;5;18;21;9;4259365N;07037012W;0.4
29;25;5;18;21;24;4300639N;07039458W;19.
29;25;5;18;21;40;4303059N;07044142W;18.
29;25;5;18;21;40;4303059N;07044142W;18.
29;25;5;18;21;55;4303216N;07049985W;12.
29;25;5;18;22;10;4306127N;07052354W;20.
29;25;5;18;22;10;4306127N;07052354W;20.
29;25;5;18;22;25;4310571N;07055342W;19.
29;25;5;18;22;40;4314763N;07057932W;0.6
29;25;5;18;22;55;4314945N;07058035W;0.0
29;25;5;18;23;10;4315013N;07058011W;1.7
29;25;5;18;23;10;4315013N;07058011W;1.7
29;25;5;18;23;10;4315013N;07058011W;1.7
29;25;5;18;23;25;4314970N;07058006W;0.3
29;25;5;18;23;25;4314970N;07058006W;0.3
29;25;5;18;23;40;4311252N;07056031W;0.2
29;25;5;18;23;56;4310882N;07055083W;27.
29;26;5;18;0;11;4306701N;07047433W;30.
29;26;5;18;0;26;4304834N;07044414W;0.2
29;26;5;18;0;26;4304834N;07044414W;0.2
29;26;5;18;0;41;4304816N;07044402W;0.2
29;26;5;18;0;56;4304827N;07044417W;0.1
29;26;5;18;0;56;4304827N;07044417W;0.1
29;26;5;18;0;56;4304827N;07044417W;0.1
29;26;5;18;1;11;4304816N;07044436W;0.1
29;26;5;18;1;26;4304811N;07044430W;0.1
29;26;5;18;1;26;4304811N;07044430W;0.1
29;26;5;18;1;41;4304808N;07044431W;0.4
29;26;5;18;1;41;4304808N;07044431W;0.4
29;26;5;18;1;56;4304807N;07044430W;0.1
29;26;5;18;2;11;4304782N;07044427W;0.2
29;26;5;18;2;27;4304805N;07044412W;0.4
29;26;5;18;2;42;4304777N;07044432W;0.3
29;26;5;18;2;42;4304777N;07044432W;0.3
29;26;5;18;2;57;4304786N;07044450W;0.2
29;26;5;18;3;12;4304754N;07044424W;0.2
29;26;5;18;3;27;4304775N;07044398W;0.1
29;26;5;18;3;42;4304756N;07044423W;0.5
29;26;5;18;3;57;4304757N;07044410W;0.1
29;26;5;18;3;57;4304757N;07044410W;0.1
29;26;5;18;3;57;4304757N;07044410W;0.1
29;26;5;18;3;57;4304757N;07044410W;0.1
29;26;5;18;4;12;4304760N;07044411W;0.3
29;26;5;18;4;27;4304766N;07044409W;0.2
29;26;5;18;4;43;4304779N;07044428W;0.4
29;26;5;18;4;58;4304784N;07044429W;0.3
29;26;5;18;4;58;4304784N;07044429W;0.3
29;26;5;18;5;13;4304789N;07044415W;0.1
29;26;5;18;5;13;4304789N;07044415W;0.1
29;26;5;18;5;13;4304789N;07044415W;0.1
29;26;5;18;5;28;4304794N;07044406W;0.1
29;26;5;18;5;43;4304806N;07044416W;0.4
29;26;5;18;5;58;4304762N;07044428W;0.3
29;26;5;18;6;13;4304735N;07044418W;0.3
29;26;5;18;6;28;4304731N;07044407W;0.0
29;26;5;18;6;44;4304791N;07044447W;1.7
29;26;5;18;6;59;4304753N;07044432W;0.1
29;26;5;18;7;14;4304755N;07044435W;0.3
29;26;5;18;7;29;4304757N;07044427W;0.2
29;26;5;18;7;44;4304776N;07044432W;1.6
29;26;5;18;7;59;4304753N;07044423W;0.4
29;26;5;18;8;14;4304759N;07044421W;1.1
29;26;5;18;8;29;4304748N;07044434W;0.1
29;26;5;18;8;44;4304760N;07044443W;0.0
29;26;5;18;9;0;4304752N;07044451W;0.0
29;26;5;18;9;15;4304748N;07044465W;0.4
29;26;5;18;9;30;4304721N;07044484W;0.2
29;26;5;18;9;45;4305914N;07047208W;18.
29;26;5;18;10;0;4306988N;07048915W;20.
29;26;5;18;10;15;4307615N;07050550W;0.2
29;26;5;18;10;30;4312157N;07054052W;22.
29;26;5;18;10;45;4314803N;07057848W;0.2
29;26;5;18;11;0;4314794N;07057825W;0.2
29;26;5;18;11;15;4314864N;07058055W;24.
29;26;5;18;11;30;4314735N;07057823W;0.4
29;26;5;18;11;46;4314735N;07057825W;1.9
29;26;5;18;12;1;4314960N;07058039W;18.
29;26;5;18;12;16;4314728N;07057821W;0.2
29;26;5;18;12;31;4314757N;07057860W;0.2
29;26;5;18;12;46;4314715N;07057815W;0.2
29;26;5;18;13;1;4314723N;07057821W;0.1
29;26;5;18;13;16;4314719N;07057828W;0.3
29;26;5;18;13;31;4314043N;07057337W;24.
29;26;5;18;13;46;4311205N;07055911W;0.3
29;26;5;18;14;1;4311206N;07055895W;0.1
29;26;5;18;14;17;4309765N;07052140W;13.
29;26;5;18;14;32;4305482N;07045186W;7.6
29;26;5;18;14;47;4300536N;07038534W;34.
29;26;5;18;15;2;4259333N;07036886W;0.5
29;26;5;18;15;17;4259320N;07036887W;0.8
29;26;5;18;15;33;4259334N;07036899W;1.2
29;26;5;18;15;48;4259332N;07036904W;0.4
29;26;5;18;16;3;4259323N;07036897W;0.7
29;26;5;18;16;18;4259325N;07036888W;0.4
29;26;5;18;16;34;4259338N;07036913W;0.3
29;26;5;18;16;49;4259343N;07036918W;0.1
29;26;5;18;17;4;4259321N;07036876W;0.1
29;26;5;18;17;19;4259333N;07036887W;0.1
29;26;5;18;17;35;4259328N;07036889W;0.3
29;26;5;18;17;50;4259370N;07036899W;0.1
29;26;5;18;18;5;4259334N;07036926W;0.2
29;26;5;18;18;20;4259335N;07036932W;0.9
29;26;5;18;18;36;4259330N;07036923W;0.5
29;26;5;18;18;51;4259317N;07036909W;0.6
29;26;5;18;19;6;4259293N;07036902W;0.1
29;26;5;18;19;6;4259293N;07036902W;0.1
29;26;5;18;19;6;4259293N;07036902W;0.1
29;26;5;18;19;21;4259334N;07036920W;0.2
29;26;5;18;19;37;4259646N;07036986W;0.7
29;26;5;18;19;52;4259407N;07036947W;0.3
29;26;5;18;20;7;4259371N;07036953W;0.3
29;26;5;18;20;23;4259381N;07036957W;0.3
29;26;5;18;20;38;4259391N;07036917W;0.2
29;26;5;18;20;53;4259376N;07036927W;0.0
29;26;5;18;21;8;4259357N;07036926W;0.2
